0.0	0.06375878894755332	0.07201808047533845	0.11140003830823561	0.14264873298379144	0.14916060748912122	0.090531517796867	0.14854302246632367	0.14771140170116157	0.08719585809684982	0.1404298146974227	0.05416663530857349	0.09054616883313599	0.06698948068709201	0.028053012509871852	0.07552416950917401	0.07690645316568849	0.07197991216823145	0.04493484659983106	0.11146423915536602	0.03885049508647668	0.11867323430350517	0.14747611304074748	0.09234679794180478	0.09928016455055899	0.06494956236432604	0.09276895860662494	0.05922573207009212	0.02465754262747507	0.12511612881021583	0.17314488965146863	0.07736748609550483	0.07390423400924304	0.12903225715264893	0.09892728625521029	0.05133015486576355	0.06718981281004896	0.06939941557880096	0.08315805413622275	0.03173960900183664	0.03859262843003465	0.0672253910983303	0.14488277118386644	0.17087201319572998	0.13946313082595996	0.07481519892765062	0.12656496836878792	0.0988601121162375	0.10274361131258603	0.04796932157514687	0.1021231974716583	0.050035659872863174	0.03986675561241939	0.08699445350901355	0.07953938374751666	0.06532302436114716	0.05772723103690342	0.14044015621963774	0.08403501326617636	0.07756575325647956	0.06832098670685105	0.04797090780023416	0.11443922061041079	0.09651167750964583	0.12525849912407067	0.14617997885132228	0.11194521878004655	0.06635462415376617	0.1093846644551095	0.14285281700705507	0.13805336957963402	0.09190124428600098	0.14033531937400992	0.04580810648369237	0.06578861697789916	0.027720111265476195	0.10563010399864764	0.07096341903355517	0.10757356631182474	0.13718436737480413	0.075848028753317	0.13495708114776697	0.1398161275051876	0.05129883120802285	0.13248437629307222	0.05005703480022587	0.1001049814050071	0.01064545899831824	0.0731008009949882	0.14998449557392796	0.11234659870640007	0.10690725923153392	0.015584552870705617	0.0872023968049768	0.07507707445394743	0.1545970584160627	0.07185352118649434	0.056844070917896325	0.10661541316024037	0.042162051219121574	0.12590860236044477	0.059610081150408806	0.04884098253148059	0.12303877810274133	0.1524859972103316	0.1038064748721088	0.10753121280854164	0.07210250962223669	0.12144142290519348	0.07225398859337522	0.0793194383328858	0.08364062727229722	0.07601028472154639	0.0752793905016886	0.10067457389318873	0.0977972652864757	0.10757521221982348	0.1644882496780231	0.11457631555126585	0.009135487146014424	0.05426936700836163	0.11564456691713668	0.07156273853518287	0.0941885599354182	0.0700975531291195	0.022540859365786155	0.008054410064040608	0.0750435471529506	0.08286015360773427	0.07433928138751578	0.03846073854508577	0.0881457976490436	0.059058061944303936	0.0942813951043443	0.060712751238232346	0.07096570930070804	0.050704724478512105	0.08279782699893078	0.10880942837209887	0.17465341359797595	0.11166351961422258	0.06884467673352414	0.11812601577677231	0.12173378849633534	0.15819906308128914	0.10776787838139132	0.11962144200894868	0.019396083689694935	0.05994581553991779	0.10525191888557565	0.18481796544491969	0.017614193307935472	0.11356761945778171	0.09310652850627138	0.1544097640526012	0.12209651086647483	0.08763503728983431	0.07731046056660554	0.06490151399642899	0.16801858722837937	0.09078401597842	0.050514786396105175	0.09314454088186733	0.11457550530453486	0.05453174183922417	0.12156783282730478	0.11686707266747515
0.06375878894755332	0.0	0.16117150442039993	0.15685178059549618	0.14754534356554333	0.10158735550746141	0.11278823275716983	0.14337441768358059	0.049827968764750485	0.08729399501985388	0.10348517933829461	0.08736683013985	0.06892060696548143	0.045070283002830364	0.06323919888987939	0.045821789149135685	0.13879695049288462	0.12897202091071427	0.06653222293785448	0.08804684547455643	0.10048687048282985	0.0703490249666921	0.11327464607885628	0.025056971449707734	0.0958704172760037	0.05728800628621029	0.028009322608739905	0.07421438462764361	0.08311794609534603	0.06944654220184365	0.211552390164324	0.08831024169335762	0.08731669436051061	0.09139699737766895	0.12473724745242605	0.0794926620078017	0.06165599914253048	0.07119308777374787	0.04044626037647634	0.03343837845893362	0.09020855366545762	0.01899931260625156	0.07519045508498182	0.08684904977478293	0.09181026234383755	0.059159626675776705	0.1337647128887367	0.14020669557761292	0.11482688907826392	0.10155521797736662	0.13697034763573254	0.049307782869684215	0.12072133982994541	0.08065949280164714	0.07335940039434295	0.062296686753830245	0.03231710700484729	0.08611349395217985	0.12256688039680302	0.10762713109569855	0.10250123852745756	0.10071390012001832	0.1533569008401605	0.14351296933134908	0.11305368572322741	0.12437089036196808	0.07372654777578339	0.04791731410363136	0.05278182002995373	0.09297118540499427	0.0757102705107336	0.06577214779771391	0.0488550263624261	0.062288439460027205	0.044714609739976756	0.13576179568816615	0.1386619977624185	0.1712979243982996	0.08160173792113387	0.09859183101608833	0.0938167223690273	0.15542706139968646	0.05827919197721789	0.06137419224066023	0.09555177130898108	0.10250437962467239	0.12082169550645235	0.08468879963416898	0.0763547886640211	0.09535459302969793	0.1236578587358528	0.1502216343962226	0.15737204156301565	0.11946990652627346	0.140325555222088	0.13288383256270897	0.13829722470109315	0.06616279169776408	0.04128732790521347	0.12494864084002945	0.05080416883087321	0.0734793796243386	0.1252396472154087	0.045404427843478555	0.11400573020962602	0.1279480017942472	0.06940523156028408	0.11377998538308164	0.1692208682886896	0.12418824743177352	0.08136171420578031	0.055971862355314074	0.021483539694800498	0.07798665432503757	0.1080024059309334	0.15670929357197436	0.1437329782482571	0.09384641405479204	0.10610657574327216	0.13793738906136743	0.07871172825740282	0.11115285122400169	0.11098300994877694	0.062051481267866755	0.13731204873430575	0.09107924757673108	0.11317082212388867	0.08910201989871452	0.10318253852428061	0.08875369665213496	0.12840795599315982	0.13908483062113583	0.06121101082618918	0.1532665194597879	0.1987593750151278	0.05252545795713685	0.11803649266045514	0.13993781491079046	0.1429049534073165	0.1191975183383891	0.075534462211965	0.09272731158318216	0.049677862894435376	0.05629335844520112	0.10449251857134632	0.028723535000222813	0.061189176589982554	0.0608939326932409	0.040316676457082486	0.07912217785110263	0.10589451023114073	0.034120219964936124	0.11999243435793448	0.10623616347897179	0.10359905885167248	0.10373120883852431	0.09642518823750593	0.051193289854939476	0.08525909187514696	0.08426382202242325	0.042604872635662816	0.16394931041930513	0.10638152951851627	0.1755540199039619	0.10623612544564182	0.11953228156420266	0.013363536791150196
0.07201808047533845	0.16117150442039993	0.0	0.11572437838948206	0.08922188154935685	0.12886618407856681	0.05591732336534917	0.08394695869888227	0.12960607811918587	0.09497348258244677	0.08572185691814005	0.10753036677733349	0.1603967988339858	0.14203072177075982	0.06302338994403242	0.11447957676661195	0.11136855593228714	0.1338528986928734	0.09459017847939506	0.08461388071662192	0.120512761140287	0.10000006356809706	0.13030774350148888	0.12120696906385797	0.10641107434304618	0.03654686910044964	0.06419755741539586	0.09087994233441844	0.08382345425368325	0.12029574549245901	0.20711130522537075	0.14438005116713085	0.0686764040836933	0.0674619564301946	0.12338369167585328	0.02522918917377388	0.07652481211306224	0.13743492060937645	0.08855022802706167	0.11302372658641742	0.0742954025234689	0.11505953056130018	0.1554937542316125	0.11159303620774605	0.19282625333135406	0.04046598623241809	0.20363442049925604	0.09087693004701965	0.12432857410512416	0.04205784421365203	0.13227860389308657	0.10191170335467227	0.038265816012574054	0.07508749029746214	0.19480490224144803	0.03665554445154675	0.13243302535899815	0.0983583466306509	0.07446658371115444	0.06665479143817582	0.025836647281382484	0.08079329718138628	0.11998994936286275	0.11908264179537471	0.11245435269989251	0.10793485767253795	0.033003407687503546	0.02962584048143697	0.07043355635080785	0.14074715014380199	0.20360770141952525	0.096768467174184	0.18815917791949846	0.06358223881678811	0.07186055717061551	0.10480932788491966	0.03175750663844453	0.08730124991717024	0.13420981741768365	0.10720134939532489	0.06678855185080651	0.13057394539258002	0.1182137007342937	0.044368535244341444	0.12271082493266973	0.05734699086364386	0.16570831251288787	0.12302937383837514	0.08587776281391521	0.19405564436926326	0.06769876464852494	0.11215072025208495	0.06237125491618367	0.09867898240876483	0.1128169325731108	0.09319536035633763	0.11238118529009627	0.11535583908154073	0.09764925509467175	0.024810015103936364	0.06486129964175942	0.0394439910136781	0.03890366705811381	0.07536663525801356	0.1848065004987249	0.09451652970295639	0.06171755788419554	0.17829045570542218	0.21862186000553632	0.05700777846815489	0.08286661729168276	0.19101496472775542	0.09842336041913902	0.14572904422064833	0.051304625983931984	0.07473317458737602	0.17019514601596228	0.05708293698841028	0.16966795051579858	0.03520376913149952	0.09645724103137113	0.09502808279658898	0.1174687521245167	0.11347484268760401	0.09739078928457053	0.059944243469862483	0.029727968380989726	0.04816185029262081	0.08598249410995921	0.06874285142722927	0.10652305485114455	0.0791672089368731	0.05133316812722183	0.045805758580990945	0.05004734799953065	0.04084712577345529	0.129533303439592	0.077157218591964	0.1145625600305629	0.13746326517471535	0.017195860616571357	0.032165758393924514	0.06898575339799588	0.10205685641530739	0.17082625486536596	0.0976855618151059	0.18375398441139063	0.06284845525198572	0.0886515856500455	0.09360868506403329	0.1543988717442348	0.09465434308734633	0.14821604506454744	0.06834266715081182	0.11738092647593389	0.07657531947351391	0.1744907011754147	0.0711567590609968	0.07748881724115081	0.08660253060387914	0.023505759817921638	0.019690414302837276	0.10537013711393885	0.17068102214076608	0.11363801924952875	0.17055390961264202	0.10643768263637156
0.11140003830823561	0.15685178059549618	0.11572437838948206	0.0	0.05333757693257566	0.08705038201098377	0.1464172332173565	0.12939281111768594	0.02247924543605378	0.17847048873353777	0.08705094214254158	0.14449992268131548	0.12145298831236419	0.13145485788920974	0.19922236172574825	0.050424760258528926	0.1779794797772127	0.1659111139450449	0.17209313823477848	0.0729234807891722	0.141077698483068	0.1285871342324821	0.17300235845950448	0.10964955582618367	0.025156531330969994	0.12345583418418941	0.23105627725366928	0.08769588368166785	0.058681354501217545	0.08566130754729255	0.1011358236071885	0.1555533311336805	0.18167084053565136	0.13739136979962738	0.10754099657359247	0.15208585422435536	0.1401817059863463	0.060370165139274436	0.09673568881985503	0.12749570315832714	0.15672940486111142	0.19842770447546662	0.12278874228383044	0.15895418749808202	0.09332614128095901	0.18016087876379092	0.16007387600580184	0.17560719108798353	0.15249374929798512	0.16347077517980446	0.08036684398915213	0.18173977057789276	0.15175981968024926	0.11706487390929758	0.059801137128647514	0.19967647055657414	0.11023593542119046	0.16089381881044537	0.12804809877293435	0.20812471773157032	0.22764547379367883	0.09903565946571746	0.12703381258228486	0.13026545332258552	0.17554524735430882	0.1429048475111364	0.07929187491277054	0.21388303057425392	0.15426663913939473	0.07306764922540845	0.05395482732741672	0.08162145003587117	0.06241763759954646	0.1750394934184655	0.06156636019084549	0.07664397831786085	0.1500953963217064	0.03680245242373733	0.08490625731600471	0.11310954647004792	0.17419798746368412	0.09774250900349167	0.07984504109612153	0.1018617216618759	0.09012804070333533	0.1744447377918337	0.07149426832816826	0.11691708450646475	0.16617045832016145	0.06444426619573095	0.10105993127157495	0.19872556873735958	0.20794417721209218	0.05742319539444861	0.10233617395387334	0.10189079495760997	0.06792039290363874	0.11560802190234395	0.10688165408868977	0.11256270891257021	0.2308216685693101	0.07033067805931188	0.049978494529055374	0.14810606719455213	0.07855584927737451	0.09703705344760356	0.16240317362161824	0.12553465534961797	0.047749157312905854	0.15624619884274343	0.16981640025943398	0.05166418974142426	0.06934581276768016	0.13498981059926685	0.10792723814402622	0.11299253059454205	0.11616815518304248	0.15067936621414035	0.05493760742801692	0.17997780146840664	0.12222401025306806	0.18292186240924518	0.10969011695558385	0.09547322160277903	0.03451367901790708	0.19604877110336225	0.1641009111112803	0.20610050891379705	0.17843815936971485	0.21138554060418335	0.07936947400385067	0.17003564069607965	0.1763047438384439	0.19537573637481448	0.23047066870486485	0.07098114912513277	0.10167354498997168	0.21532612396686412	0.1410867111553561	0.1548190682995646	0.1753495084431769	0.21866237672515754	0.14665790908044002	0.07266042343662203	0.03544833476804377	0.11395588820149975	0.10556655046514075	0.17261594259451343	0.16367246994877513	0.14004043472723948	0.16446749964468996	0.1646124428341298	0.12071184870122062	0.05382690550507483	0.0978369403731233	0.057330930614732475	0.10704591492912273	0.07199336514536339	0.17054056262071518	0.13441487289470455	0.12818527280966646	0.11930209100199865	0.08864616114327135	0.06920642788087887	0.05698251241219909	0.2679721124771393	0.13855386090893737
0.14264873298379144	0.14754534356554333	0.08922188154935685	0.05333757693257566	0.0	0.10472358791676337	0.15376453078613572	0.0851635454273574	0.05404234678720843	0.10884571116223782	0.1329758482045547	0.10805544486099011	0.02808009616013316	0.03141616648304618	0.09350916469616614	0.056083855286859684	0.12243876198802768	0.12703455751921772	0.1330657607782911	0.07869803317560244	0.10845461799264874	0.1484563679221923	0.11771277137048987	0.12905266630964798	0.11639063166606217	0.11488610433549754	0.12594471601352086	0.10148135210298445	0.07925916781572415	0.10484475495878118	0.14850560116950506	0.05725537385396933	0.15986631149084637	0.0731142167379199	0.10628731593177464	0.1669975376080542	0.1252186972403807	0.09986325270731737	0.05400572419562272	0.07986848673779426	0.1382916925465726	0.14014388647669404	0.08457259510912307	0.15215998012459403	0.05452056962567391	0.11271242207685675	0.15981505157159837	0.13726257298125444	0.13248807871134752	0.06867926614901564	0.12647992774596958	0.14192606418942055	0.12351721323032751	0.08033109782579673	0.042782053337967835	0.1454067782973862	0.10736284364372535	0.15217162562989422	0.12310954955012661	0.04905263619259284	0.14283865620964326	0.21053936270266985	0.10431710619893564	0.11931950970074495	0.19015652147612455	0.23538730020043797	0.15358076583701077	0.1252411476072814	0.13619478983880856	0.039603730576932006	0.006501152049594746	0.147366732339992	0.017996168629026827	0.13634254826958755	0.20611393658419708	0.06328677260419342	0.11228941699608026	0.03835128027190055	0.06453230737244577	0.11874081226936306	0.17188073166168596	0.1788000167092069	0.10552036727776597	0.11515844445017144	0.14999989858825213	0.16004894752343882	0.08632839557461708	0.11084592695816847	0.18528111815378764	0.045850315933874966	0.07316216718522885	0.13157057437280445	0.090022590981679	0.07185334632890675	0.09812062411558664	0.17379888479121075	0.17835539201854567	0.08304248797938334	0.18115581308517856	0.15689217947591932	0.10803104516117552	0.10342528769298846	0.1277773495395067	0.17677732337110397	0.1444447341062598	0.04492929229784878	0.1360048233522144	0.09368765916413298	0.057688989400369935	0.20423890689063628	0.1666790862001888	0.11515388906210144	0.11701561053759567	0.169687128312252	0.1509214793127197	0.059118102431099884	0.10764138111564713	0.17847765961626666	0.051607209357752114	0.15119491985245134	0.10052209145526131	0.2645238295856011	0.15736110410073184	0.12617500874922072	0.07470341029228668	0.15271056938326552	0.15753977731541094	0.19625634834474545	0.1679835389992234	0.1312554646771524	0.0616892585617336	0.11134846275316958	0.03789363426906023	0.11512222717981482	0.1556508214162647	0.22170581980753148	0.08316825054822795	0.060158934753512715	0.20142484683458484	0.21726707185533692	0.11576754456851054	0.1673304206006259	0.12144908961697355	0.07073270367272712	0.08461791334471458	0.19262030828330023	0.045555156507901484	0.15809785826267078	0.1477576998350351	0.11573037727031855	0.11997116428360806	0.12349547799555942	0.05662081000600098	0.08007082432017593	0.10083356192445014	0.10277496554701948	0.05594679238716976	0.0800267229295582	0.0931462107608749	0.11952869301350813	0.18752109052834395	0.0780356345835906	0.17275789029862892	0.10227253904471123	0.0758759220452156	0.09901796182447405	0.10887645887381556
0.14916060748912122	0.10158735550746141	0.12886618407856681	0.08705038201098377	0.10472358791676337	0.0	0.07126792366936649	0.08775163794488719	0.05330121429511386	0.06809294441329712	0.05859224852752094	0.15122668080412524	0.11589722186471864	0.16175640807560282	0.13648737514894965	0.13776331095955602	0.13389761543835438	0.033453600522320465	0.09170494840688354	0.048304787174498834	0.0896152647522863	0.06715770375342617	0.08045866899425737	0.12683366322839315	0.1163048821033841	0.17878382533296105	0.11404566628680661	0.1056900165142994	0.09668405759979865	0.08159082097813862	0.21222338236907098	0.08109577308542731	0.22464102648353856	0.1188907362521885	0.18263035767967062	0.20113756370510186	0.1718658582935838	0.14950309493588174	0.10599946643063553	0.1413615165600386	0.2165397954416457	0.16242461597444466	0.11916776724440947	0.1188854587808856	0.05510358589773238	0.16118214343350784	0.17719188068748148	0.16808781171096088	0.06834322238104043	0.12051146109325056	0.057972587332624295	0.1812982645231022	0.10787296061218316	0.07489555036239973	0.14210437385653343	0.08764314551116982	0.09770910163535748	0.0824693247972637	0.14335660480698417	0.053856576546820134	0.0950226549816517	0.16951558824365148	0.17059081858434602	0.2172473884756515	0.09844704222737252	0.03409495453600679	0.1856284311709909	0.12515288666734997	0.11195319099087274	0.08045170766224274	0.11934915645441034	0.17641355408128218	0.14964081742192392	0.17647396102620053	0.16193920446836946	0.14691225668434119	0.12165123531690819	0.0930847524704485	0.15245033710847725	0.01853584143557691	0.13015526863525817	0.18984957398935892	0.07526059179769427	0.11242160537246677	0.05293767778946816	0.20598386365277535	0.12411930273627193	0.15648879031488858	0.20229405074088136	0.14944662010712093	0.1670420549415634	0.13817973019483923	0.09149782672069239	0.045045762004904476	0.09133626643789129	0.06511084193984419	0.10841379460083503	0.09610341327707432	0.17560178727755701	0.22414562646402794	0.09934310610601282	0.14272498026737643	0.18047007651662716	0.13257908375596325	0.1645867148257446	0.09609819581478898	0.21701871347170984	0.15577173810978068	0.1269473293082272	0.2692904052405824	0.14395537028389738	0.16665573253483923	0.11034838174656247	0.15694264004868583	0.22044987695183843	0.15382751849174484	0.1075893258036154	0.08870011161258	0.04955972848525322	0.10872752939013379	0.08535200673267572	0.17134885544978487	0.12858419707042612	0.20499192273640335	0.04426781205959614	0.13698647637076194	0.16616259982127646	0.14853810727973907	0.20990026596042585	0.07784327417761448	0.11373247471702284	0.04950708887282941	0.10942388192724134	0.20552712631125877	0.08228443613226379	0.12161366530264803	0.1785904253872292	0.06289009074207516	0.104792189704503	0.05367828497456186	0.17203159223803943	0.15891548429658803	0.17823265877218006	0.11978976048057842	0.09324940274953006	0.13973997445514436	0.1030626618092588	0.21120602856798135	0.20788701842992974	0.14126943414623375	0.14660141994569373	0.12384674371042916	0.07984489406122144	0.08559638543975863	0.05456132273844879	0.11761209564975521	0.0933643039640271	0.13748286955107689	0.1372169094685805	0.09185081535388431	0.19503729730580635	0.0751793011729432	0.11376928020366645	0.09850783316444067	0.11471988568785764	0.14072758254347492	0.13984591648481307
0.090531517796867	0.11278823275716983	0.05591732336534917	0.1464172332173565	0.15376453078613572	0.07126792366936649	0.0	0.02783712822121248	0.06505657193697889	0.15959498325538907	0.08120948114471532	0.06040256220087855	0.1556186509101383	0.1947246804889609	0.07668177992260043	0.037230657992461925	0.08686653015835194	0.10559186924513987	0.07628627728975027	0.06583539306878991	0.05952331088918919	0.10108622884731557	0.11996631987135689	0.04432567299115092	0.05652982260500353	0.04318689695728726	0.15896421597924362	0.056547704504734106	0.07187732937877597	0.04511850729562171	0.06765382947337054	0.10435403453603026	0.04455369423525223	0.03266238604412306	0.07404425430291503	0.05742432589457206	0.09349188370513595	0.08216377904266191	0.12165093768346147	0.1345472582939998	0.04087360097938116	0.09175821353616861	0.16279776407362473	0.14131166142516677	0.10208472150244506	0.08033495129344152	0.15392316763855715	0.03811441383464553	0.05729210118258774	0.14577205345832794	0.05958847640905287	0.05670410820169778	0.019298065753676603	0.060925216503605883	0.18921143896188525	0.1766582408841462	0.09991792787555244	0.12144022626512585	0.09003871081422157	0.11499168629209881	0.10320316161107479	0.08640555763273437	0.14383026032342835	0.07933124300389113	0.16314287006758746	0.06759937975435477	0.02291675520407122	0.15702118586452746	0.06918918151493354	0.041243332841909335	0.11326725738535365	0.06817911587224966	0.11159356941613802	0.05590063668222858	0.07117569837158101	0.10846221951264598	0.08838275644090633	0.16523134741545215	0.060392244940293126	0.09297104419488712	0.02164889834359752	0.028850488780913546	0.0736818932966701	0.05468887141711493	0.08558384852618466	0.10579861309909012	0.10764829604950779	0.12055815568742705	0.08410978300818056	0.04160035572125496	0.0700408765523417	0.05870428328217115	0.14016357650458666	0.07430863374789683	0.060492428740251195	0.12097058583873714	0.061595683722531255	0.06261007361410358	0.07055650815898885	0.02768656225584204	0.15578019730467868	0.10091260637294107	0.09077159718282322	0.12531817818812163	0.10376125596186626	0.0888305427326539	0.036140520388147725	0.07230108628755692	0.09432345294663871	0.14877377640110442	0.14750633075965908	0.06308352042686069	0.07284892009398386	0.08479402084530714	0.046381307280669845	0.1038427443703242	0.09422907338735603	0.13345718613433882	0.12042158631482196	0.059931015752410915	0.09320469425829538	0.07204308626858341	0.05103342619773605	0.04356959941939387	0.09106339122147412	0.07478428577970277	0.05360305475712855	0.15452935908706755	0.10188564996096776	0.20917040785019653	0.11034194518790541	0.06661530953728749	0.1123298543074192	0.04925558490742007	0.14349747572955968	0.04259208248772124	0.03285967007515977	0.08779195579297902	0.14100126714351444	0.10650516987277038	0.10286411182688021	0.1550580597402194	0.09412713835868058	0.15551171335597688	0.061997405142875335	0.0977985414386495	0.0786712890594749	0.04413446961094952	0.11273642338071808	0.07211920155076959	0.04700592450013049	0.12084529530545476	0.03304167999924753	0.05986169830821128	0.038630977622855577	0.07007749163117177	0.08886275461304724	0.02407952891699295	0.0902020866885689	0.12099706648623582	0.03158136717929764	0.14820686705091732	0.09589999132016802	0.07178730202834166	0.03512982009926148	0.15827103427666922	0.016256333637200252
0.14854302246632367	0.14337441768358059	0.08394695869888227	0.12939281111768594	0.0851635454273574	0.08775163794488719	0.02783712822121248	0.0	0.027224871885176062	0.10195359489280759	0.08110491276325106	0.10314840562581967	0.09053961651942066	0.10233472451891205	0.1404313361354166	0.050995516463069726	0.14256035569001202	0.0989420404107105	0.098717637934975	0.09126820050236746	0.08321041831607458	0.07320627584498818	0.12953801444571195	0.12390127477268169	0.07869123376742392	0.10759786944645451	0.07668148994287784	0.09921184504239854	0.08054365702793378	0.07224070208072189	0.16779093673300677	0.12863175431846832	0.1486279216533114	0.09550745830500916	0.07402240947082696	0.16630700795585276	0.1258814077465595	0.043851790378883274	0.022135724306171903	0.09181844093936506	0.12944667128806275	0.18472211831696905	0.07650110283304072	0.08100534603490017	0.08813792888718029	0.10898913789993693	0.1855339208437424	0.12455331822994227	0.08935331189463502	0.16794117121865043	0.07204941533851623	0.18211486785860934	0.05327520724073883	0.11138510497666	0.12040681296188611	0.15430521958844412	0.07731834560031867	0.09923773162277795	0.05851868566294077	0.10026316585106625	0.12481038650235025	0.11010438958478246	0.15838350778614668	0.13325538188207922	0.14423241886958968	0.07294352992577627	0.11704121695569619	0.12448840206170854	0.06031020485133195	0.04569064661608134	0.06334258661621477	0.12450763909313546	0.06369288137951538	0.11746409484488507	0.1353457244415197	0.10172717227249892	0.08531699831126122	0.15177983770644157	0.10853505287167702	0.13700474227060142	0.08840604351867197	0.039126231616732766	0.0891137880897161	0.06446330253844704	0.08560158729530504	0.1801372103213126	0.043863521431216405	0.11346054617856002	0.18024531754978204	0.10959461721371885	0.08699910912944521	0.1184397451850462	0.15941620495695072	0.09713829547665703	0.0993041457697717	0.0953122170600658	0.09994745505571093	0.13035402318513875	0.1331300705463005	0.15486066701442672	0.06856657845654192	0.08599119937243244	0.1074457246436952	0.14729399662284226	0.16898745362810383	0.07596371791420012	0.1388086845900397	0.11073887945146284	0.12225717519568552	0.18350695683232318	0.12448326162699269	0.09125065501915645	0.08280084405263836	0.14786419313335647	0.12210134122402619	0.1213159334349692	0.0714731105023816	0.10890584965186376	0.07594909017753224	0.09966141306606946	0.10163987024024224	0.12090758576305437	0.03585057409885326	0.12782863977169007	0.08686040725847692	0.14503554679575265	0.1613068703611521	0.18588060673692136	0.1959555504349095	0.09038070940582396	0.09039969264978187	0.08919435935867086	0.044801386594299164	0.11405524162392566	0.1700982793127938	0.07985159005068165	0.07766072594641724	0.1257328677531641	0.14235246727529038	0.128083310284851	0.061442187456940765	0.10414685268407861	0.03564110273506488	0.0947507210390712	0.057746686784613185	0.11339823616561577	0.027983797710468997	0.1743767796800672	0.14586889818216178	0.09132034673676576	0.11551477748180908	0.06262600949954396	0.04910200305775895	0.08061350615372125	0.029644372893005328	0.04355124918494186	0.15698721271413946	0.06024202587256107	0.10969925416359425	0.1062797194818328	0.10706253011657123	0.10745157127368266	0.11689283086583806	0.08917953448081041	0.0899725740421817	0.1582990278797208	0.09698573253373947
0.14771140170116157	0.049827968764750485	0.12960607811918587	0.02247924543605378	0.05404234678720843	0.05330121429511386	0.06505657193697889	0.027224871885176062	0.0	0.10510408538627826	0.07523334596176803	0.1281888518970561	0.1554235348929679	0.16942356297304448	0.10555371471661583	0.12469945150481103	0.08602620737325081	0.0625369171152093	0.07714108045712395	0.0737768019626869	0.07995054823610667	0.09536803952262649	0.09694300113074807	0.13496771281907444	0.0794427878221511	0.12709923386688465	0.12883816623864144	0.11754103567038866	0.10956078550031692	0.014587273785204637	0.1687644359976594	0.09472337374148428	0.17424412417684923	0.08910963088841475	0.11968718064448432	0.19316378797390926	0.14020701865891336	0.12131751974576734	0.1187978407196967	0.14826957117155523	0.17457959675864845	0.10936028769224616	0.12328257817555009	0.15208344352931144	0.030727690971966166	0.05625344210818072	0.17481446227189562	0.11243615797174371	0.07505881780147734	0.09847667455857503	0.07497528037904191	0.1628521358379485	0.1055039473529395	0.0845815629269383	0.1289337013772524	0.018093525093279897	0.09044274007394965	0.10338340006601958	0.13114139834375665	0.03337282018173059	0.03725422593163997	0.17237568232639583	0.06901502851617936	0.16693483586901103	0.09480852525170626	0.07703690640513382	0.17872960392861592	0.08986110748584389	0.09104348143724665	0.10927871829337343	0.07077700298972517	0.14221067833884338	0.10170902501452835	0.1688280565063144	0.15856531633243284	0.13719448126599018	0.12315005958903316	0.09426518586486558	0.15697969577792015	0.053798162200991824	0.10673311512665032	0.12987666248099722	0.02516312241270585	0.10978792030426708	0.07314521768720145	0.16650767916911596	0.13564109307235916	0.15852753154568638	0.17629652071220273	0.18751729568527517	0.09900825253397978	0.14088981441111756	0.07141134407251801	0.05367200051780408	0.06355850949759877	0.08251526693408474	0.10580208101713073	0.1187579389406328	0.12026342421995609	0.16550653872480436	0.14051536029958359	0.14495375839277935	0.17913810343521078	0.05009209114801925	0.16836610208619837	0.10770200329881857	0.1424010724480208	0.1273023235624001	0.10798304668175139	0.25829745428726164	0.08213041890012403	0.1398121982167551	0.10273992376500109	0.17866847562528756	0.15829816178591782	0.08971938370789029	0.12160676374991203	0.10756133330228539	0.011375988375968028	0.06034935753292987	0.11709782018989773	0.16787153385999376	0.12138993069537994	0.15565144765396133	0.04343457553657521	0.11329314429966948	0.1470704058199954	0.1467234705041905	0.15556377457171008	0.11807732469030036	0.10823461222436963	0.053954075995566085	0.08850447659845886	0.13368112924312414	0.026673815699283978	0.12407018616618189	0.0990509383411542	0.038866158144663904	0.07917475808702146	0.0755634937753749	0.14895774332839753	0.14644193862519153	0.1548842776303635	0.12754897168349383	0.05190481877804052	0.10803457717591311	0.08194807453382427	0.17537986015247492	0.12888946780758084	0.0948223835725335	0.13061246643755092	0.1286877981181845	0.07427056246821427	0.08914699635448903	0.13281839674126755	0.10695521212029964	0.08661315064068113	0.08976518367880455	0.041932940381877275	0.09549713795228064	0.1967689071821602	0.06713221346670493	0.1560194210917664	0.11667940921232006	0.1323214977489081	0.07148412136580205	0.12333219919699184
0.08719585809684982	0.08729399501985388	0.09497348258244677	0.17847048873353777	0.10884571116223782	0.06809294441329712	0.15959498325538907	0.10195359489280759	0.10510408538627826	0.0	0.09325858306012304	0.1437455061378652	0.1737294409948741	0.18743834065602888	0.09122348268785575	0.19555981591782257	0.13432556894687714	0.1394795167781948	0.12870962144419837	0.15685600974082053	0.056455350289290114	0.06521353019364483	0.05002889811890842	0.11385049158930123	0.12915452820527612	0.22172009083795363	0.20557099812960494	0.1855279626659669	0.2264507055740135	0.05028050727307072	0.22719097724881587	0.0863301882590278	0.20125917381994074	0.13901587624575476	0.05793055654847162	0.24694632248749457	0.10130039307657374	0.20694232634958618	0.14810234244582962	0.11046541231135382	0.23872326499779523	0.07398843479145154	0.18623639173458023	0.05274383320050436	0.09615281318951267	0.12724935166273993	0.15598226074321472	0.12161216399643558	0.11856102471216282	0.0780250927900712	0.12067781763255035	0.0796167276294396	0.22325941506777833	0.10340591309602959	0.16158152119053604	0.07287992539091831	0.11849505125239344	0.10574306548645479	0.1706491845751775	0.04344117964883866	0.1192248019829686	0.09979985391771433	0.17197807534013884	0.11397847481748438	0.042797911429862674	0.08358355622046434	0.23536019890502866	0.0808512109260178	0.15438824692850814	0.11673505580690284	0.18283767360525743	0.14266917506463817	0.22378041054995776	0.20516350915765688	0.11132676255608989	0.1751078560312303	0.12708264855718646	0.21676263832442924	0.21436497264752663	0.04197732383319082	0.2130812417675812	0.16035862394090553	0.06097699818952366	0.035085794104351815	0.07425905577095815	0.25304519173455237	0.15996500006866693	0.11731757464338599	0.14221752330816065	0.24224473092273235	0.13108979075333183	0.20986768026606784	0.11481877470901088	0.15215492786784435	0.11769796532350088	0.08587442549515935	0.08398144240585848	0.07467168938795928	0.15605288879280982	0.26845022858406037	0.200928934330275	0.24135520984494138	0.2804448015615437	0.03656717242878986	0.2279947098171512	0.14279670527651772	0.23818221367688314	0.20097190299299938	0.14184048667720184	0.28939169879478727	0.07569347077734426	0.23788128345286877	0.04667136100624953	0.02797362492444356	0.28267736495120693	0.17756709437633716	0.14254827553826205	0.05323596175681647	0.12413285732953025	0.1337411424661202	0.12090381513056267	0.14047392438098424	0.18593185225168068	0.12543671574579013	0.12637362844600075	0.02864635349513007	0.23000673630467658	0.07408186616069833	0.20067189926385146	0.1575818053556516	0.1629116365178885	0.0798559990887438	0.1465107327704406	0.21300476228760393	0.10110414397302789	0.07272561283259095	0.09771101994186582	0.07959107772070538	0.045935518110159064	0.06643806077100588	0.2091901666309586	0.1827449740382514	0.1874842402406757	0.23129975720544396	0.19109688251248172	0.11762549892165783	0.21842508436251007	0.2696513238568167	0.16604718309284722	0.057253809954257856	0.14194476034864373	0.1385366412722119	0.0841876488687747	0.06837048826823726	0.09727117941518736	0.1774988740405475	0.07676012553272647	0.10455053391379095	0.06890498489857697	0.1390010981142414	0.24456392198916965	0.09355013669554009	0.08946264218999653	0.13781162421907295	0.15640508327306452	0.040370186422145966	0.0898482523094153
0.1404298146974227	0.10348517933829461	0.08572185691814005	0.08705094214254158	0.1329758482045547	0.05859224852752094	0.08120948114471532	0.08110491276325106	0.07523334596176803	0.09325858306012304	0.0	0.12010202679228137	0.07205832188536487	0.06166681289330427	0.11745178215693727	0.054606705455151304	0.11598626287157122	0.11359278025484792	0.10164832296058322	0.033763459459627734	0.09392504384276884	0.03658718249036086	0.18201683321401158	0.09809257040250773	0.0805950487921051	0.1255996848361827	0.15216073434724173	0.12093650105057549	0.10729203435527518	0.08274373198691228	0.11855323097408335	0.03992469064905499	0.12867665180711482	0.1259437313106652	0.12781713087186675	0.14739006640511826	0.14189736456400134	0.04494131858026013	0.07715291513058577	0.047222018228015486	0.07298282756513352	0.1670926501746211	0.12434090925172044	0.04577383376738863	0.08583141708744096	0.12465631246987306	0.07763916426744485	0.08767320511237543	0.04919218979387958	0.18419454607499305	0.043891311970824305	0.07777505477526438	0.10385748858487585	0.06820302154562047	0.13253185382788157	0.15477700719447307	0.10687573012419728	0.17704751326860946	0.0897096269391712	0.11180394439204266	0.15357100784904928	0.03912265930408762	0.14069564465486867	0.07065998598765738	0.14948726778024918	0.07163829909093669	0.14212375011768175	0.10841883830653637	0.11415282878761183	0.08880060742159412	0.07191685377206537	0.13565437259274557	0.08817688023038932	0.080888122552106	0.1555042744872855	0.06574710043752056	0.1230813205646905	0.11115527969710953	0.07550861165512143	0.0920173490489757	0.13118512064171398	0.1257451984523897	0.1155285093910782	0.04903394273630555	0.017188060074313786	0.15395572397461396	0.03496459864593117	0.07627383531788158	0.1540127954648136	0.061492904196172295	0.12956834720747099	0.1319066069250644	0.16527131995440555	0.04792862496962179	0.04247904900937813	0.017459298646426733	0.030710100606507477	0.14410973242875216	0.1718792889155101	0.14823596075841977	0.14711875781130962	0.14227655754531815	0.10183177372141994	0.17290294103666334	0.14097127411062457	0.09416776396718571	0.11306987455933441	0.12954482924402097	0.13492450890660296	0.16095204014805597	0.1852326733384248	0.10894688726885783	0.035855336180066644	0.11762421281925121	0.10059311546997217	0.2017572461558146	0.08938542545388013	0.08105859996973147	0.08761185410889252	0.08581826336550528	0.07265227245714198	0.08633505521539625	0.10298828325434921	0.10809306311076611	0.018706378050833843	0.12749663947073384	0.11120451266386773	0.16229164788010395	0.17145798875852597	0.15483105066477834	0.07415341879828298	0.12320547765219883	0.09734481242133482	0.07814131623989785	0.19285114136628603	0.1119849597311951	0.13970650853115887	0.16502617288367324	0.15757943314578857	0.1127881290070533	0.12959997044996824	0.10841172109763374	0.1418737703353476	0.1932974356302378	0.12511731208063012	0.1552697195849825	0.042514567844022536	0.14495708017742104	0.15438343801083412	0.1470941722202383	0.1061412398300644	0.1346546242234834	0.1030497531281414	0.06884806803855177	0.07997498932610547	0.05716783944708204	0.1522090370115224	0.1464233783973269	0.09210649884253237	0.1625941686308848	0.09824702146637768	0.1580633386374181	0.03193838044864485	0.08522272724242622	0.07803885239413198	0.17789705906035974	0.05213557387528039
0.05416663530857349	0.08736683013985	0.10753036677733349	0.14449992268131548	0.10805544486099011	0.15122668080412524	0.06040256220087855	0.10314840562581967	0.1281888518970561	0.1437455061378652	0.12010202679228137	0.0	0.17467305535915414	0.21471438572532486	0.06473416109909214	0.05002336863236889	0.12365059247884932	0.1406161002894605	0.13632801348819146	0.09794301491632326	0.1252092604777806	0.1339245806592866	0.1835384032444414	0.055505469082455725	0.08076227508892829	0.026534842047267294	0.15038575486325265	0.10992924954491852	0.06051818203927641	0.1463921608402386	0.12327981206037256	0.1300569424958608	0.07994708895434696	0.06636354149198737	0.053793841229682136	0.046246627989745014	0.06250592183583384	0.11197695514527785	0.09441612299080211	0.12494752150523084	0.07015987991398054	0.09759525893459459	0.11192752075445506	0.15855480079960407	0.09790672901097006	0.12274919943447146	0.1612075589304286	0.05749998458193902	0.07495227880132484	0.15534803254879245	0.11625975418385184	0.07672170046657885	0.06778846697119996	0.07414130631251764	0.1630840063141612	0.13685456393066261	0.04545722376490617	0.14609075276011946	0.10561227580698859	0.13238172220278874	0.1939885146887344	0.08103047022959019	0.18401806372601784	0.04714203778766756	0.2391774933752453	0.170841492574462	0.06865958766335309	0.07583849663115573	0.07904074615229077	0.059788511709103834	0.14637870841775313	0.058004313042421915	0.11025575621946149	0.06772709777888074	0.027650799080738156	0.06143255473636001	0.10496871624406899	0.16580502352382231	0.05496456293651183	0.1746287602712316	0.05163646609811833	0.07311707597193574	0.15181166000991705	0.0866687561966908	0.09965593162943473	0.07987708246445108	0.11959278319726022	0.08748215817249548	0.07021234769260264	0.03970389225012235	0.0443866073473167	0.10588747040051161	0.19420004446517372	0.07613825863735899	0.10743743766203112	0.15572161111881025	0.10823175857529993	0.07156846803156908	0.06330529493981596	0.07783546887402955	0.15765644400170037	0.0977849457831248	0.09774033976651539	0.155698327123076	0.12396199535888444	0.12096593422127382	0.055000083341911865	0.08593297282467026	0.06623689382536037	0.15831261803863905	0.09819737392261069	0.05544285045978252	0.0433725696997659	0.05625379017323072	0.08261276159282943	0.061596472264302225	0.03672375096727971	0.18456363879985935	0.11420437508122828	0.13609797527835535	0.054030034898114546	0.044412828031975396	0.06339936903667315	0.09463212175621737	0.12189933777830829	0.10481522750861404	0.10014224731566915	0.14757009193042903	0.09979643373544442	0.1452485687340946	0.08038672444986718	0.15557753786882594	0.12038274815621819	0.09307940507378967	0.24053722965708205	0.009997135165950043	0.06623975189927207	0.1287519224807769	0.20556125708141434	0.23336742058883372	0.11531496450521504	0.1079983059060876	0.10794642661079044	0.03433965140300178	0.07830304481865144	0.05270475488422892	0.04414800182073158	0.052469157893305446	0.11138463725244772	0.04919989421318323	0.0877799103128411	0.08036430323949059	0.07652961520467629	0.06594455228268237	0.022502784494325787	0.07166836858224192	0.1052728632053371	0.066951907932027	0.09084672694429613	0.06424646308331548	0.02986562217753424	0.16868668011338803	0.1225743335137967	0.09854085291953488	0.0631015063726241	0.16156626222935538	0.047582720469341276
