0.0	0.1295239780983276	0.25527554865108026	0.2062419614126254	0.062151640596975984	0.14100799390337743	0.18328032504659608	0.1836276326850148	0.11893782233796685	0.13320376221668465	0.09232801165825716	0.14835636884560685	0.07244009252965135	0.12647471717111963	0.028758924881875373	0.08965362775299623	0.14643440901589963	0.16167924046234058	0.10893659123676816	0.1822281482599013	0.22344887653979337	0.17098958378744164	0.11630318414265312	0.07729641084447161	0.030971585599815794	0.14431259075642067	0.14466932582909153	0.19236653661518588	0.1986296728701898	0.11848716631487616	0.16112312658810254	0.192813498562391	0.18394372428939815	0.18372300348112325	0.14961332663837856	0.1949656583383091	0.06891626933611772	0.1478723832154095	0.05239601322947864	0.07101558446503523	0.20708074752380204	0.1296314982098352	0.09857040419763058	0.1065922512243504	0.2106522826521299	0.21371052641201296	0.14636824458116487	0.22982520695834574	0.149903509028236	0.12507580209472796	0.1546792612426855	0.10750539951386501	0.06395999015790708	0.08129469469106748	0.07446606753814802	0.08983097071133299	0.12403916075963	0.19004100379768576	0.19565289267977284	0.1691096058439515	0.1300778813348551	0.09324682277688233	0.2617875194371706	0.13037348423720493	0.17729290274048493	0.1758930441935307	0.21120731547130137	0.07537165750616175	0.15276259624273245	0.1220188035960678	0.1954888706984568	0.08642479397485163	0.0962037602399758	0.2257194714702848	0.0700459868645122	0.11714320939467808	0.17249708235010455	0.20337820689176184	0.10741003348074996	0.1370815804285271	0.19825417359679143	0.1618071364901912	0.1035978915485929	0.11990043342504318	0.12174805937132643	0.19449258239768422	0.08971414814859872	0.10444150328910634	0.05166637848605101	0.04570142320911701	0.21311668992226468	0.22689573311856057	0.06559179120378726	0.2135513472749955	0.19733023815054404	0.1746842631181177	0.0577736882740288	0.07756389012037315	0.042627613605248	0.14522187802343844	0.18394483765358555	0.19353347626950604	0.17220933431594723	0.11419364427034268	0.10649342951665974	0.15378437728705738	0.24060267379052921	0.19877301168265615	0.18249665479484553	0.21204657992950898	0.09697168969912534	0.08087327302748741	0.09599127831661451	0.07751911158254104	0.22690488529309868	0.07882114580320021	0.10834284853973088	0.1598510809235609	0.2002578448970783	0.16426455049244698	0.08303406253739863	0.19900992060717404	0.22734517926716777	0.07079280190156723	0.21803394539002985	0.17121615544782506	0.11363074404891893	0.07845780409831149	0.09910294494089933	0.10806008920541417	0.16722197034956623	0.19886425260584875	0.1908537554264889	0.18321572817254833	0.2082559477990167	0.11021094357634437	0.14173054135818203	0.04479969479885159	0.1623550782916868	0.17469323760346817	0.2275132469102269	0.049977137858747155	0.13539378647572572	0.1586051930222852	0.12710778307981566	0.05633990530679786	0.1792079169973899	0.21699846812867432	0.07139112056448704	0.13081667371980488	0.06784287198923665	0.10248900295373992	0.07421560569117547	0.08659084577764825	0.09039884196301759	0.11816413276779593	0.25716854506045594	0.0994259735738782	0.155667481296923	0.03157302356496475	0.0972514592723652	0.17223013837236473	0.1146650513168248	0.10144831856766051	0.06046344921363646	0.014378413646686619	0.0788331768961084
0.1295239780983276	0.0	0.119515422895704	0.02905267013948715	0.069223279288085	0.02991751285167549	0.07401137911280031	0.03172279432728382	0.08259022699797489	0.0716405643678295	0.057116896559794995	0.12555518267014956	0.16514155520365192	0.13785940807295	0.15734490563368647	0.11396236682366355	0.0962776593020703	0.12109770961221343	0.15143806632645926	0.047571725253013744	0.02548335947858966	0.06217479472384246	0.0838951148640107	0.1416851010065818	0.0655620418112746	0.14061697846674134	0.1130333169696047	0.05079168869468033	0.06553549665961816	0.08631563776642388	0.17084549574553257	0.23827694033267985	0.05447048111118186	0.06191035053878227	0.0715860860285618	0.058690458958578176	0.08327098610199841	0.08842740961583641	0.12315663214127313	0.1886365503710963	0.07426242803233561	0.10682245296779476	0.08860762374897672	0.05201809765020651	0.05086855420711522	0.07486997485637666	0.13415752821515262	0.08682105987775905	0.11496111184434346	0.12992933562324888	0.07041704196014854	0.10404362517619388	0.013345669199469723	0.0621770869216022	0.07662625303546551	0.14485703271115308	0.03373252758043071	0.05054907313524996	0.06838067558670997	0.11273158732738739	0.10453448043403248	0.15392748861753772	0.1314110197709861	0.14638583214057346	0.04622884510835851	0.0910746904958637	0.07269284014293685	0.12146062440581237	0.053644798660079124	0.06006075507407784	0.09628275258831806	0.10767177118129746	0.11269158209426122	0.04448428594455629	0.10017415690238185	0.01779717137868035	0.06210091092953765	0.047807058918735545	0.10819793884441713	0.03904215922081602	0.06768069568735471	0.05992130054581635	0.07885931680345841	0.11203598411267995	0.028352865712905923	0.10605575982293593	0.17081033287483896	0.08764858239752608	0.13537663594190827	0.09139071009523575	0.15528250033904606	0.15326254229956549	0.08890628371574981	0.08345799060187778	0.04533983260702689	0.03946393363287001	0.06846471494978235	0.060039136297282365	0.08338462306166797	0.16697529810771877	0.11998865851978081	0.06971434220512461	0.04756347682564606	0.0679580288551505	0.15678141103778168	0.1452595458650137	0.07394069523852935	0.06797706157119492	0.10637237873450499	0.08118749842240906	0.1615936905114261	0.1216772593872089	0.08669636737434717	0.10599022692117613	0.025871890347853768	0.05128743243000393	0.09566067532853284	0.024037751008927966	0.09155158874541296	0.10458704239250632	0.09767551021916715	0.09719420627621311	0.10575156927679713	0.0970623034884352	0.12011730141927605	0.038572214869178834	0.09862124214600726	0.1235590996123455	0.09767008017843525	0.10717523914192317	0.02811093500198043	0.03874758173131261	0.08856333280316071	0.0670861305695402	0.09916266844607627	0.12040450707898491	0.11439465383636074	0.22352482653271116	0.04565617625450524	0.04880523262374025	0.08939304186093243	0.14843359517337235	0.08105933274817755	0.07910257163265494	0.04874504004462248	0.0976381297872039	0.1013573898399089	0.042330926380225876	0.043368693046777075	0.10756114980159504	0.10922560271853539	0.13867947017919782	0.2205927589355455	0.0454278597780203	0.15469140773681703	0.11729663520347668	0.21476081514748138	0.12197886724431391	0.02094826092497955	0.09603794819388962	0.14516375891138295	0.2060027615705696	0.1077650973649633	0.09420739157253076	0.22255462764739298	0.15562373068573448	0.17326075790019715
0.25527554865108026	0.119515422895704	0.0	0.03807029636086052	0.24035796359196918	0.1693120293635581	0.18037365609445002	0.1121268943955276	0.16094010663687489	0.10742895704636517	0.1259240639368702	0.10864009367301845	0.16095079842482413	0.10091674915756214	0.2521999467507598	0.12083672254217556	0.11802881712275445	0.10436007813522716	0.16819433652465837	0.07155897599919014	0.0874139757476956	0.05645105680167049	0.16283170980659378	0.06357811788329155	0.13396324018568218	0.16630584345080068	0.12301703285959814	0.04325966928880582	0.06788387239534009	0.17830400533476737	0.11224611427082262	0.14638975244887173	0.08748422209485733	0.04794844231417246	0.09186670597459816	0.068287162294527	0.09065896219392387	0.053023743840278297	0.0770178075056213	0.16352326275486836	0.04689039146453642	0.04977203470184865	0.03991434062548008	0.1277172255735221	0.03918188263346596	0.08208512806398836	0.11011175910912194	0.05696983345917795	0.11723319151308821	0.12684953361160675	0.09743079577062105	0.1541463971309416	0.1526177978579992	0.19975566327493863	0.10820240524842427	0.18847770160265576	0.05564980721809421	0.10496921494025403	0.07063613242137359	0.12080472413998812	0.0568241510740638	0.1623238642451001	0.16614759006619717	0.19977556597924487	0.11805402383485249	0.14926225184035638	0.08061130317176511	0.16537657757215837	0.10693719178619787	0.14149676322370935	0.11009382690672223	0.12729870426928805	0.0681729699726682	0.025431236676799033	0.23181796000455665	0.11341593391880621	0.03051324459798973	0.046719416455390635	0.21578452299235087	0.2552041751638283	0.14499789228313917	0.20353896049230516	0.2536683166414936	0.1380691902030718	0.1053776793116896	0.07016739836687494	0.14877795318887535	0.1450630594979984	0.23340023598338397	0.16812093642148207	0.05834530618394353	0.14927016676203628	0.19021561384417432	0.07241628950525444	0.12057842044861115	0.06440092786912274	0.15617455551871448	0.17081283832386548	0.07784813015417691	0.10459654555379909	0.0968776846201824	0.039825257886154056	0.04924434526800361	0.1940988325926009	0.27622522654541354	0.09737330851192198	0.030255811182060534	0.04305490348487875	0.07512528172752544	0.05306386386023657	0.24554011183028654	0.13486179409123927	0.1917840498978502	0.11260874853212477	0.022670028499710112	0.0982067971237134	0.1273347644651411	0.10866027180546498	0.04129641295462739	0.28445455048689666	0.1716841383612471	0.06540182292443514	0.10498714956278173	0.10214666388154228	0.1550177097751381	0.09818214905103079	0.26288626578139535	0.2630149938039514	0.1739092904161821	0.15737049505531753	0.08139174138412704	0.08752087329155643	0.045655485914472736	0.11043266730123981	0.09556632021689049	0.15825522449451063	0.23514532146760408	0.1978542113111637	0.11798563889461239	0.1509344744264597	0.05206058068227654	0.13339328830674468	0.15421718676318394	0.1634174838777063	0.12862252159743778	0.18297500114788842	0.052741453824896124	0.045290699461128056	0.1674671989579645	0.10061815317227876	0.04028928390369142	0.07123420089935398	0.1809368258270472	0.14630954114304998	0.10207175802237586	0.08051592422603779	0.28289087216223086	0.15518495688354017	0.06319996684349705	0.15070116173544287	0.018838363196108657	0.11733658478438878	0.15930999570330284	0.09981620739072872	0.04585306508675447	0.08896492365259116	0.21242259463201604
0.2062419614126254	0.02905267013948715	0.03807029636086052	0.0	0.13892039870565387	0.07479881667061866	0.10259284623725211	0.05528003402041121	0.03924296076441767	0.03694167721806251	0.040182369532880555	0.0742009418844405	0.1227014845213974	0.1056721970267603	0.1799755014327918	0.10483432184209557	0.07845398792705005	0.06582045042381676	0.09038435281076569	0.026470057674837386	0.03949878526774302	0.0419252299115476	0.10315077842868092	0.0812468664945208	0.08021533236252015	0.08485979476572798	0.08907169532625626	0.00845964903084158	0.01172425724284592	0.0773931776539491	0.11777840522970623	0.11900326589841123	0.05715489639484592	0.01550723712859156	0.10315497136767099	0.0313401019410111	0.06807308765902884	0.05963177925394833	0.06584511820241155	0.15955412504048283	0.018499901283196767	0.07388948452542533	0.03322707995893185	0.0297192801939322	0.01934656027767858	0.0445311584782287	0.06432388429316711	0.03509746677666923	0.04540859444106719	0.09100345141660462	0.030044270852886825	0.09306412990425526	0.0794886403157165	0.12800715827424322	0.06386168091419969	0.10476373424127622	0.03588683435648024	0.03701487767890254	0.01169940444970249	0.09953375923692537	0.014273436598725944	0.16967816880261075	0.0734193026363961	0.1609400030909213	0.03388478685009877	0.055721744250894774	0.016766367565852425	0.12291062733786053	0.047783562849792786	0.10210193185568649	0.049099173163224624	0.09659164943290517	0.08259019172589899	0.018993796134097962	0.14332571925752063	0.04080051907812235	0.018270902987277883	0.010800100790157023	0.13674593154598097	0.13593182119582564	0.09196115954107782	0.14098291669706925	0.1809866279803807	0.06764232655265244	0.10254301293742235	0.06825493956470162	0.14952861375840606	0.15605384466031255	0.1702829347931996	0.14824295806280596	0.04528651709947365	0.09232199013396575	0.08040793596192491	0.020761622680575055	0.047147476055987105	0.027127806967085777	0.0717478287340817	0.13937486657022843	0.05800214792279223	0.08410849088493694	0.05165041884695055	0.024684941020840376	0.03225455946849722	0.08809918318801004	0.22865699570727857	0.07149254581807778	0.023206492020534895	0.017488890916651026	0.09137102744477987	0.03695013927906124	0.1980873958366735	0.09770945866104454	0.14042336422831445	0.09002099208559662	0.02053155196857084	0.022904219980088673	0.15564013679402144	0.01695255728030783	0.022706192169942734	0.21944102430740756	0.13659538124744308	0.02923346682776468	0.04513073923064662	0.08254927618096096	0.1069721006201368	0.10621619719729505	0.15667965066252038	0.18315084086970193	0.15275887307816424	0.09480671697053862	0.05674706969468203	0.04735311836248876	0.02440123791055331	0.07431336715511652	0.0550917089849078	0.14415483153331296	0.18482493223523114	0.16501468539284475	0.029791163353602337	0.13305326222841787	0.013562390508027163	0.09883001086137332	0.09865733923583868	0.16124533730394158	0.03839777398201196	0.14196926274053784	0.03567892072485891	0.022582881918427732	0.10906103996014443	0.09896073684544934	0.0632573713683356	0.06121083282934581	0.19021342238945824	0.09284052458737915	0.09308088771978233	0.14332302986937082	0.28374770284010387	0.1315171873399453	0.11370544945573738	0.10291759018091724	0.08842678813491853	0.1459954430510617	0.10454841854486431	0.1095780287806998	0.04457151396932291	0.08376706611047638	0.10694852563133224
0.062151640596975984	0.069223279288085	0.24035796359196918	0.13892039870565387	0.0	0.07383213763985337	0.08559764990178848	0.11454527237690507	0.06521219966625431	0.07170977170383076	0.05807874308650153	0.15358779419309704	0.13980882556435584	0.2331718635958414	0.08245581934064915	0.20955437967471266	0.04833559440616945	0.12414628887723475	0.02924396591306528	0.10870718295441845	0.10879054482887342	0.09180292838188316	0.07684476357822322	0.17561559145889996	0.07381747544095144	0.09340677510185177	0.06861948216359441	0.1624115100151698	0.1692704153759443	0.06588707109484623	0.04871684366657436	0.16280566216578768	0.13445890441570196	0.10831383309972836	0.17998235030513504	0.10585477475552992	0.07152564624611314	0.1543414803479834	0.04507187101922294	0.150646568848898	0.12175836885149458	0.14201698088389475	0.17290498473617483	0.05067020092513967	0.1477578461955417	0.14068618611038333	0.12989284993141406	0.11579758601606276	0.1066154830701832	0.10605783656535626	0.07106338772857529	0.15012604681093236	0.13552665394446714	0.07506413094119332	0.12958863667602502	0.08193809892205528	0.07457764533454593	0.07688384535769248	0.13278730564775165	0.06801883126822325	0.07802928677320987	0.2141314762880469	0.10239982579634656	0.0970957098491219	0.09719203751567677	0.08091772644300547	0.15125047681370168	0.08821913687648088	0.09983384399678799	0.07115933708209099	0.1555388625551631	0.06745797449236612	0.14897851949945395	0.14304880329984349	0.01621481736894145	0.026313662236401567	0.1627142423880377	0.17231762616912627	0.08835334516401386	0.06519423786773543	0.08251992763239466	0.05688178638555974	0.1270053840430945	0.09166212523529156	0.07316876602293064	0.16041543717652637	0.07152236434044991	0.17676849284162863	0.06633350514305307	0.12265721429159648	0.1430420103096451	0.16310446059249964	0.05983733812750591	0.14112565579317946	0.09853356149771368	0.08495732816287314	0.02504160427545378	0.11628420264681474	0.08055973577492989	0.06270604525658247	0.10486822410786381	0.18024911170283717	0.1547318987897545	0.018612559880797585	0.11863352608214761	0.08331247957677379	0.17646092165313865	0.13155864077231802	0.1756711481355639	0.10749951979255995	0.1556326514850053	0.14741571896962766	0.031528592229494244	0.05486509609615571	0.16278457687474912	0.10969761407726128	0.10073866403506229	0.10199481145934251	0.19032293293302316	0.04183173264513878	0.18389644068532468	0.1116270306119006	0.1067178316633093	0.09140280470792198	0.13684607496040355	0.15288592351159472	0.04399277191042552	0.03312396577352149	0.08079780873172009	0.03902839043417272	0.0664486021839298	0.08173383890437279	0.1283774634565073	0.08587102872019595	0.10672163956273847	0.23592673525132618	0.19512360965563957	0.06820691368699505	0.06312779902760234	0.0951459394659793	0.18333686300978067	0.057445691479983234	0.06850458125753212	0.10839024392224395	0.07197434160640966	0.1086387035653276	0.1662866037122109	0.12530917285127868	0.1504072161337331	0.0906580012142184	0.14120117861565723	0.08327877714864709	0.19035658682963588	0.09158917112778835	0.13572741947425807	0.12743120644482075	0.18724917636872065	0.17305430089782572	0.09392395214774676	0.09360818996270531	0.12322639333513262	0.09347603139876363	0.06346492771402445	0.08232586623089588	0.09625737495186744	0.11263502641044361	0.10214190712616648
0.14100799390337743	0.02991751285167549	0.1693120293635581	0.07479881667061866	0.07383213763985337	0.0	0.047004738884990294	0.05724764994743125	0.06680436368881094	0.042682329602076775	0.08963837376912748	0.11005196601572625	0.14379159449731427	0.08509578362546742	0.14081397690870345	0.08358659653358079	0.07292945745880891	0.12990120649546197	0.03128356264074236	0.07968087007220785	0.07156018191361986	0.0749112707536538	0.06876514208375453	0.12398849702366617	0.0363765438590536	0.14275694898822586	0.053950467112681415	0.1058763158104924	0.08915053139487374	0.0328259035411887	0.09350917059152929	0.2068851925067626	0.09205690284789386	0.04664019462244342	0.036307572980477855	0.07095023744830047	0.02205871353334436	0.04523789172477015	0.1068684963008072	0.15089087200854887	0.06686608307300172	0.1130286551008264	0.08678635101367824	0.05609895893947428	0.09557006629325014	0.07409922073857506	0.12333532988062895	0.10232391838962246	0.11607756441402836	0.05179185957960021	0.061354307833404426	0.09768479849535554	0.0657261882956761	0.03734111628659778	0.14316391835715667	0.11994987635567508	0.028038543999191992	0.05088257947985465	0.11287370950013279	0.08003202652178736	0.11413474200752252	0.12166408642737	0.1333086425744586	0.12211657972329289	0.09853985343493828	0.04789308472559446	0.09970484087393863	0.08789990366401282	0.06529642755825353	0.05994681621978811	0.06167353800230263	0.06862490848969455	0.03290139400149067	0.07189621194364795	0.09740007895437183	0.0522898971983138	0.11407948697718587	0.08204913903019777	0.07631436415149069	0.03397311364882998	0.045987522888225094	0.06664004200999513	0.11754188409198618	0.12656854380970897	0.08580043392938008	0.08134733785327843	0.07180801020788781	0.08876381738538554	0.07567561838211515	0.0661573503912721	0.09023462885487823	0.1718486465241951	0.03543303961480971	0.08252064524994986	0.04737507544802403	0.08404762419350005	0.031827626007646645	0.10555279266591513	0.055920735818604246	0.11208389468814274	0.07927263287324651	0.12226221684552517	0.08390082129732505	0.035891826729207	0.10767237887994124	0.053760848747324015	0.06295094874917309	0.05993996141795612	0.10118172288303186	0.06266861724264679	0.17238621591456238	0.07528920317260651	0.065326594790441	0.07543894930699338	0.08048818783183355	0.0739954317648047	0.08334421015938738	0.06164443100178416	0.10100850476445991	0.08597795933963699	0.20208316766635978	0.08178092814932626	0.08784901289125462	0.04849663418015167	0.1061658605716196	0.060206184462582996	0.0444265788717776	0.05511758956143691	0.13515679671619227	0.10167720427374134	0.058242755478389065	0.0703195675202139	0.054093689136781246	0.058211332438435265	0.0751441395522357	0.10821447657058943	0.09552382354205585	0.06912244509230088	0.05830226802799591	0.0605607151074508	0.10328877661474188	0.06555054375584271	0.050629357021315935	0.08959215489670076	0.0493875226952018	0.09083957382525225	0.044349157280894565	0.0605857265211537	0.07298823682227035	0.07026320429859181	0.12410077351235807	0.0659344377486405	0.1900631571999663	0.08109828691000089	0.09019606343645871	0.10130958599482931	0.319097004873148	0.11735670783890165	0.051785370104992186	0.041079948582501497	0.13354294713455592	0.11468110995105654	0.056027638781536805	0.05825430452612971	0.10876917960638172	0.17599124908651664	0.0864827147038107
0.18328032504659608	0.07401137911280031	0.18037365609445002	0.10259284623725211	0.08559764990178848	0.047004738884990294	0.0	0.03416491911159924	0.09149783756966429	0.06419631234491213	0.08000476397600408	0.04729015330456093	0.13206329195280583	0.06420223109766762	0.10619456740306199	0.08416918526368466	0.04506380893803662	0.02714681768232055	0.14256214597657338	0.08101669223699595	0.07427827122570385	0.04925652605845266	0.10254593004599678	0.11819459189895913	0.09586883766525768	0.05468448387017033	0.09395454416058198	0.1322851668228058	0.1325362682149138	0.11181976225080775	0.10627990992214074	0.1763877807988147	0.07072629568495063	0.08456790487296714	0.08502219307008979	0.05996711701577887	0.08784621943742896	0.055271540040602904	0.10848067612540156	0.19625149628467348	0.050148674437203465	0.11287549984469442	0.05145811872323695	0.05900391901829319	0.08325174391686986	0.1079028069233809	0.08388652068255405	0.06399293790441356	0.04159368114514533	0.13728090204175644	0.10812742019350606	0.08997488366662067	0.09826006420297653	0.1057415928498324	0.06214577218926135	0.07048438736914664	0.09301687987785928	0.07078929858816337	0.11213486700470576	0.06694614612911672	0.10257173794948522	0.0671499907875259	0.08895876842389036	0.07303629034819349	0.0854150476328327	0.05064030147854394	0.14359034941124743	0.08569069355193917	0.06979440171678278	0.07997506728748915	0.12250463660033493	0.06282684114036571	0.091639774388689	0.08122562954318312	0.11496396564367528	0.07422976211989264	0.12929378955410972	0.11885117192278553	0.1413811654909187	0.09007701420518499	0.03225937354761275	0.05526783484850448	0.057388830877156474	0.12373215829999024	0.10761537905337934	0.041090208979980836	0.09909978193905405	0.10547479836246215	0.14111755517771335	0.07014340461959107	0.11238467518083914	0.09610170889593443	0.08581429036939196	0.08474013049171697	0.0854593544468048	0.06567331383180748	0.10776196453708216	0.07134867661948026	0.0658655536408256	0.06373570250483766	0.1285413107002086	0.1591769332943978	0.14525704519733498	0.11812522394316051	0.1750663504407619	0.11738830073183988	0.1040665661698423	0.07348681173459101	0.18495270656820825	0.07370299478244166	0.08841860661427452	0.09724391913040874	0.11237559996080697	0.1574458854238295	0.1041141768126064	0.05546241633814036	0.1274722179828024	0.01779522997361158	0.13330584279926583	0.11506355649548154	0.15565801943787372	0.08356122903951581	0.06838189493921949	0.05938268463128767	0.11849252862351792	0.07015370822916182	0.1158166178367363	0.12944564612449824	0.13417704062207458	0.06111495727326186	0.09195434727609238	0.07106763390139757	0.09394930997635864	0.10515544593220126	0.0931965427850879	0.07619242339191128	0.1600216025638125	0.0959998329754449	0.05846532310060832	0.12122444850523022	0.16323938757886258	0.07287605437902733	0.07689043794599006	0.14441369681942154	0.06879583920349872	0.08614278099387754	0.11206815710619353	0.08081307766073952	0.07315402747875381	0.029751351630138922	0.13803452486524737	0.06693080808173257	0.1954329648181697	0.11013900430317523	0.13563184710485007	0.1068433280643711	0.2497050353321848	0.09381394882615844	0.038607583327077984	0.07478926366069677	0.08302528429270849	0.18802945366417134	0.08805476638190755	0.06949289503192034	0.07417665869326227	0.09930903192359697	0.03255894147973716
0.1836276326850148	0.03172279432728382	0.1121268943955276	0.05528003402041121	0.11454527237690507	0.05724764994743125	0.03416491911159924	0.0	0.08317201630426277	0.051304260951965476	0.0621507001629845	0.08844756067827178	0.16042173927391926	0.11073025602677031	0.15385466209232965	0.10234416991712438	0.06028884811674848	0.07418400661142635	0.14943536431362398	0.028751676689627165	0.050497732735093864	0.02709833342850754	0.11574260523845105	0.1260233678435686	0.11301305339424335	0.09568915380665788	0.10253199530197885	0.07023034318845114	0.0832291440691368	0.11522893561161242	0.11587220621234286	0.19555039355190215	0.06842035108346729	0.0689159508467047	0.04039511038333189	0.06317024192090069	0.09452728940522905	0.05572821341245875	0.08145587999199337	0.16615345314078345	0.047175636835799825	0.0235086625508268	0.05234252288897496	0.03894859933294582	0.06691600774793999	0.06126845493160307	0.09067354354094664	0.08743992365830794	0.0796125995219875	0.09859957284319898	0.03946450689286864	0.12505483970575362	0.09548637613714729	0.1256041514753269	0.05365112949466652	0.12108755226221898	0.06103278401330692	0.060360949437592265	0.09772538032832222	0.11179778710279252	0.03211630212154831	0.1325927359208374	0.10118743291177822	0.11499256621680487	0.07600043716736647	0.04200816585319059	0.07335177395919303	0.11532882090096025	0.06197596267417817	0.13192865949843177	0.09360313802102217	0.06277629530589174	0.059258209551018085	0.06867724691329741	0.09300091607803047	0.02328408200936263	0.05122187474704646	0.07788854470993259	0.17524856468702207	0.10302624767649657	0.03617454838723655	0.05657500176273765	0.07244571473422877	0.10944012593517685	0.0801790851357238	0.03542581940114187	0.11292199495215943	0.1196771790671084	0.13321063743973408	0.08947558046922281	0.11715590082638462	0.11128575504903455	0.10591739075693055	0.0507159087662537	0.04261746179798459	0.023890590119083514	0.0840185849552194	0.09776217616259482	0.036191468820854986	0.06403188129977692	0.08613872114216299	0.0962193756245755	0.0845697961611356	0.08726762824707941	0.20424517944576825	0.13398454484764255	0.09286798401338786	0.08921280340292091	0.10572025002325723	0.06707445503649112	0.12188190058557452	0.09039384203878946	0.09788471941674791	0.10512026033809183	0.056731561773794396	0.03414756373951836	0.12164330299855176	0.03344834207624161	0.08781586186967943	0.12377059125515542	0.1663013136804968	0.0711499161099047	0.04008273175658587	0.03460488590197587	0.05626366032124599	0.05015738250005295	0.09838031031253625	0.17491600274907115	0.079793355734605	0.06111413776880498	0.06609149945011117	0.02282817778204384	0.0743010641907942	0.06133671270034259	0.0946686047937348	0.0891816780128993	0.12473336328265287	0.13072736115163888	0.0316296567612075	0.1327242272347587	0.09682417001647498	0.030852080925527835	0.07700906183866948	0.14444655396030467	0.0559355513233437	0.1368896381609131	0.06739327315104875	0.07700356226959873	0.11944273026153433	0.059247025554132665	0.0656364338397545	0.04224097013807294	0.23304665742836053	0.10300207937275281	0.14459395025004473	0.12841795733851122	0.2777694407017746	0.13273458080199013	0.08854150966419377	0.07843746728929242	0.07956193208715504	0.1852865403662624	0.10037428866211467	0.03400848758002139	0.07938381437398605	0.13870707150196046	0.09542698267867307
0.11893782233796685	0.08259022699797489	0.16094010663687489	0.03924296076441767	0.06521219966625431	0.06680436368881094	0.09149783756966429	0.08317201630426277	0.0	0.09813978131019371	0.1010281062273551	0.131179418132477	0.13149324771958681	0.15731698071523662	0.10908346555257936	0.115184304646637	0.053247629222971514	0.10800971809775622	0.114148951822922	0.09084265692337531	0.13170426986353678	0.1328024875724281	0.05849389068837249	0.16944329855384022	0.10340303233240099	0.12087265559933487	0.11243962506940491	0.07100976330611002	0.05856063342320868	0.07522352396361372	0.11085094978152982	0.1640992572603656	0.04449632311751297	0.03703517791660475	0.049429941523020424	0.04475712175264534	0.054932143726440535	0.06893288625589152	0.08227457452964565	0.17556978604261625	0.045431210941278034	0.11671382522735643	0.06165846798564147	0.07690767086860303	0.046374657162584765	0.11890344761737806	0.08155620164251409	0.09048672842076383	0.06863133714103584	0.07715045196041219	0.11161563501994946	0.11583436403341421	0.0548155020833117	0.06740838282940796	0.0415698748972783	0.1326971083367873	0.10911663965804631	0.09284185518337279	0.11347601338408889	0.16048607379093507	0.0871851970709938	0.12709443989064273	0.1269402270903204	0.1601382493944433	0.07856358705621087	0.09289081603712285	0.07662143061526663	0.13486401882442317	0.10666260809112559	0.0577521241505862	0.05774479831931772	0.07099328219536423	0.06946983499011723	0.04642934422068352	0.11212807518818536	0.06888067497086149	0.06343868978152505	0.062223730795251425	0.07921909173869736	0.0587585302980063	0.11430378589357208	0.07258979345543422	0.08803475888640247	0.1166624301442288	0.07571420877457194	0.11707982057087103	0.11518074917900797	0.11840589633523822	0.09693667687444145	0.07585724456918712	0.10716658934772126	0.15314601155493213	0.06771492077714723	0.11685593596922002	0.10207842993041784	0.10004106898827225	0.06554766326884598	0.08689062974383155	0.07524894180595833	0.13784032328221724	0.13982499729558326	0.08817495224838072	0.07153777768154053	0.062234237712544264	0.11986816941297707	0.10224273770908109	0.09035727879897097	0.05183411204910743	0.11752990205169732	0.07148558340502453	0.17915390705115253	0.08786586226257342	0.07209868140130858	0.08516138732165726	0.045533670867171125	0.06320624593705411	0.09358216163371766	0.09574703471873539	0.07493823714322632	0.08420468217896955	0.05848704058990633	0.07928405398022544	0.08349464009333354	0.10945176062080475	0.12005794852766123	0.09209372317429755	0.07933724874296293	0.07898552735315535	0.10779660386168864	0.12804502239059212	0.10666485713346578	0.08721454394890406	0.11858867291020853	0.11320277219277458	0.10746402919757489	0.07152138670637388	0.09692185867243103	0.08492112974467143	0.047884851734134225	0.0636851170136956	0.1047758591999198	0.0864732229986762	0.09463889474719772	0.11373281310044388	0.04159953411887768	0.0948685092294154	0.07027291375309103	0.04557537357631825	0.04264749971840282	0.09853091614580277	0.0682597404595639	0.08133753503561637	0.1338033445531455	0.1250685396055646	0.07540521352372859	0.09225110366220385	0.23611784400069233	0.12398988676283307	0.05856859398740181	0.0842333583310426	0.14445057547370774	0.16459246331108948	0.05029319351520463	0.08768784905133653	0.11878849616945357	0.15141182773315548	0.1441801875932027
0.13320376221668465	0.0716405643678295	0.10742895704636517	0.03694167721806251	0.07170977170383076	0.042682329602076775	0.06419631234491213	0.051304260951965476	0.09813978131019371	0.0	0.10266701516610005	0.0763003843796122	0.11833393025645905	0.11509067657809002	0.127907143001207	0.10262650314119431	0.025546374847680926	0.08336732874864149	0.021729085256145014	0.075714023761491	0.07601196591738385	0.03496820108558418	0.020513347547780333	0.13954381966021287	0.08108916906416798	0.06118188939998134	0.08628414804318375	0.07201161801691527	0.050853554071373645	0.05651888249577039	0.08729221130920674	0.17465837466475193	0.018025254064771713	0.02854927618028202	0.05777048136665532	0.03239389656078326	0.03189663129450145	0.065998030286314	0.06905816310206818	0.15223883653710088	0.03267109226281928	0.17146106085345048	0.0384926879500099	0.03189447626878308	0.05226018590479057	0.04664405742124445	0.06893243114985297	0.03503006155375336	0.07236170137154979	0.048597103024011816	0.06449040727462073	0.07532587391481595	0.11772192956145809	0.07180606694954841	0.0736019079443925	0.1114909887741425	0.09616237641750981	0.059529644182133475	0.06828379609305178	0.0605910350483095	0.09582384117862917	0.1537888850332035	0.02647972900778633	0.1226517307124269	0.041473178511892694	0.05920624238071625	0.09223293843429069	0.08272055547590529	0.05069697536927377	0.04728898176169709	0.045400018837654973	0.07104207999080932	0.06511948941124038	0.023392669461936695	0.15608399009396048	0.03731538787054702	0.10667412130965516	0.028192031308510217	0.04422510848277847	0.0841001530147188	0.047058711379652306	0.06970497601350818	0.07018961198855689	0.027143994495422343	0.01947134973463642	0.02152312907879844	0.07018791443549047	0.09490159289926736	0.08488180671911752	0.10488657260407606	0.05478289322704784	0.1011416096265848	0.014362740097292317	0.06895868416656764	0.06319210000285136	0.04737206947030631	0.05373727061899076	0.09587720033907732	0.09104969694956654	0.0558317481651087	0.10383616616709516	0.07887799752026878	0.03256920065947843	0.03257584802153458	0.17216540917929982	0.047404729688147365	0.026164908105371185	0.03709238553182646	0.07264532914328026	0.024257024077116676	0.10420923883488022	0.07317600636435598	0.05729453950290235	0.08073316553008289	0.02934270837879874	0.09910700161028245	0.026894250312538955	0.0341418194052597	0.05631266527257008	0.0695903437038015	0.15382516976024177	0.032398552328315074	0.05927528086135838	0.015333930227032474	0.05547715868359986	0.0508442114796126	0.11323760156894319	0.08005734268166485	0.03859689841707457	0.07433084639367876	0.06242992885198292	0.08316353095134049	0.07129602547705462	0.060695165227595896	0.0645937493898842	0.13944488982977493	0.151758066511167	0.12240920525855956	0.03368914577619724	0.06587783902595262	0.08002557603385464	0.05583360401465435	0.06185727862717667	0.022378578203029905	0.060671464929568625	0.07716239825972411	0.04205127665075845	0.03579532985657234	0.08517151143070005	0.10500274163034863	0.08931731787730818	0.09229231661580395	0.22609485216151115	0.1334268437883008	0.056063357527241606	0.1008039628626526	0.22504068185662837	0.1399420372770547	0.04825785364068908	0.07173046928187017	0.13909431126582497	0.051198272848816534	0.0547337227259308	0.05690449174657726	0.15558371273447405	0.1258382156488727	0.12532465419916314
0.09232801165825716	0.057116896559794995	0.1259240639368702	0.040182369532880555	0.05807874308650153	0.08963837376912748	0.08000476397600408	0.0621507001629845	0.1010281062273551	0.10266701516610005	0.0	0.1507941480627059	0.16680008814501127	0.12776369134551985	0.13871002904054774	0.11973356602215446	0.13008088318657907	0.13133456614652686	0.15691621699955396	0.07285890713979551	0.1007973939772966	0.09061579444266918	0.1062897063634241	0.12849627173490444	0.06989601071485235	0.15898377602158711	0.13509549495706147	0.06118372200339212	0.057030057023793594	0.09169087992329512	0.19367156202379954	0.2168232635105927	0.08059430978197107	0.03221764979591582	0.09592754761504446	0.04957254470130285	0.12417035570665871	0.09196474552042848	0.12452315853369825	0.15781111797244965	0.05719885775632823	0.0835846850098523	0.0961976629641748	0.04813339105804332	0.02999953640668333	0.10951727418355359	0.12052668907347074	0.12440148448894055	0.15057380329349498	0.15077700796490898	0.12366910920749428	0.09803442509863333	0.029959763466243357	0.09191889203239098	0.07193335923074551	0.14023866510177335	0.09413936490081583	0.07941199703957562	0.08236508057961531	0.14565413978237973	0.1346973347696831	0.12033131382437678	0.14243659337482328	0.10609468501946881	0.08402003741766646	0.1040656014240575	0.08554082574527366	0.12524784487136242	0.10370760206372218	0.09413089043940973	0.09186920135994961	0.14165525464807244	0.1203138878925891	0.06645715763313421	0.09496459083574081	0.06485146904547742	0.11371148009462685	0.07063112537027968	0.13247319212202502	0.0629050870432249	0.08564904535432936	0.07991664448009295	0.0914241152822097	0.11585329147252334	0.040691579504457925	0.14230559463669568	0.18173315495983403	0.1234512780548659	0.11324621484627488	0.13427344816809775	0.18927381367558485	0.1760646871253487	0.11348433249531792	0.07943120111942696	0.10174570214461348	0.07050907148848046	0.08593690219575711	0.09351085279898835	0.06882810624339913	0.20514478001980596	0.14621389878153854	0.08886181594039265	0.039442484594896764	0.0854267883873124	0.17006152030096996	0.15433563907448486	0.06471369519137371	0.04447080331702644	0.13838850252724205	0.12503040614226654	0.194712044650843	0.1475455830003257	0.08470397578805608	0.07619974168111282	0.02581246524662745	0.051030982202807156	0.12355097858193771	0.0723381767377947	0.08004171362773393	0.10923796903679851	0.09374963751643584	0.13926484534648487	0.12334091125842907	0.16328304268590227	0.10989173562261939	0.09089277506074797	0.1056451447307202	0.14846983521757065	0.10852920610967386	0.16537556387976343	0.07789527731850705	0.08443882268340118	0.1069837313861896	0.1361587694559176	0.11291260323617466	0.11768064884375026	0.14522880569020805	0.19628161291113264	0.024282274771484428	0.031046380492746963	0.106555509959883	0.15425181805347093	0.12042601409544629	0.11806467659867635	0.04854006779761874	0.1083979203438185	0.11047011775409278	0.058479832596402194	0.07255142817330837	0.11426502239342104	0.10959115128929674	0.15068979687439932	0.17740420762555978	0.08753025837325924	0.147986120510054	0.10023183590151583	0.11814010213572976	0.11984628453970055	0.07242781726627484	0.10563894932298229	0.16040470422110326	0.23022855164095232	0.11529732232023288	0.04003191683486108	0.18928316728495942	0.1501323191528999	0.17394153380280034
0.14835636884560685	0.12555518267014956	0.10864009367301845	0.0742009418844405	0.15358779419309704	0.11005196601572625	0.04729015330456093	0.08844756067827178	0.131179418132477	0.0763003843796122	0.1507941480627059	0.0	0.0747139334627268	0.041921598751662	0.07858976953733114	0.05468864467668969	0.04090610805256505	0.01405252439945933	0.0846720787041475	0.061258189792157317	0.13401097648693922	0.07194466400029902	0.05868407032699734	0.048829061632787066	0.06908558943748702	0.041059438486348056	0.09917466341073342	0.07992350128234574	0.08145980938759964	0.10717019512393264	0.11463308476927937	0.13037611541564853	0.09056057088744317	0.09385558466479686	0.07530851050819834	0.06921381879024499	0.07916544702058768	0.10421443089016645	0.11273605824375053	0.11797811865883116	0.06731503265529884	0.15154519211845385	0.05091888456900906	0.15447475666360233	0.08174060750253297	0.05548410785532936	0.0765887025346418	0.06868695402199293	0.05081411731884777	0.05254197715797198	0.08183571738581062	0.044194131467847904	0.0978817467925234	0.09338247914483407	0.027276941333746058	0.06817299159559136	0.1487381113693386	0.08829013167751576	0.09907899121192122	0.06020607106579677	0.10363007620124647	0.0427302407888655	0.08479270386074869	0.11349087398788481	0.10280262120858381	0.12129096571703502	0.06972014462066699	0.04662719814199455	0.059076621375279394	0.044057407378488234	0.15570837143576932	0.03264356785244876	0.07651916248393842	0.09020124905419923	0.15636028360724502	0.10882576862317539	0.09585539320599286	0.0943040611546572	0.09028372569815243	0.1009757465123179	0.07190955623763867	0.1708339599315018	0.12644874571267486	0.019351847607561874	0.10786802885237991	0.04707039500917698	0.09430583956747166	0.13326439312806507	0.14895886031445615	0.1322094507153228	0.09294368211351763	0.0961880144754634	0.1215106423617066	0.101054046711829	0.11700777663063906	0.11320078810197798	0.04656833735759705	0.05632226619947945	0.07604620439734018	0.04560257092320703	0.07606612087788636	0.08861657072816981	0.0713640456173157	0.11205994086504585	0.1378760710705797	0.08214832395403639	0.12059493492878878	0.10680980791218109	0.11275460592107688	0.09147532372756804	0.0255612040484036	0.10691523491654928	0.08991973750207412	0.11764930372633507	0.12656756069392586	0.11006925939724113	0.19953426300649196	0.10780978538658012	0.11266660684404022	0.2058703484445842	0.13884255896671793	0.11499564269897578	0.08708432286166237	0.1210916283830516	0.13222951092255145	0.05833097845332801	0.16734006323449802	0.114736021436623	0.08203884641217457	0.041696508189483956	0.14874187047603804	0.08817887151286995	0.09752168506449693	0.08416326448443243	0.13797162426366272	0.10766290611278644	0.18319310815762385	0.10209479445765327	0.07727643163896883	0.15490186164076092	0.08006513855254493	0.03097648374370981	0.08081278945478229	0.09915153770543121	0.11474075354377952	0.08244412585145787	0.1257811166276803	0.11719338993154724	0.04190871793603174	0.06081737842614533	0.10901324388551795	0.05827815865531845	0.19892391699600345	0.09807046130193922	0.1238708804769624	0.1303383317166887	0.22329790321329543	0.07463484421416423	0.06708367441919141	0.07877664058720141	0.09854448511604605	0.16210901110529954	0.05399621818689947	0.03410638132740806	0.028132157087338124	0.07246183393765641	0.06800506483906622
