0.0	0.12848252571015567	0.17054529591039544	0.20465801452528096	0.0775312175309857	0.03466094190191495	0.15610943835754798	0.13598657086593835	0.05903198067560344	0.1350314228456007	0.1433967335596487	0.10499091201374562	0.04924680243941958	0.05121547678930023	0.05954553602792082	0.0772815776968772	0.1610353549234607	0.08023686474758512	0.13992006756303355	0.1729306034631192	0.15641378072212972	0.16753711702252988	0.18507524367630743	0.04581266845532542	0.055058589357745526	0.1504553103316146	0.16294419508061347	0.1823864040639816	0.1676081619772535	0.12108320768093886	0.1125711769752718	0.1492473551047382	0.19595536859336482	0.12930948837122633	0.056249477520943704	0.15174432917617853	0.10001509476192366	0.03707731252193608	0.07596378872246808	0.042858227687559876	0.1605557665805154	0.09609643266611148	0.11235332159121272	0.1561580416784021	0.18557329161872546	0.1461376906715817	0.14094800572889749	0.12418648051328796	0.13840464395572724	0.14760280977909898	0.21260752558539098	0.17747193194437386	0.11432446544168597	0.09192723351783122	0.0318178615823699	0.16785450907413516	0.11389914731118908	0.1894941858508919	0.14529134828508525	0.18106144972387933	0.16699719847749853	0.0491257260468827	0.30238301476616203	0.2276596541287351	0.12392552497575995	0.223574190578402	0.1606656939698276	0.14181144814402763	0.12347076560900348	0.10961496631600823	0.06592199161715095	0.055266968342779825	0.03566402998618741	0.1800433092431577	0.23819257828949905	0.09830162735477495	0.21639822115858642	0.16361619701795668	0.11598357068393543	0.04259953108554073	0.15547598810683122	0.11406683862867167	0.05953512795987945	0.13556685069992963	0.13406169892108857	0.11860050078899696	0.096965598725885	0.10113948001507732	0.10208281401737031	0.05821003823881644	0.1743035422848834	0.2535884721458889	0.10911126288506875	0.18972864773408085	0.12675813913046413	0.19197593999883777	0.1451899261490336	0.08956069104202999	0.07985980037191692	0.21491173396692873	0.1834630692781776	0.16230492803598917	0.18125629392123332	0.12896175553212588	0.218846965009998	0.10749947997599262	0.16105830642791175	0.15015503918110396	0.18697297355642584	0.1553079534808254	0.15707123866808276	0.04552078831366883	0.13245676689353447	0.09030091235405947	0.19614252160875972	0.07175417421204008	0.0531582581229288	0.1516184764256686	0.17271847267260576	0.13386517973993933	0.2538747730233103	0.19270398028871935	0.18423957397976234	0.18646144847556584	0.197547004967291	0.10842399781528582	0.08011454689808661	0.053691279919901046	0.1635871203557588	0.12057147562464958	0.16125358425637873	0.1755108580024025	0.10583014511693876	0.12715060213693283	0.17977726192027885	0.13151143982781446	0.11650502008834827	0.2576906651203053	0.1419739029547235	0.09628935152162345	0.17492525543132653	0.12369481045355117	0.1500871388248467	0.09911360325877927	0.03354111769390293	0.09612767361375114	0.08745991675237814	0.16737631969473077	0.05938637007002637	0.17696628256041044	0.11477092919060805	0.053833728229864576	0.0825217892800806	0.12277632800486915	0.05396024582674655	0.16684243724981035	0.084486864665519	0.03807098776951444	0.12694944974075953	0.07750123549189147	0.11938949438660472	0.06344028468527253	0.19981277310212361	0.23842929903986942	0.15966938851260348	0.1644259756160915	0.13806486827401976
0.12848252571015567	0.0	0.0685980754201098	0.10478688425614748	0.06997263354844985	0.08750946196528303	0.04537160672142458	0.04023764813862449	0.01321048307906735	0.08001506971493443	0.11451880379216571	0.06499239137444358	0.08640532365572288	0.018900341796519844	0.09696649657955964	0.0666192584086445	0.13681869179648232	0.04441195313652699	0.04189645298507823	0.12991551404640042	0.014932878483346766	0.08889905546949116	0.08548987864564642	0.09950958714399899	0.05835638232693378	0.04879320076265801	0.06521289407246483	0.12930493976775814	0.10896282913522702	0.011440539001918508	0.12056917053278038	0.12264934764426134	0.07537997552398495	0.1674874394056619	0.07755954277727967	0.12594715177346832	0.09891282923784037	0.04469634005221931	0.09809534840929676	0.07140353022014667	0.10149615991237755	0.010579409894705861	0.12422841255258808	0.0817261163525739	0.1038786278973849	0.06455307421361407	0.13565533131530688	0.06147892929106946	0.07959667597588245	0.1900404207521067	0.04362059650057213	0.07325374593993829	0.10985684545576743	0.10721741488945868	0.08531699176288861	0.05695378627585373	0.007459078358672623	0.04204587387467431	0.11146170811518713	0.04667525173948739	0.07728842703763426	0.11944639909342199	0.2143645270158729	0.04554333134094463	0.02831547300128457	0.04895231089376138	0.08832656213975762	0.035294881763663695	0.04832807821657476	0.10521184711192397	0.0442686477133891	0.11330293525402076	0.13711759064189877	0.09485251465180626	0.17213041352058117	0.020024509182231535	0.06702745311736473	0.1564661087670471	0.02950398860440261	0.07509173130802832	0.06526924807892977	0.03623350751975477	0.06835277282778714	0.08461209352342268	0.08476595415475793	0.061072482442933736	0.06829403859823674	0.029669235242887858	0.13154285662372633	0.03480555246388815	0.07077104162312697	0.11194645383963249	0.05997033445852562	0.10189621775365587	0.051114686589393964	0.09524738086361177	0.09110384082801762	0.06645148228242143	0.061730525712366716	0.09690899938274163	0.07520284963197088	0.09281240207678802	0.07591616402079548	0.04182676265619322	0.2553325627244694	0.13245965188741013	0.06182587067419123	0.16829318252453074	0.07924509920704603	0.0691978637751421	0.07696879391791825	0.07437286116684447	0.1338587228854028	0.1954535924441447	0.08688518382115919	0.05210914049933869	0.14725087880164167	0.07090086002019035	0.09281895129776381	0.07199546588600332	0.12471715955593055	0.06743284289690979	0.013340811312780984	0.1387845487037652	0.051329978090320874	0.15102301314921832	0.1002491915625843	0.08062680383943373	0.20139003162257252	0.04816167541768993	0.034769696003470116	0.045441935801785786	0.09056108988873557	0.06898067682526246	0.07034497865891794	0.09303351161058776	0.05133373867538843	0.22424292288126466	0.07060544498966047	0.05004857638481463	0.07176358339093285	0.14313161606937574	0.03084408437243142	0.08541005471837036	0.05300096396852484	0.0453027460807595	0.16124787231337037	0.06000109866523319	0.11929242025210621	0.12438045196818699	0.21468142021763412	0.15485510234885638	0.1046143059373021	0.13049098335390866	0.08896354712093023	0.13573080134567195	0.09897367473766355	0.11793102062116322	0.086728816884489	0.2034905527169453	0.11657528661505052	0.03039290222437364	0.12898484895077839	0.1744364311445128	0.13013981022189272	0.09457113952478792	0.029278609284557038
0.17054529591039544	0.0685980754201098	0.0	0.033306131124785705	0.08666031332462598	0.1273760822420874	0.05189164424173267	0.032347297065538946	0.0934843447286184	0.0706640364483994	0.025285884012652676	0.08598246232409908	0.08553228762193973	0.12165779642668496	0.14012770327356908	0.07323278529122913	0.07176230604929769	0.18708212675887392	0.060030418788477806	0.04161483255782267	0.04755800689617313	0.006220698992727825	0.12310080157836692	0.047647276372280986	0.06038446543825056	0.15589006242535894	0.02951933028023279	0.015133177284655878	0.0264846116719647	0.06511282158140565	0.06356387327956503	0.1231730957896681	0.11311578937590576	0.035677627774172715	0.14382247770429774	0.02595489614366373	0.04718072591239404	0.06648499388710898	0.09996166800405619	0.10713132012636462	0.037464314058481954	0.053029669409243425	0.05577676069120785	0.0312806503584639	0.011162707016914365	0.04577862280010893	0.14428681834091886	0.11596218541185753	0.0718150047902752	0.2155035769184813	0.09429669802876754	0.16345801135448976	0.2300035828293991	0.07330070094098193	0.08467286902963349	0.11025924017717185	0.05946194660294534	0.06996074449855055	0.09447171814829937	0.07483037369460947	0.1264685333003891	0.1532328183831149	0.24441431514465506	0.1160243369725729	0.043158993660591775	0.11143645237249367	0.10105314022986087	0.09456347055935051	0.05767048467095147	0.10928978246816054	0.11600432468489168	0.0460932358599068	0.07781497231528497	0.08484590418953891	0.2667592028967518	0.12544545964661663	0.021749173132026758	0.06549218483511654	0.08732643457467802	0.08099812755408681	0.08976867026805845	0.06409197922841145	0.1259060257677591	0.07976180303642544	0.04448805438990196	0.2126787787929351	0.15004434716426987	0.1366139692282097	0.1653514196451188	0.09013201362475473	0.10218369294522842	0.29554491260574284	0.07578521650770584	0.051168318745961554	0.08740627346925206	0.023689485876029474	0.10796364327692617	0.1760728165036107	0.10886280004862152	0.05327180457649541	0.033409652779853444	0.030858362912822755	0.04017127262351755	0.08292983647509078	0.24561906994930618	0.03421053960613992	0.14484841080507968	0.07581926362746098	0.20711862929435	0.05925384213048828	0.10156987029715774	0.031503418417148016	0.2560694877429523	0.17291882906518904	0.024785465757521448	0.0401757779703054	0.04108694331120563	0.038706622671721515	0.0177069164775807	0.06993145359906815	0.256910528906059	0.17215516446809032	0.09679595242840039	0.21011792945225513	0.05718371638023145	0.1735652494940944	0.21328593720537478	0.09688669623184212	0.18944672731848133	0.1392011624794393	0.09734094868935692	0.07738716648247078	0.133348645199041	0.15177039630562064	0.09075476434362477	0.1521117733551739	0.04672638826695274	0.22334552611357844	0.029063431086491686	0.058226186661762575	0.0992296597374521	0.08577120647200796	0.010365222327630928	0.13883124788928633	0.09550417601222928	0.09023439195858704	0.09298679490596339	0.11914895028919262	0.1508602537792969	0.11450938714924756	0.14940196929524663	0.20575454265491558	0.13937714805609724	0.10622324028528042	0.09471681407201768	0.2194101760168981	0.1392323014231147	0.1276852407002012	0.07297101934452419	0.1165558654291525	0.15948192502525083	0.10259043931086453	0.07327302856465998	0.2211385465505241	0.09469768955316263	0.15986386525415214	0.09036254753531917
0.20465801452528096	0.10478688425614748	0.033306131124785705	0.0	0.13115777481928578	0.1644255767079435	0.038350977636938434	0.025656163804776522	0.11024207037225545	0.09501430273044094	0.061079285800078924	0.08485338858979984	0.14887674373298293	0.11283624052361221	0.17254842407945675	0.10301915055840745	0.04914849133264165	0.12690541936518807	0.09908344023115123	0.05942248184227343	0.10123658609431337	0.04707155756464886	0.15892723342010995	0.10846327375528421	0.1250045963844335	0.06971615297185704	0.04656464287887377	0.035077821431213047	0.022641179465651185	0.05671387414796063	0.1393216129257873	0.1249356290015058	0.05548085203376359	0.05368149676517366	0.08372647672366966	0.0392730168340567	0.037506414562020245	0.0684904293628976	0.1246323205929083	0.16551013918219262	0.007858543296639021	0.09140182307164406	0.07798761983844422	0.03485877583717229	0.06589549089999068	0.009362172201890447	0.14646942102835342	0.07560403768961131	0.018030421007161082	0.21522369239055927	0.10163493215823004	0.056161808492986305	0.1906425164952432	0.1381379351831354	0.20217465491124784	0.06919301615259676	0.09676455125282514	0.0637789797992291	0.09531340993478733	0.09283145161260985	0.13934962649220226	0.20099501088412555	0.2721667175293302	0.1242835150576946	0.03612918863438282	0.04937610459909076	0.042596765269932765	0.06563636428597999	0.09148580228489198	0.1956155738805125	0.09487188347201779	0.10034776927735649	0.044248597030245196	0.050472948688099734	0.22902538342037485	0.12954113458341668	0.058668210014242966	0.018025762816287417	0.12504994791088447	0.16289607634644282	0.024824252824871076	0.0374714844380266	0.11275389853862848	0.12540430221563972	0.05404219671105304	0.15099512460321574	0.13699315756570385	0.08348645692242095	0.18282064193854622	0.14251129490258227	0.08020880020589152	0.26840964678712836	0.1176938245348031	0.05651954248569	0.13851267087244082	0.046806564527266004	0.07888706159687321	0.19128027489012667	0.17783410527298993	0.089084204044608	0.0655372598806539	0.0249741106557585	0.028893096776148257	0.060540297282709724	0.2580949806756365	0.15402782989358424	0.09655410250222929	0.07817148501371118	0.17437869446015145	0.05057060992200757	0.06094667708797482	0.07239856942564143	0.21423460296998548	0.08094191684922387	0.019093591150067084	0.08510108096722724	0.05931009366429462	0.03885222895271545	0.04366800752314529	0.05559585723603527	0.2744062210636894	0.08417951768448861	0.02754582336908172	0.2564117463068098	0.07291902968205179	0.10432429826268161	0.2137367416574704	0.1456061054610296	0.09964446117024517	0.17078466265997455	0.12317873827879397	0.09076759413076259	0.15323548592107253	0.19369219184016878	0.08123441420017656	0.09379601951118084	0.09265886950607302	0.25279695007838365	0.05203258650714541	0.037102350647536725	0.04512695215210715	0.04859444840368651	0.0861243201151392	0.09959336003152143	0.07306094636937539	0.08734296797897026	0.06664178433352434	0.0685776482847179	0.1100442883521846	0.0471606720163768	0.11718970912551387	0.0825329114530332	0.1192663997514893	0.06095820634169216	0.07816714956812146	0.2517225704160735	0.07179273052176395	0.07522184863564953	0.03615132800894969	0.08052647215847107	0.08104306616625952	0.12305803500935339	0.08339336963036181	0.223432767644112	0.12630510508971704	0.14766636682591244	0.047112761736467106
0.0775312175309857	0.06997263354844985	0.08666031332462598	0.13115777481928578	0.0	0.05353333593912955	0.11502181693987087	0.06121239664901405	0.026094625038375705	0.03746617735865975	0.042959071372224454	0.07282580240983101	0.05391019122535384	0.07189563896918419	0.06948041927234049	0.01409854726971785	0.1377523750324967	0.09504455287846181	0.06808021723850932	0.03996416546756199	0.06179386566779868	0.025461667469056672	0.1551629299481241	0.04416753999513728	0.027141603351961686	0.14495414705559007	0.09850756708638658	0.08168995371693095	0.08407499701160118	0.02950085109754208	0.07554796112608402	0.16266663044207563	0.09971981292563865	0.045953553871807634	0.0787344160940338	0.0375611494792079	0.06377854674385361	0.033105673073440534	0.046486434989164535	0.05992409196093295	0.03211975000517469	0.06992609332596036	0.06670278896762541	0.023911329711078788	0.0754647713616398	0.11815908322985297	0.06757200238997635	0.11469700880809586	0.14297196031847687	0.1401765156719908	0.10077541463564746	0.15342579330940997	0.1590288322444387	0.09072193930242314	0.08237529636219527	0.08892054311290067	0.09903206947262298	0.08592015129720831	0.023192897399206484	0.09399394947390512	0.10332541510310943	0.09359484715660801	0.23068857353343325	0.18493491626068836	0.029852053535455784	0.09322224526013505	0.020894902744723862	0.0594381423231362	0.07388147716441415	0.05059249528252454	0.022376140858199153	0.060168886392370814	0.03751992816909461	0.06746737444816953	0.27926100287114747	0.04705139307343195	0.1002048056849467	0.10631296560094079	0.054530343915791694	0.0592455293498549	0.11897084280291924	0.05949777290957131	0.046418719852475136	0.06474882543013596	0.039034824477108265	0.15286648674922784	0.11678891513365738	0.07308158639395715	0.12109117356873572	0.032881759892571416	0.10186334945746729	0.2640365747296705	0.05776353666653904	0.05502151363143164	0.08439212093703159	0.04741518528460556	0.14227006536312414	0.06617169125682235	0.10093287426442857	0.0939095416479758	0.10415442789055811	0.0608139233299663	0.05364511052515661	0.06056936109273581	0.22525474371780588	0.08030428411699914	0.04684230567525545	0.01704460291572288	0.19414051361371398	0.06709218277691169	0.04856194190379899	0.01513815742121771	0.1800868555172108	0.09829571034955512	0.08689825235620494	0.09258962012173666	0.047474709987723476	0.028598483250407175	0.07302152484038336	0.1095751340831599	0.21215419954529158	0.18396452101360708	0.1499712451819872	0.2679574501988147	0.09176345840989521	0.11160387697299588	0.135582029268312	0.018431901832080964	0.1873641503726361	0.055093554047602245	0.09869681896272656	0.065175750128103	0.04659197490866775	0.06394574854594795	0.052463581964848016	0.11671615585178051	0.15194323641000645	0.15430316215571238	0.03293867486129215	0.04181316662396368	0.04919677601510052	0.12717021378681465	0.07170838846845234	0.06179744891823263	0.04559814114149799	0.057839911062968874	0.06755868370168319	0.07992448030180632	0.11377783950753767	0.13945962242876161	0.09719146810606924	0.12072888071466774	0.0734904877212222	0.027484975104848177	0.10187191819754524	0.18878989885259584	0.2006060168327869	0.12270265130559982	0.12125324070096817	0.06897318738962609	0.09115219436934044	0.07950704961426412	0.10212401835543666	0.15252441027287425	0.12139148296163191	0.10964769160818261	0.08288221665685648
0.03466094190191495	0.08750946196528303	0.1273760822420874	0.1644255767079435	0.05353333593912955	0.0	0.14146650082024986	0.11764390385455605	0.03050887518943706	0.058488585406039455	0.038384611303528486	0.1119717825141619	0.08096977551393957	0.08941323388462424	0.07021495706586846	0.051476494832205226	0.11859881730608722	0.12962031214157085	0.041015200529823694	0.04983079862058452	0.02219327239609944	0.07261931551270515	0.14358779024767337	0.07504106927257063	0.05441056426634534	0.13355095489900726	0.06440371075058371	0.15474412407840346	0.14797279706936256	0.052112377150629	0.10302911195739435	0.12506724175102826	0.15025141316308724	0.07749627526333003	0.10113268662331469	0.08922598604627814	0.03068726947338345	0.03644095329541363	0.0762018697494236	0.09103881777291005	0.13562163656496062	0.06554901827990425	0.0765588839588752	0.06647762620018269	0.18307884869426946	0.08779692679338395	0.19265553514737635	0.11027556394258485	0.13279802920152267	0.1662162840584053	0.15904619232966838	0.11916830784373239	0.11603349791208943	0.07566069025232684	0.0944885749528536	0.052155030834113436	0.09219194271111252	0.07667389581171823	0.08379525053919865	0.038644318181484984	0.0848565841089324	0.09150741558231726	0.32369374798936323	0.20982753606655374	0.058569904310445356	0.139213749229007	0.10743329702485176	0.06719626949893275	0.11632234820743743	0.09777880100686889	0.029440707790725235	0.06245136129619448	0.03526727919767583	0.14576661280196407	0.24069422633332863	0.07349808596190664	0.18289900442868742	0.12723532174913463	0.06871565064368723	0.04450387152859934	0.12625333505107408	0.10740036663849152	0.05405192377791261	0.08013946464828753	0.04313351314040395	0.1814952055289963	0.1220948564064954	0.12062241913934271	0.11865283141380875	0.08799577554023987	0.14682683077831252	0.2948860066429652	0.01897519550342631	0.05236808112272943	0.042474261041098985	0.07707814456112655	0.1134179107121557	0.1465759110356479	0.11333417311933687	0.0952920777882192	0.06971236920901502	0.1311791249531198	0.13220865403689747	0.07871076030802632	0.2334807367599167	0.06262909734714703	0.1544918831384687	0.1060667391927673	0.2443277864431546	0.12368405708700184	0.07459558110938086	0.05836522457255861	0.23613381712463793	0.1331786676282098	0.14246970559730945	0.07767043654021054	0.013970326876634812	0.06632723089963556	0.1549766744253419	0.09283302409128481	0.301674253316009	0.15492753887589875	0.17610836299039706	0.20299531201955717	0.10506252073156234	0.12551609873205896	0.1304059846360606	0.07217312000783789	0.18049942893095375	0.03327771053909846	0.08901451481311715	0.029687172652635162	0.0608516608329766	0.032726272041342416	0.03969643884369637	0.1550427071759927	0.05336617948226168	0.2118763589320999	0.04225535171781795	0.07516496988180699	0.08017488396916862	0.10577860228739967	0.10433154005210576	0.056650633845083787	0.04276636523047195	0.08901874434993491	0.05066956183676319	0.12257118677012563	0.022428621762275655	0.10089373125235233	0.05235118662658726	0.10432987543003454	0.06846097810531353	0.07052091522564442	0.09646876826964168	0.22826699521776012	0.09479302589620307	0.026767833801716556	0.07828769320630252	0.058279324193279025	0.09387254957207469	0.07097679729094661	0.11786949989155768	0.23917311469338784	0.15210872015658264	0.14794627102205526	0.10045028434188537
0.15610943835754798	0.04537160672142458	0.05189164424173267	0.038350977636938434	0.11502181693987087	0.14146650082024986	0.0	0.05794289374201655	0.1076376205489808	0.0950219232672225	0.09064923656217934	0.07049439549688134	0.121902932501709	0.08186527459771255	0.12482884448876802	0.10500845308944215	0.05814663800854032	0.10078497464362458	0.08048619965263713	0.10063052140263387	0.057136866660771835	0.08997391672448059	0.0911406130832343	0.10151187782118569	0.08420320115570558	0.10612734555531797	0.07086271185028042	0.03913278857354183	0.030078937354623574	0.09382872075124661	0.08573294590557734	0.14252224083260662	0.08082242820742376	0.06282584495971104	0.15844464436122274	0.03669190456441787	0.06529158822162892	0.09402851443841027	0.1117756108449343	0.1365352892836016	0.06029522668677449	0.06059426622728277	0.0887043376228891	0.05085208179079713	0.0688745794168779	0.06044638858899943	0.17065890654528867	0.07811282498361022	0.02231454448219258	0.16966356978577238	0.05708671545805817	0.08484678599763057	0.11326032674129231	0.11215159130886448	0.1113382502442708	0.08252294673365837	0.06578807361947869	0.07988220786390812	0.10174706594675913	0.05936993017242793	0.13219818646314738	0.16493761228707063	0.28762267352845255	0.1318077094328927	0.08519223012392281	0.05308476148754487	0.10437986718670113	0.07508920197072624	0.048390627650425413	0.19421261072446408	0.12613040794738456	0.06582290929801474	0.02677855034687558	0.11155310524799084	0.21128143212512784	0.08557495879707072	0.10247382330995863	0.062237237941815175	0.10114519272263524	0.13766492350224901	0.01902969496310241	0.0626092557615707	0.15242954918100793	0.07890214554815222	0.09383339195907299	0.1364292742590813	0.16157813736020565	0.12459169903973047	0.16475813292606126	0.13657479671105324	0.09418785507642229	0.2539507487482831	0.09408345856031079	0.09018717385052225	0.07967637065098881	0.07297249873747724	0.10691049065943957	0.20637264196660682	0.1379240844171048	0.10689467301318603	0.06813363976818185	0.038685542930555705	0.05470056002197828	0.10563605561067427	0.22749417495640356	0.14612279134976341	0.11157759250382557	0.08317643001523765	0.2042398366752733	0.08133879405669578	0.11329151706219455	0.08798349808366493	0.18999392302601079	0.14165910371285476	0.04098871686612577	0.06311143928697889	0.07023612005192784	0.055665030360733225	0.07320800250438313	0.03691544444221577	0.246659499481697	0.12640152314774356	0.04022671973809349	0.1427316242574411	0.037632181014010835	0.17579791973544517	0.14374183182051015	0.14311643763698897	0.12313100517044703	0.1110012874267071	0.10866594813371426	0.10182092426942535	0.1273027704574157	0.14211281725169328	0.06513467298040324	0.1458853744441778	0.1465533427742929	0.2684907884266204	0.08708759832509028	0.06411064499864759	0.0493246349735527	0.06201934230693941	0.023784926980781853	0.11390947624974675	0.10801904638615288	0.10110921714910476	0.058923691460190684	0.10062787698032351	0.09317087848585022	0.05850177265873677	0.0692899710908664	0.10836051741528843	0.05490281280196238	0.10103197757668643	0.07317242613733103	0.24488067926946	0.049608437587616856	0.06009476264115969	0.044142645390907086	0.03760074362999379	0.05847000329340722	0.06769229817251017	0.101670835708357	0.23788147747720012	0.15833412744815115	0.15123291422384366	0.06650378495810144
0.13598657086593835	0.04023764813862449	0.032347297065538946	0.025656163804776522	0.06121239664901405	0.11764390385455605	0.05794289374201655	0.0	0.08343480059296432	0.06355928576687792	0.0694868935479816	0.10783734255915921	0.10438426063016983	0.12428200291766112	0.1484909131851088	0.09311055063380234	0.06406056608660606	0.15590139073576803	0.06682328322008092	0.09837798376969498	0.0667170542232394	0.08963465975257628	0.10750211412607977	0.08537475450686617	0.04220766080673153	0.1381318682005721	0.08008270914205436	0.040959750206941266	0.04882227943843231	0.07569107799983198	0.10447240905934638	0.1334568412892212	0.0933653729610985	0.1070597040734158	0.1427422594468368	0.07783109975449896	0.0813833130751112	0.08294038042005455	0.12614946001367908	0.127621095886737	0.05875224535429235	0.06856102683773939	0.14559744492725643	0.059019725721740864	0.03927864857597024	0.04586857084979786	0.18985151459051713	0.08464085385613383	0.041015113538517965	0.20564956987900965	0.040834265050993884	0.1636601232656915	0.17777172997009885	0.09146977343945414	0.07713630977717335	0.10327819660266983	0.05296245405677327	0.07262739216103592	0.09316346261452352	0.04866163030314302	0.12158410890914671	0.16730729314818413	0.2802142961548914	0.11840079119049485	0.050110613930020566	0.09237294794876998	0.1232073387717652	0.1129592269937276	0.09008896058476461	0.1258578420598491	0.08825578187656294	0.08457995052588721	0.053722986802349014	0.0942463234754352	0.24102918303455678	0.10013692512655184	0.06978086585349541	0.05828985733275344	0.0716197726395101	0.08056406321923114	0.058888389197233285	0.025959016863994863	0.10533311844879706	0.08208680471074829	0.08282061529028337	0.16943786153122056	0.15358629319099537	0.1340088874184493	0.15385038818662505	0.1088644175867697	0.06970880941740093	0.2928982321939019	0.07018323157863826	0.08144907421908992	0.0890309420978813	0.08335208826209647	0.08457379711706753	0.2192227723025486	0.09679603328726398	0.04602029749933445	0.059056110171001944	0.03583382009742499	0.06214651817568985	0.07144974328975541	0.280342878714144	0.08386403488905833	0.11429336722287438	0.11512402894382182	0.1978248997537594	0.06487528356324558	0.11913060197831084	0.06636468171522272	0.2091870450721335	0.15523718766251016	0.043510715081297724	0.03946059230257766	0.09079597273644367	0.06756492871575663	0.04350319750866853	0.03746659486021318	0.28673278556809645	0.12265246910029572	0.05669186061212708	0.18973881390067548	0.013344568801348284	0.1595673373805186	0.16320905524840548	0.08494784155664327	0.15791364880580894	0.10232828323172884	0.05722456016748202	0.0715564043297127	0.12075061214781593	0.13076228232760112	0.05415250099137035	0.1597162719189097	0.10983156663847178	0.25455697445213404	0.06363237832448208	0.02869938585500512	0.06383470372079456	0.08289924332964094	0.03764049288456807	0.0587181335166673	0.053097318860236484	0.09896596217642117	0.09762139291918073	0.0939843836033789	0.10112046803436744	0.07608362888512447	0.12035975495455951	0.15068365241202406	0.09782107972221829	0.06762223122234079	0.05332536405046171	0.23694251895102736	0.0852605165147967	0.0908835389823417	0.059504582040639686	0.05922498920997895	0.11703760789302436	0.09525822153876469	0.06482426380052238	0.2501027248547437	0.1138229303615315	0.10316521033663797	0.08489567795032364
0.05903198067560344	0.01321048307906735	0.0934843447286184	0.11024207037225545	0.026094625038375705	0.03050887518943706	0.1076376205489808	0.08343480059296432	0.0	0.052379374188019044	0.05250692203457719	0.09940189496975935	0.05908464405103977	0.09186134855685893	0.07412338081612994	0.04890045977584021	0.08195553694422161	0.11083883060016181	0.04202377615175843	0.10604405067961073	0.042026753347386356	0.09927134136601722	0.125474641701041	0.05403672780194106	0.02261217625589848	0.1640258049291846	0.08311865785460852	0.07921634714912602	0.08045307315328917	0.05649446655046448	0.11544503292458472	0.1118523714854657	0.12395772063230054	0.10010820781941535	0.08871874021210034	0.11179861009200404	0.06582578813678003	0.05739669832243163	0.08608420941978509	0.05971043334271339	0.08725128247903388	0.012655260925918068	0.1372441799062176	0.06777937776363892	0.08762770214361477	0.07766189009280754	0.13393849494517238	0.12798735021541102	0.1170557801254817	0.18792336034686757	0.07862321243638368	0.1766001476471105	0.17119885075043817	0.0320370960426347	0.05921302406370427	0.09793331638696545	0.025396273343025643	0.10288191192820788	0.09567355059747573	0.06329042891878969	0.06959456312729694	0.10412229950306454	0.23738899017702428	0.2191725135006774	0.036369208777625	0.10747509315239052	0.10533604277324675	0.0853604219569421	0.10045423861009874	0.0800263889899527	0.05919289623339588	0.07830392742015384	0.04622284716341714	0.1285889790794254	0.27564882168163596	0.03246305304943096	0.10072845108903603	0.05423548432634735	0.03683721209090432	0.014559280057912386	0.111557785891879	0.06654896209631082	0.02284084563969928	0.07898688666998668	0.071674035647256	0.14636890420773593	0.14252380031161627	0.1344352841551141	0.10733777585193723	0.04235833532440695	0.11348303656840206	0.265820498023812	0.08745521945169779	0.1022615174361309	0.0653133488729138	0.10478399574190862	0.10090080937858883	0.14012049608286745	0.07936556220210533	0.1221537129158374	0.09301230923937151	0.040600859157819774	0.06462036445091067	0.05900461649673696	0.23333932635232915	0.07176339807768757	0.10767454974070913	0.10680983770160508	0.2329755917515235	0.10940071432253028	0.11176662218652252	0.05001767796903885	0.21363410973331215	0.070931412230437	0.08856819673399176	0.021631763380420475	0.07391916188825298	0.07550501086112643	0.06614725766419625	0.05290105323574	0.2548038781709518	0.17948608200551208	0.12244556906301998	0.17860991988998803	0.07803209149533845	0.15142037311679357	0.1362577781629332	0.057546090932912616	0.21810914309865082	0.06571467499196332	0.07078448686522776	0.10146842630575731	0.09790611598509114	0.08040792040851431	0.08547480538684817	0.126343967014707	0.10371952719727527	0.23829707975825654	0.05076031890810136	0.03676352242393298	0.04955505937832602	0.12570962309091394	0.09165093265060141	0.028850662242652557	0.050476269100611204	0.13446735513259736	0.06851590609418827	0.10768729559727855	0.06538725056017915	0.11237338764092078	0.12954263086260664	0.11192742214001693	0.06159955281334936	0.08420738984224532	0.03572842071096929	0.19624173665317676	0.08037748319814059	0.07685213900242278	0.09507509117034611	0.10172808146246319	0.11794172762005377	0.08407507854133695	0.08146814959517751	0.20107287462776152	0.1657945124116697	0.15011729232550997	0.11466194776876949
0.1350314228456007	0.08001506971493443	0.0706640364483994	0.09501430273044094	0.03746617735865975	0.058488585406039455	0.0950219232672225	0.06355928576687792	0.052379374188019044	0.0	0.05588589552130686	0.111014397490663	0.06862376936404818	0.1131977452252717	0.1281641513106908	0.03901721848424577	0.08820879875286884	0.15189648576843334	0.09357714465933975	0.037486522935185916	0.07030461362627174	0.03712204546075684	0.22113513431093954	0.04120317488193387	0.08552367938618356	0.1707682794492142	0.05282510850364817	0.08214605678144628	0.04553124489273681	0.02593257387037622	0.09604338250814758	0.1151706838936338	0.06348804758268227	0.0386126662733066	0.07123988074442866	0.03629270876456482	0.011733058674193548	0.058974855424731375	0.0849385406236424	0.0756453853999566	0.036186741022139174	0.059305379962669665	0.05206416363736835	0.03905169623878969	0.08279716085736587	0.10170516712455148	0.11355569803337966	0.07228217911356316	0.107307500895393	0.1816849699190765	0.11547716224955984	0.1331428641072238	0.21301692884004642	0.07194106195317353	0.1571398261465653	0.03701575280433657	0.09335820643621387	0.06028538042403814	0.03937294490292185	0.03920115680841255	0.13275841833221771	0.16431070104142417	0.23516968503209387	0.11428781504537677	0.03166125557968789	0.08610874710201899	0.01732466586588377	0.06041425281417823	0.0790721842687999	0.050849882827404075	0.027787177343118516	0.06206527982730603	0.05593310655344222	0.055838367490884354	0.2609069796283498	0.06696611932755102	0.08721579498451773	0.08741877901952058	0.05258100768018167	0.0981296904167956	0.10320815226139417	0.08882320287289266	0.060746698732011176	0.05661431888788092	0.04232832385915785	0.20636279145676736	0.1584212191310301	0.15619893539562008	0.15961716521953936	0.07899861021332255	0.11257119983858695	0.2575817024551666	0.05881688455250966	0.048203670495272646	0.11218025147698515	0.03641150456737703	0.06263189654256221	0.1641748131294247	0.1392367510864733	0.07781680230367777	0.05419563081604338	0.05664246893525523	0.04839153847587329	0.044970089046035354	0.21779930368284633	0.04681939374563201	0.06241645110538907	0.08199433887621735	0.1958091838546998	0.10317124086959611	0.025582805179074356	0.03801574910667453	0.2553561655302814	0.0782170906065211	0.07140302510373525	0.07496645684937264	0.030866948162044123	0.03922895150124548	0.0748945931061997	0.1230782815330959	0.23639441110297255	0.17201015728437566	0.11143800182845737	0.22366789359423675	0.0850678744925183	0.13404236110144924	0.21597831857953464	0.06975115396190712	0.20573367426575878	0.07403717712886727	0.1208997433188798	0.04161530125192199	0.04951544928083425	0.05402628144437554	0.06870364157494213	0.10129181402504212	0.05957713133519286	0.2041949938233549	0.03549629968278411	0.0665461581872663	0.043086021684018594	0.1394804611080171	0.06080177176029059	0.051721774055725936	0.06004847268033818	0.10353296400778955	0.07385062245227829	0.0631214649898864	0.11842268676362999	0.07912881285582532	0.12934274624859898	0.15926266137430464	0.10748195097820044	0.0228310277596502	0.05073507991556551	0.17056645824562336	0.13121968263242148	0.09144472429884526	0.0769808002360814	0.09713596005123433	0.1369338973542058	0.13116302514839223	0.054747111886532904	0.12493413035820264	0.15387847791871911	0.07566304112045735	0.08566674251437614
0.1433967335596487	0.11451880379216571	0.025285884012652676	0.061079285800078924	0.042959071372224454	0.038384611303528486	0.09064923656217934	0.0694868935479816	0.05250692203457719	0.05588589552130686	0.0	0.061823193193980754	0.08750098401277479	0.06305959491677397	0.08673350537947126	0.03926769087167402	0.11079716899659516	0.06383100567497796	0.06127780734067693	0.00980964104888781	0.07798698527764278	0.009882518656204263	0.150734669665206	0.0611020538717826	0.02149577206237427	0.08485637767706342	0.028768983064618697	0.02710053259857958	0.049575303842539865	0.03762661486870988	0.11585837075191945	0.09803659871032254	0.049853850886754654	0.1023116733632613	0.08313476080361251	0.06841252652548564	0.029381103110750786	0.041046646374394924	0.04874328700915877	0.06316634321924315	0.049994357488238855	0.12361722478175229	0.0845391363104209	0.02370809476703261	0.05714918722104478	0.03907978617172271	0.09157308527941149	0.05023696169622641	0.08649202633014742	0.21340867213243117	0.11271719641033759	0.07784736057616551	0.13425571391636976	0.06472555913700412	0.07037539367832141	0.06042127089933517	0.13076180499996942	0.05220538866008441	0.06755307404645895	0.048688226616327046	0.10922111574287567	0.09403602309276865	0.2019667385777734	0.05275194162833364	0.043824373567956466	0.01105264044049428	0.06500112820417517	0.06801687907877664	0.12374291279867998	0.12538742278743759	0.062285019853776644	0.0731137205967365	0.05323055668367746	0.10917012629577069	0.18232832000560537	0.13999632509474852	0.05636167567776281	0.08243922197972123	0.06901156658934005	0.0402282065568492	0.07486342107587367	0.1024618650680731	0.05229428490993302	0.10051931158509456	0.013448494688098672	0.07094037746435876	0.11276825222764779	0.05715182620101524	0.10503146627103074	0.059791286600647905	0.10407732098803069	0.2540431255441361	0.04847667699593869	0.02179357305358783	0.09934498353626445	0.00429631230321056	0.09486386281908105	0.10499143488409851	0.07323978532570702	0.041182527560851896	0.035587534801923525	0.03881192425235472	0.04787082304100952	0.05689202870463902	0.25808455557170323	0.10026380687075145	0.030796936498824472	0.1058674370483684	0.17719016335124538	0.03927780957894442	0.04594611051426581	0.005876708361380954	0.18024863126746696	0.0649770730806834	0.054677052831981994	0.09021056508832387	0.02569216787046102	0.012185143577599698	0.04209063340126658	0.07275158322339624	0.17909037560529906	0.08002143031456836	0.09281653964243805	0.22527585555583718	0.07974477658981965	0.08203725844937908	0.14391800541944613	0.10003339235947316	0.12909927584544284	0.10202622651260444	0.1281093763617467	0.06097598362516483	0.07441918557764321	0.06628462330069258	0.07458298884421367	0.11199515987159553	0.08342349903486948	0.19633999779076217	0.007864104576187862	0.06546789707798562	0.05302102748138253	0.04097971581028681	0.08449799474793926	0.09348219782335548	0.03419589247505795	0.07854190490085927	0.08227128876404055	0.027666260151807193	0.063511896784434	0.03520835456445706	0.14220205607813974	0.1333155235924952	0.07627115488445839	0.08057906108259424	0.08127474250462298	0.25272946681824104	0.11285209257933866	0.053014098976740615	0.028509561082631155	0.08056873917516257	0.09433625949600649	0.11237221044900954	0.07721898883722654	0.19603906717426067	0.126409867754081	0.05002565749973025	0.046309448685042665
0.10499091201374562	0.06499239137444358	0.08598246232409908	0.08485338858979984	0.07282580240983101	0.1119717825141619	0.07049439549688134	0.10783734255915921	0.09940189496975935	0.111014397490663	0.061823193193980754	0.0	0.07039940095518445	0.027387671749050255	0.05861487312422308	0.05616370416052637	0.05439095113374023	0.06898235096979423	0.04358291363157379	0.08623903293026165	0.04332103048172157	0.07873004778463727	0.09013937122618101	0.11539454743138366	0.07342211136161991	0.0369774093361456	0.004159802007039362	0.0812509659034674	0.07460332928938408	0.0982530516748285	0.09338949712329017	0.12298810482730983	0.14426074176508405	0.08748059154336271	0.09386887605308215	0.07754147936312573	0.03672273104505053	0.04012206440075672	0.034584258796871	0.07273700775951035	0.06117087839109654	0.07827763242419032	0.1038040471772335	0.05960926262271215	0.12363995792538741	0.060450111647625177	0.12185031886534908	0.09678796073022837	0.05352293128240198	0.1184913148786046	0.017806009255694234	0.06148493504587787	0.021072765175681133	0.07946402827552886	0.0495066163437641	0.05539862724444459	0.09024350790057736	0.08100037067231924	0.057614250014489186	0.041619580361652135	0.11592912950255621	0.07749586780736378	0.3028675937286922	0.17001804093439413	0.10333466257417556	0.1137393376526414	0.05451992103020233	0.04509960131083556	0.045879758652259364	0.15542882367755714	0.12895633715224883	0.07943322609474525	0.0492608830042699	0.15059422882147264	0.16901052165315117	0.1207908536187163	0.14949277750613257	0.04697860720172133	0.1130826327390642	0.14977168830526438	0.05599205907462474	0.11093632243566677	0.13191290436125602	0.11718967493890328	0.08763902583599284	0.05649200002498821	0.07767859040586034	0.06497964678109544	0.11417212927241993	0.09389348458819108	0.07457505217924458	0.21260427400511603	0.0572252828790708	0.09969867309107888	0.06177183742815951	0.05928953082404909	0.148345476205999	0.1194161680200379	0.12746876191369477	0.03682757230165627	0.023374975862692885	0.06446226784792847	0.06864786727799546	0.1181424777145259	0.2292625302032783	0.12486174277216318	0.16335215969840136	0.0984559763380754	0.19714628549069332	0.08353972168826844	0.08137027766588331	0.06751992277527367	0.13795548260291082	0.06504515754259665	0.08962362420362405	0.057618905052057495	0.04503746871381059	0.04923603002609744	0.11128837092789673	0.06845613359620815	0.16896136425872194	0.11438624600162535	0.06139861901747484	0.1478700715563511	0.03573806276522441	0.11363940594929031	0.06750026772729478	0.13862849966305169	0.12153526727570985	0.06351571841456978	0.09899784050838761	0.08860341182583124	0.09027479247611132	0.0878103675556954	0.0626123440638739	0.14951437442273596	0.08464469496158664	0.22223549237530074	0.07115795853336102	0.1255685900110121	0.02912942523712148	0.017962998876250278	0.030113298843274693	0.10714937969764105	0.11433966639152081	0.0686187978754184	0.0810317176680999	0.1349079239667462	0.04735111852167832	0.12568314644926643	0.08713958138806426	0.10842624197732796	0.044366795934099756	0.13128471689747848	0.08902313446135349	0.24537762557121293	0.1583825554535021	0.05991183417150428	0.10930628121431507	0.07615319177726745	0.05590026591440438	0.04145357957873302	0.1960842564333597	0.23968786926662777	0.1584388548162269	0.1843050489843377	0.07400234347797723
