0	-0.087256329	0.11082082	0.042978949	0.36254277	0.24884065	-0.018484359	0.12824165	0.39631546	0.24616706	0.077905912	0.14457564	0.50106154	0.49256467	0.53868154	0.40014292	0.11232072	0.34111549	-0.04522676	0.029392779	-0.031818496	0.023667171	0.1441541	0.6816263	0.54748098	0.1350386	0.069238308	0.10039418	0.1284088	0.34172629	0.30921115	0.332833	0.045618314	0.13936497	0.11160279	0.14427103	0.072230052	0.45350616	0.35980068	0.22200265	0.05038955	0.094607922	0.3652644	0.099091174	0.045455599	0.18608	0.40621376	0.13422951	0.060844891	0.096602958	-0.12495203	0.31037015	0.36129457	0.19793581	0.54860264	0.013659389	-0.025718645	-0.087643996	-0.10939742	-0.11077619	-0.025461465	0.6564021	0.42173366	0.20910141	0.21245384	0.12479816	0.071918468	0.17011888	0.024103582	0.35056622	0.34379212	0.20146845	0.45588511	0.06646774	0.44858531	-0.034126681	0.031481782	0.056557602	0.48857163	0.19987133	0.064216779	0.10531541	0.25610432	0.20339395	0.033270967	0.15450162	0.58489178	0.38599309	0.31528457	0.43635929	0.11246225	0.032506702	-0.028113622	0.020185194	-0.087780197	0.026110906	0.095403739	0.53924338	0.30312336	0.073944994	0.058473483	0.052281829	0.1204503	0.18975316	0.36783764	0.23900451	-0.00807587	0.089584732	0.25450145	-0.010097194	0.065222313	0.41965691	0.30683285	0.31134721	-0.021566502	0.042243497	0.31070829	0.040432096	0.081523518	0.084117489	0.24493116	0.097008129	0.046044517	0.060125182	-0.14609856	0.24173804	0.30254219	0.20449487	0.063293311	-0.06450109	-0.041676797	-0.023230232	-0.074957827	-0.039271996	-0.050680101	0.2467011	-0.13038769	0.22574736	0.082200851	0.23016849	0.13208036	0.052089861	0.030166242	0.34475462	0.33722026	0.13574402	0.30475972	0.12021095	0.27970566	0.15885857	0.14129489	0.11246057	-0.21685682	0.0092271691	0.065042059	0.20474764	0.16063055	0.28974835	0.047124537	0.24573624	0.00693172	0.042991183	0.065721344	-0.036745069	0.052647456	-0.014656119	0.051419917
-0.087256329	0	0.83300549	0.66238957	0.2392603	0.39650597	0.65679293	0.73853075	0.22240785	0.59813895	0.74375351	0.63074259	0.39244076	0.22262583	0.4515054	0.54044029	0.42449707	0.31383626	0.93428099	0.8222189	0.92956466	0.82908961	0.45967726	0.21479118	0.27643288	0.6546017	0.82281038	0.61214993	0.66932507	0.60083436	0.36738917	0.46312192	0.75712799	0.72841113	0.42218634	0.76792645	0.75073051	0.56230632	0.55508706	0.34940782	0.74056821	0.77993645	0.46847252	0.7943725	0.65294449	0.68583417	0.031218178	0.61148774	0.64414122	0.43976356	0.85828314	0.50809173	0.37525259	0.49364716	0.056080838	0.69334321	0.92262195	0.89561519	0.9381548	0.8377014	0.7022908	0.078021109	0.045918293	0.19036032	0.52648366	0.59913913	0.74007971	0.47143577	0.67429452	0.22852353	0.6064257	0.5606342	0.63605962	0.7125192	0.12617864	0.96403601	0.75656128	0.72317069	0.25608259	0.1572144	0.63513626	0.69866295	0.16351161	0.51309441	0.7393413	0.62072063	0.13749316	0.28179345	0.37210424	0.48037821	0.69644987	0.54472779	0.90456411	0.78697301	0.892496	0.78933931	0.63788006	0.20169164	0.29639544	0.70131765	0.78675616	0.58138992	0.72210909	0.57465365	-0.075497935	0.087541233	0.75251445	0.71227466	0.41505136	0.73099039	0.63597841	0.28184113	0.43597843	0.10985997	0.80844539	0.87490923	0.5352734	0.77325525	0.66352411	0.7494793	0.02517206	0.65760776	0.62642211	0.26986668	0.85313786	0.52543057	0.27073044	0.40778418	0.49619766	0.60407163	0.91295574	0.81139013	0.82845174	0.8813273	0.70673535	0.08018323	0.23003826	0.2309478	0.46568298	0.4337482	0.59589037	0.56749348	0.71742884	0.14621312	0.26194288	0.38205385	0.64548616	0.73644282	0.67385145	0.64909429	0.34756031	0.28034128	0.23209694	0.46562672	0.21496943	-0.061561392	0.46261497	0.71564732	0.6628407	0.21812003	0.20133979	0.42321505	0.5110937	0.16700231	-0.031563378	0.48638072	0.77564744
0.11082082	0.83300549	0	0.73663894	0.33509826	0.43599898	0.63647204	0.73845902	0.2570973	0.59142469	0.66998213	0.68763616	0.51902872	0.33577188	0.5780104	0.66990654	0.51147407	0.47968662	0.78009567	0.72566722	0.7907283	0.76057138	0.42165618	0.37300022	0.38501813	0.73410214	0.77055799	0.73220655	0.7704205	0.59390346	0.32817698	0.51955565	0.80597687	0.7736978	0.44969756	0.78722695	0.66084435	0.63007423	0.61908279	0.42005214	0.79418457	0.7005871	0.53778181	0.73753971	0.74229902	0.68054149	0.1638135	0.64337328	0.70301684	0.37445116	0.72743745	0.57409115	0.45695258	0.52791294	0.20992312	0.58456372	0.78658981	0.76248033	0.80237118	0.67190769	0.63245669	0.28614513	0.19382793	0.23021453	0.49538307	0.56707458	0.77521281	0.49882386	0.64304284	0.30435253	0.56978579	0.52317652	0.70133814	0.77354189	0.27939027	0.82159896	0.9001002	0.7998511	0.37255299	0.21085068	0.68652512	0.71234267	0.16826725	0.5280427	0.68646763	0.67616739	0.27195383	0.34559681	0.46293528	0.6115503	0.71970138	0.57873476	0.74938106	0.70131844	0.75037114	0.74893479	0.56503959	0.32089165	0.33270934	0.7607989	0.7126433	0.68986211	0.80454176	0.5447729	0.02562868	0.073988036	0.74418299	0.75405268	0.40834867	0.77295272	0.5404661	0.35684291	0.51339108	0.24708085	0.83107332	0.77419534	0.56240722	0.75704488	0.74587406	0.70886562	0.18761112	0.65662643	0.69518646	0.22955187	0.74945125	0.5606318	0.33273171	0.44911403	0.46038939	0.4952653	0.77539095	0.67539897	0.69857151	0.73610573	0.6246837	0.11940803	0.074825442	0.25276476	0.41468541	0.45552028	0.70689066	0.60631305	0.69530374	0.19687086	0.27609722	0.37592836	0.65620378	0.73455185	0.6910508	0.68509512	0.40964236	0.29067625	0.19186687	0.51083766	0.19632469	0.015120512	0.47029524	0.70075539	0.67756103	0.24509555	0.20948029	0.41703897	0.5147233	0.18798928	-0.060283773	0.37737009	0.76831285
0.042978949	0.66238957	0.73663894	0	0.26800094	0.23110895	0.63986814	0.67450351	0.14600932	0.48447896	0.52851087	0.70497469	0.48362609	0.33203501	0.37728993	0.53713871	0.69871953	0.58222184	0.58719043	0.59132142	0.64507073	0.6410425	0.44706947	0.2593179	0.20196297	0.78400926	0.64358542	0.8241979	0.86681349	0.44831023	0.50247968	0.48076095	0.80940941	0.83631133	0.5767592	0.76195539	0.54205209	0.52016752	0.6182764	0.33117824	0.83680167	0.41111138	0.49357564	0.58059353	0.88276142	0.51054405	0.18953337	0.72119177	0.76986192	0.40515189	0.66587607	0.44938054	0.29726523	0.36762149	0.011721112	0.4331884	0.5350345	0.59224413	0.65237711	0.60570524	0.52977834	0.13669983	0.075941727	0.14029189	0.38961838	0.44892512	0.75429264	0.47586993	0.61053799	0.30204167	0.46216276	0.44823855	0.60780652	0.7570299	0.20195134	0.63129412	0.73450529	0.9564728	0.30826441	0.06706127	0.64412266	0.70347738	0.1007868	0.49334707	0.59039942	0.63823104	0.26198115	0.28354386	0.33583921	0.53715659	0.80683234	0.58464088	0.52256187	0.56394073	0.61887439	0.60440244	0.50318774	0.32058143	0.25889358	0.74185727	0.56403871	0.79729936	0.82848166	0.47276167	0.16361961	0.17413499	0.74648406	0.83860247	0.4740442	0.79141192	0.46776852	0.2931544	0.5238323	0.16008794	0.80667821	0.51685893	0.61039229	0.62847331	0.84189213	0.57461967	0.19533468	0.61426459	0.74970986	0.28372407	0.67386787	0.46862458	0.19107763	0.3582328	0.3410477	0.36331713	0.5266331	0.50987606	0.63889328	0.65415389	0.51727938	0.085348297	-0.01417495	0.29689259	0.40061344	0.37369994	0.73188213	0.54668965	0.63004116	0.33247338	0.25697767	0.26604613	0.63108853	0.71245174	0.58473087	0.42033402	0.3027727	0.31543329	0.074425518	0.52224592	0.30139684	0.065181804	0.32581254	0.52298704	0.46957766	0.16582146	0.24596149	0.34323489	0.54952326	0.39249331	0.068533531	0.20401104	0.63556032
0.36254277	0.2392603	0.33509826	0.26800094	0	0.55791196	0.26983397	0.36808837	0.52280701	0.573326	0.34811174	0.31740148	0.25680758	0.25770746	0.55845647	0.56957321	-0.048430013	0.16725326	0.23535738	0.31929061	0.28721458	0.35055226	0.29944776	0.50572201	0.61272478	0.27543482	0.25736536	0.37632369	0.25783044	0.56548858	0.25378749	0.49057897	0.36579864	0.26537818	0.16265718	0.46099782	0.30401978	0.49245611	0.31617096	0.34063489	0.36489892	0.21733374	0.42939255	0.39340014	0.30648603	0.3990232	0.053878347	0.22614351	0.16448766	0.26429351	0.2210051	0.39704744	0.41899607	0.48202859	0.43868452	0.1431303	0.19710536	0.16809706	0.20464415	0.27078266	0.21512734	0.35343213	0.50742955	0.24031033	0.43310743	0.42224286	0.23600272	0.19940826	0.14773103	0.6105395	0.54746269	0.36491467	0.48438699	0.37796767	0.36726264	0.31866519	0.38345296	0.28766984	0.5303024	0.35890573	0.29316952	0.40750081	0.42989412	0.46421509	0.33668289	0.30881219	0.34464041	0.32934951	0.44645686	0.52908717	0.28420931	0.21543029	0.27683793	0.28408793	0.28170941	0.39981542	0.29410746	0.34922677	0.48354026	0.2763049	0.17174877	0.37176003	0.41729595	0.46982618	0.19367548	0.14808645	0.31127681	0.31376162	0.24722091	0.32368464	0.15088974	0.46169302	0.28348885	0.35750091	0.3417493	0.34704652	0.35397787	0.38720875	0.40019977	0.26512566	0.23059456	0.38007518	0.22605728	-0.014628012	0.26954418	0.33522968	0.42578231	0.5053962	0.13430365	-0.053438271	0.24985534	0.14719277	0.3668633	0.20345341	0.200845	0.2978106	0.0042701243	0.28624222	0.25894632	0.35642571	0.32465186	0.1766598	0.19767236	0.4033161	0.44106458	0.35405698	0.46372691	0.39430748	0.39246928	0.44007777	0.45434959	0.21626653	0.049031024	0.37640873	0.2867592	-0.028191753	0.36494907	0.44189077	0.29286291	0.34113188	0.019967121	0.19198047	0.25998438	0.12242122	0.15578207	0.23414624	0.49019388
0.24884065	0.39650597	0.43599898	0.23110895	0.55791196	0	0.63357492	0.69765806	0.66713111	0.71725629	0.50289943	0.4910736	0.36815922	0.43064561	0.61461304	0.6845439	0.064889166	0.35589393	0.44720968	0.45473623	0.45005357	0.50031396	0.37017531	0.50395527	0.53657522	0.39610119	0.44460872	0.217233	0.25741838	0.64599783	0.22575907	0.70897479	0.54006676	0.27642198	0.1249886	0.61199773	0.39683103	0.521215	0.46903014	0.61035742	0.52051477	0.51829841	0.35968109	0.59895388	0.21068359	0.67556624	0.30928132	0.46647976	0.45247384	0.1598595	0.36750279	0.54326209	0.71331039	0.6418022	0.5658394	0.29692332	0.44647921	0.3747377	0.35893625	0.26792736	0.36695506	0.2490485	0.52458285	0.45480324	0.63704648	0.77237412	0.29186343	0.32670445	0.334285	0.56811026	0.62347949	0.47185146	0.46491776	0.57609016	0.33326974	0.44921744	0.35053607	0.31647207	0.47452155	0.81535162	0.6149188	0.66523123	0.61122811	0.59557988	0.42612542	0.59216348	0.27913494	0.47835383	0.53297162	0.71686299	0.46001455	0.52640466	0.48804749	0.39627599	0.43457671	0.55922796	0.40647115	0.42230762	0.43609179	0.45385159	0.33579159	0.18296059	0.43009624	0.5502487	0.050998993	0.17512017	0.46964114	0.29105242	0.3860836	0.48125077	0.33333981	0.36051209	0.48804256	0.51711749	0.52196978	0.58150353	0.24739536	0.56565524	0.25666992	0.56695218	0.48696667	0.65467421	0.48785705	0.059105694	0.34933752	0.52309867	0.60361245	0.58288538	0.44783852	0.20879806	0.47787432	0.38573417	0.31714003	0.39213236	0.37308912	0.41818603	0.29013404	0.25029822	0.46580658	0.72849939	0.26653506	0.34196783	0.45065181	0.25133998	0.49238226	0.40212098	0.44272931	0.64995576	0.56649085	0.71883477	0.65631476	0.25274696	0.31279323	0.21811489	0.23975506	-0.096443016	0.73068589	0.70113533	0.61885496	0.52272324	0.11635977	0.40541723	0.14163654	-0.058181669	0.15650783	0.57567191	0.61698805
-0.018484359	0.65679293	0.63647204	0.63986814	0.26983397	0.63357492	0	0.85346051	0.15519699	0.62335881	0.6899978	0.85900321	0.34916909	0.42302385	0.53069195	0.63633992	0.4491699	0.48466746	0.67284747	0.69991836	0.69410651	0.71820028	0.40137995	0.19852757	0.17278675	0.76102719	0.71797501	0.45862518	0.64310627	0.50653399	0.29339092	0.5981567	0.75764197	0.62038294	0.32377662	0.7998899	0.54142366	0.46564925	0.58088299	0.64415331	0.82054092	0.45198733	0.37328492	0.74253554	0.5728444	0.73803018	0.16845655	0.7919221	0.85283619	0.30804838	0.68743103	0.57831049	0.66329785	0.63629969	0.23880507	0.46857727	0.59424095	0.68803775	0.67578222	0.57648365	0.63971959	0.029237392	0.13361918	0.3111043	0.55124833	0.67493283	0.61917915	0.52440541	0.72186938	0.22387899	0.42839364	0.5272153	0.48115502	0.76816095	0.12580181	0.64529083	0.5757489	0.69375614	0.11331245	0.37887818	0.93079461	0.79078341	0.12926937	0.56118542	0.67815903	0.81075179	0.014767206	0.26759863	0.42735577	0.56129861	0.78479835	0.72591271	0.6769718	0.67293713	0.67279907	0.75497335	0.51940123	0.1616144	0.16606567	0.81432701	0.62378361	0.39803957	0.71962111	0.45429489	-0.11618072	0.075417354	0.65855923	0.64601667	0.48804629	0.85775535	0.42446656	0.068240965	0.44612708	0.21495849	0.81859192	0.60335029	0.34669919	0.77487466	0.54299894	0.78118448	0.26209105	0.81629784	0.864365	0.052036421	0.66746428	0.5848914	0.39239722	0.42412012	0.62823487	0.43130036	0.62619924	0.63795646	0.5911905	0.67973062	0.62801043	0.18748588	0.31893123	0.090479849	0.48233142	0.56087611	0.49071899	0.61749451	0.79370344	0.030783552	0.11752985	0.19176021	0.4896525	0.74482226	0.59986279	0.65647437	0.61511105	0.4002335	0.27866246	0.34822743	0.39340324	-0.11445128	0.55963606	0.71757884	0.62833677	0.38883939	0.29333159	0.52406702	0.34624639	0.13633551	0.057236478	0.50815515	0.72550278
0.12824165	0.73853075	0.73845902	0.67450351	0.36808837	0.69765806	0.85346051	0	0.44119879	0.74430144	0.72966967	0.76459396	0.50526685	0.49784335	0.60911384	0.70579447	0.48600443	0.52903108	0.74036363	0.71912558	0.76720848	0.79277876	0.52943544	0.4045969	0.38191823	0.7691501	0.73734932	0.52104588	0.61590457	0.69753663	0.39182382	0.72423324	0.8632015	0.70985262	0.47166711	0.8889274	0.60822231	0.66492097	0.63741533	0.59916437	0.86767439	0.6382751	0.47138761	0.81704068	0.59825323	0.82647156	0.31698252	0.81993569	0.79611433	0.33287096	0.72434336	0.61174687	0.63242963	0.62631558	0.40570524	0.52769403	0.68956059	0.69970118	0.71841411	0.57378093	0.66184445	0.18615631	0.23138998	0.36591779	0.7108232	0.80451719	0.62693761	0.46234853	0.64573116	0.35242295	0.66620371	0.54014255	0.65713429	0.84558492	0.2327976	0.73585679	0.63309007	0.74994818	0.34430329	0.47186782	0.84188626	0.90330383	0.40530425	0.68851973	0.71683307	0.81279192	0.29083288	0.48709604	0.5088361	0.72587453	0.82414216	0.74577228	0.73651038	0.69076995	0.73376345	0.81405421	0.62615372	0.38315934	0.38411243	0.79583522	0.63731183	0.46916958	0.72428071	0.65951259	0.068840646	0.16406051	0.76157242	0.69047229	0.50932583	0.85819016	0.53250212	0.33180908	0.63779705	0.36584704	0.88127295	0.75263355	0.50098497	0.82973697	0.59565295	0.85271001	0.36619345	0.88008736	0.82188202	0.19642336	0.70338021	0.67670988	0.47621776	0.52012102	0.61899519	0.46986356	0.70799219	0.62816402	0.63119265	0.72059332	0.67550605	0.27973261	0.29591246	0.25734402	0.61509704	0.69828051	0.51452524	0.58035511	0.7649854	0.25618248	0.41709245	0.33798879	0.678618	0.86061206	0.70934972	0.74952565	0.56722646	0.34536341	0.30093216	0.3642229	0.358774	-0.11878401	0.70969759	0.76821201	0.7217681	0.41596147	0.22532549	0.56396245	0.41689654	0.11230097	-0.011041556	0.57529644	0.79926958
0.39631546	0.22240785	0.2570973	0.14600932	0.52280701	0.66713111	0.15519699	0.44119879	0	0.64106915	0.26547129	0.096285481	0.35984803	0.2039039	0.43415379	0.47288064	-0.016688249	0.13694641	0.22654033	0.20825831	0.26603635	0.2665728	0.36535322	0.47763916	0.63525681	0.13064638	0.21996364	0.16396128	0.077270257	0.69382213	0.32807308	0.5650652	0.36269674	0.1808954	0.14485293	0.39097222	0.29752065	0.49777599	0.24834271	0.19128679	0.29708985	0.37289789	0.36959722	0.35379311	0.10086829	0.4545492	0.26834644	0.1986132	0.077964699	0.13767132	0.15422592	0.20931132	0.38365895	0.38363064	0.41643056	0.15044546	0.25365467	0.11728899	0.13715012	0.11370824	0.13655772	0.24221843	0.4773483	0.21215433	0.60951627	0.61913821	0.098366906	0.021562382	0.038623434	0.60940362	0.74394996	0.32620985	0.48213302	0.33031124	0.30280047	0.27917126	0.18474135	0.19319717	0.6458532	0.65649345	0.15183237	0.43805986	0.8710008	0.5698904	0.21197313	0.19949508	0.43908035	0.39151099	0.32804798	0.57252584	0.25153142	0.21633205	0.26305445	0.14334617	0.23164677	0.29923656	0.28260676	0.48621497	0.53901454	0.11767594	0.097045882	0.19048229	0.20570541	0.63806782	0.24273708	0.25524961	0.27855578	0.14327419	0.221425	0.19281805	0.23858941	0.5855121	0.37851723	0.45349473	0.29138388	0.38478194	0.32972528	0.28335227	0.18080398	0.31380669	0.32079676	0.37341246	0.1312967	0.18732718	0.15871159	0.24932763	0.45448249	0.50551776	0.042796972	0.032405315	0.25579022	0.13034171	0.17023528	0.19482251	0.15013	0.25862355	0.1370306	0.32389579	0.45802157	0.59227869	0.14335401	-0.025933332	0.13759581	0.55049475	0.77390026	0.43585387	0.44705394	0.43705739	0.41217165	0.51589618	0.33934614	0.049575028	0.183552	0.16384345	0.16098838	-0.11412514	0.62908291	0.46664565	0.4409275	0.30682566	-0.044350233	0.23791825	0.13802642	-0.096305571	0.14468307	0.35048942	0.41578008
0.24616706	0.59813895	0.59142469	0.48447896	0.573326	0.71725629	0.62335881	0.74430144	0.64106915	0	0.73190483	0.5656854	0.4108548	0.34981867	0.59282	0.65626021	0.2584795	0.37843739	0.66974099	0.67376528	0.70180943	0.75437338	0.67719885	0.42581281	0.59542323	0.58481236	0.62646582	0.48575557	0.49210328	0.82953646	0.44533634	0.70539548	0.72055758	0.54486956	0.34791967	0.80829199	0.62682135	0.718414	0.52847741	0.38809419	0.73097047	0.50679145	0.62504566	0.81973978	0.45118729	0.80384938	0.15108516	0.59989237	0.51144024	0.30141134	0.59430995	0.54634763	0.51554939	0.73084549	0.33013772	0.42973237	0.57950936	0.58938308	0.59076071	0.53508532	0.69620639	0.21547332	0.3607212	0.34001066	0.80845921	0.77496055	0.51573565	0.30170771	0.48351225	0.62708088	0.79940064	0.57366948	0.6518906	0.72754657	0.14180829	0.60740479	0.54176473	0.53834975	0.47253584	0.45394872	0.58775822	0.76040629	0.54020743	0.84060691	0.70614538	0.53316158	0.25377409	0.40080253	0.37399126	0.62624716	0.63128969	0.45661847	0.665107	0.63034337	0.69194453	0.78150368	0.66762596	0.34841536	0.54217857	0.58112365	0.49413608	0.44091686	0.60110751	0.74987405	0.11672141	0.23754929	0.59320169	0.53402911	0.42735667	0.67693363	0.40459402	0.43104006	0.52722687	0.25723703	0.71309666	0.6678957	0.47586688	0.77920766	0.4934392	0.7020468	0.19792011	0.68758976	0.54026131	0.21625515	0.63936654	0.54301419	0.44611137	0.66710861	0.32749147	0.26205573	0.58393961	0.5123731	0.55449915	0.60489133	0.69172336	0.11537077	0.27771203	0.34053969	0.69680758	0.64848117	0.47724172	0.38035877	0.6068861	0.34959246	0.61140287	0.33107103	0.68429511	0.70186335	0.62103029	0.72304206	0.50845588	0.26759741	0.27426957	0.52350636	0.41249072	-0.13105627	0.70708078	0.70476225	0.6099987	0.32733928	0.0029729206	0.46716765	0.53543509	0.10509568	0.18215023	0.54362579	0.72300096
0.077905912	0.74375351	0.66998213	0.52851087	0.34811174	0.50289943	0.6899978	0.72966967	0.26547129	0.73190483	0	0.60003027	0.27572079	0.33838006	0.47350682	0.44851106	0.38615282	0.39308461	0.86462875	0.95770885	0.84468091	0.91034961	0.46926731	0.27284384	0.33933286	0.60478299	0.68331651	0.50028325	0.48581301	0.64413315	0.27331646	0.58164066	0.71935876	0.54998842	0.28889067	0.76785801	0.69849108	0.57132637	0.50652019	0.34091418	0.72407704	0.57255961	0.42298409	0.95645267	0.45018282	0.86635751	0.061212192	0.65608165	0.66013244	0.34856878	0.70733196	0.56154384	0.45904926	0.50254349	0.20463181	0.52605202	0.76902993	0.80537208	0.76039732	0.68409412	0.83822996	0.18752755	0.23323325	0.32546514	0.79273112	0.6972956	0.54257904	0.28886212	0.56870536	0.2635283	0.62639247	0.5540513	0.50870544	0.72403887	0.19189017	0.75755041	0.62611496	0.60344785	0.31208252	0.26125886	0.69206061	0.73443387	0.26621453	0.72970554	0.9750127	0.62538739	0.15835279	0.36421586	0.37962447	0.47989141	0.70845866	0.57883829	0.85138679	0.95050083	0.84654005	0.92054784	0.65321253	0.25836923	0.37079044	0.64866544	0.67863633	0.37656898	0.60592243	0.67211145	-0.04093245	0.2199619	0.63296012	0.58518731	0.41632603	0.7224539	0.53242646	0.2894495	0.49803128	0.11092886	0.74582853	0.75912534	0.40442764	0.9316335	0.48480637	0.84535945	0.085776062	0.71805458	0.65746207	0.15090906	0.73862497	0.59768418	0.38896273	0.44928034	0.49522386	0.3931277	0.78824264	0.68239572	0.67832392	0.74163651	0.79113191	0.13691192	0.19433686	0.33386925	0.72348663	0.58299132	0.4581966	0.42160065	0.69210951	0.039814474	0.36562514	0.27873322	0.59819137	0.72195957	0.64692534	0.71043424	0.45223925	0.25343152	0.18613433	0.32738993	0.20255997	-0.088806551	0.54605049	0.64927637	0.71921215	0.27927816	0.028601861	0.48201733	0.40624373	0.014824163	0.028550474	0.58566409	0.75616693
0.14457564	0.63074259	0.68763616	0.70497469	0.31740148	0.4910736	0.85900321	0.76459396	0.096285481	0.5656854	0.60003027	0	0.59045661	0.63738058	0.68747827	0.76276203	0.54399993	0.58634742	0.62848777	0.64124022	0.63373727	0.65797948	0.46521967	0.41690688	0.29197101	0.8650226	0.71253877	0.55817444	0.77777533	0.49474658	0.44904437	0.58501205	0.73762675	0.75088738	0.43146704	0.81382319	0.55509753	0.62367938	0.71002224	0.70095325	0.79842118	0.42885177	0.52240909	0.65843755	0.6668157	0.65284351	0.21788314	0.78997008	0.86496987	0.42054569	0.63109706	0.71258328	0.67008628	0.60910742	0.32369058	0.49468124	0.56120707	0.65374397	0.67470147	0.60279823	0.55166331	0.32647757	0.18869903	0.29715936	0.40368103	0.53488867	0.73012154	0.70932498	0.74430858	0.27792713	0.41110479	0.56743818	0.6903543	0.72255674	0.12832834	0.62283865	0.60255961	0.7256776	0.13536249	0.14623778	0.84340807	0.69932646	-0.059770281	0.44187028	0.58730198	0.84375108	0.17132048	0.34468359	0.37826919	0.58906287	0.76308632	0.64231666	0.61722	0.62739692	0.60989932	0.67402344	0.46308025	0.24240337	0.097948754	0.86929255	0.64279692	0.47830538	0.8053031	0.33806629	0.038408172	0.11419399	0.60566724	0.74483395	0.54017284	0.83586121	0.44231516	0.075485808	0.49738983	0.17048556	0.77375415	0.56628815	0.48408406	0.69714363	0.64727279	0.69958907	0.17249934	0.73830121	0.83223555	0.10693297	0.64151905	0.62869516	0.23995071	0.29784659	0.64151913	0.42985182	0.57958042	0.65728698	0.64311631	0.66815759	0.53726317	0.16786193	0.14368336	0.14642557	0.27518845	0.40419569	0.61767027	0.73831026	0.79387966	0.097951546	0.0099532542	0.14694029	0.55525908	0.68894278	0.60822963	0.55830929	0.55736989	0.46568318	0.099161556	0.47295325	0.38937418	0.017192679	0.44728922	0.73385283	0.49326372	0.35084063	0.33100711	0.4843097	0.48313178	0.22126337	0.011906593	0.32653779	0.66661059
0.50106154	0.39244076	0.51902872	0.48362609	0.25680758	0.36815922	0.34916909	0.50526685	0.35984803	0.4108548	0.27572079	0.59045661	0	0.7167047	0.57279003	0.68211748	0.47128814	0.54644955	0.34535244	0.28351691	0.37483336	0.39959621	0.38675142	0.64101709	0.41571231	0.51658942	0.43385775	0.39797344	0.53279613	0.4542964	0.46574233	0.52770898	0.46569761	0.6386862	0.52059707	0.54915067	0.29933053	0.63745053	0.75757079	0.55959143	0.45671301	0.44204622	0.62797344	0.38726125	0.43539264	0.35936341	0.65951137	0.46057982	0.489755	0.24677151	0.36776525	0.48709592	0.54330818	0.28158481	0.41221926	0.27611417	0.37501768	0.31994716	0.3939309	0.3301935	0.25922381	0.59837589	0.21713254	0.091129291	0.25131936	0.3500952	0.49917433	0.44232181	0.38559376	0.37596107	0.54273491	0.32099001	0.83302279	0.44217019	0.20434717	0.39826411	0.34603769	0.48873265	0.32696535	0.22334024	0.4069579	0.43763125	0.15236954	0.32930171	0.25964146	0.52775407	0.65815986	0.51668273	0.25355304	0.65575675	0.48933332	0.37028608	0.31191677	0.26422434	0.33509438	0.3414217	0.30508373	0.61917222	0.20206973	0.45590391	0.38727371	0.36434898	0.48537918	0.28577665	0.40041855	0.18395278	0.40697832	0.55444547	0.52886717	0.39957576	0.37917481	0.3877598	0.66505613	0.43199134	0.45570456	0.41009041	0.67145498	0.36999083	0.43002178	0.40589505	0.42053918	0.41057158	0.42170517	0.33060263	0.3193051	0.42644522	0.18566604	0.16276906	0.35261312	0.26734885	0.32984447	0.38514308	0.323276	0.43424699	0.25718498	0.14076849	-0.029057884	0.16678623	0.10716477	0.33297597	0.47821678	0.4073511	0.41725419	0.42802607	0.30189633	0.1894574	0.64300874	0.48879337	0.51252448	0.34168573	0.24380116	0.19990783	-0.098059522	0.29944127	0.20612086	0.16008236	0.33600949	0.57818484	0.30406809	0.31020976	0.22959077	0.28965006	0.33574697	0.21150411	-0.056027345	0.17003139	0.3638982
0.49256467	0.22262583	0.33577188	0.33203501	0.25770746	0.43064561	0.42302385	0.49784335	0.2039039	0.34981867	0.33838006	0.63738058	0.7167047	0	0.66987681	0.58874968	0.48342513	0.62743607	0.26882647	0.29416793	0.27158427	0.34610992	0.3433599	0.7287222	0.449572	0.56895214	0.30662162	0.1886331	0.34363392	0.40658788	0.39613967	0.52688822	0.41265482	0.47036564	0.31603864	0.50602519	0.26812378	0.63015523	0.62174839	0.6095296	0.39208247	0.34806178	0.37004834	0.39661262	0.25344127	0.46775087	0.52644897	0.57519071	0.53442286	0.19448059	0.189693	0.72436184	0.59231864	0.3092795	0.61812878	0.27295174	0.25567921	0.20932098	0.24233684	0.18089859	0.23073685	0.68758904	0.3095782	0.42786899	0.33116157	0.39867663	0.31245139	0.52454034	0.34359821	0.26369376	0.37761798	0.34720577	0.60564773	0.43398273	0.24361004	0.26240546	0.1723013	0.36540161	0.24664914	0.20145323	0.4654329	0.42426592	0.050580723	0.28262881	0.27957792	0.67953955	0.53893562	0.64252586	0.31930165	0.55059172	0.45757216	0.43130725	0.26783847	0.29735925	0.23858385	0.33278213	0.28664325	0.51969408	0.15674091	0.51001643	0.32428382	0.083346696	0.3989441	0.19826591	0.31719251	0.20278364	0.34276108	0.40186332	0.47283013	0.41542928	0.36250979	0.19777882	0.65338641	0.31295619	0.35430854	0.34083063	0.39641466	0.37082487	0.26520457	0.45647672	0.34485613	0.49317505	0.47860086	0.21007987	0.14738681	0.62956379	0.22290216	0.10579235	0.60228738	0.22265624	0.25875207	0.29433042	0.24602858	0.34316191	0.21073996	0.32231833	0.027626721	0.3518826	0.13725481	0.37716754	0.2269069	0.48263801	0.40513715	0.22389657	0.13189287	0.062870784	0.4592465	0.47221235	0.50033893	0.37794548	0.38068797	0.32588497	-0.083378551	0.14399259	0.14740834	0.25721228	0.35695477	0.54887575	0.34213343	0.38958479	0.23823144	0.34721649	0.24246133	0.074722946	-0.062243405	0.20200004	0.31837948
0.53868154	0.4515054	0.5780104	0.37728993	0.55845647	0.61461304	0.53069195	0.60911384	0.43415379	0.59282	0.47350682	0.68747827	0.57279003	0.66987681	0	0.86572737	0.28219456	0.47054321	0.48075707	0.48016914	0.46593487	0.47779195	0.4301012	0.78335109	0.79797907	0.65977772	0.61827523	0.40518433	0.5298439	0.72522665	0.44338549	0.58844584	0.50818967	0.50525246	0.19808778	0.61774663	0.59248663	0.81568948	0.53858508	0.6085063	0.51460275	0.46077006	0.56832936	0.53477766	0.43412269	0.66428977	0.22134851	0.5477632	0.52180481	0.42097616	0.3491491	0.81634325	0.70235192	0.68974742	0.70765466	0.57401087	0.43154049	0.44583576	0.44297083	0.38389937	0.37593477	0.64351682	0.54227655	0.57188051	0.50609236	0.58606604	0.5527441	0.69029996	0.52478949	0.43675098	0.55910208	0.67436292	0.74480326	0.51451103	0.36357787	0.49195415	0.43220856	0.44885162	0.47054675	0.26926711	0.60849911	0.55727047	0.23416861	0.41916864	0.40516385	0.70170046	0.43719978	0.52651892	0.60938716	0.6591432	0.52607723	0.4932886	0.536232	0.46012678	0.43742227	0.50064109	0.41558587	0.45566285	0.41867369	0.66075503	0.5862091	0.3282022	0.65007653	0.45262796	0.21334663	0.2143339	0.43455285	0.49032524	0.47273492	0.55278681	0.49603834	0.40275555	0.46964927	0.31482102	0.49990645	0.5247101	0.45594212	0.49159873	0.46789432	0.60718958	0.16419546	0.58405946	0.56247429	0.16930348	0.35307867	0.69639896	0.46370952	0.47050087	0.58751792	0.42556541	0.45543844	0.53361968	0.45712354	0.48007319	0.36192542	0.36622171	0.094988594	0.37021922	0.27648086	0.4831316	0.46595188	0.63076577	0.58646545	0.22991235	0.27099947	0.36883973	0.54900737	0.55364046	0.70767201	0.63827301	0.58635337	0.41784902	-0.013578682	0.3467497	0.22349473	0.15640872	0.51551612	0.82641243	0.47986694	0.45302242	0.2489637	0.47616556	0.4064986	0.027889156	-0.026388343	0.29406518	0.58986163
0.40014292	0.54044029	0.66990654	0.53713871	0.56957321	0.6845439	0.63633992	0.70579447	0.47288064	0.65626021	0.44851106	0.76276203	0.68211748	0.58874968	0.86572737	0	0.31002031	0.4785981	0.52310207	0.47937146	0.54566972	0.56627014	0.53700625	0.69565019	0.69045977	0.69241266	0.67563593	0.53785558	0.68883466	0.69030108	0.48127638	0.65200037	0.62758654	0.62124897	0.3883413	0.72554122	0.56640865	0.78206998	0.65075578	0.67343603	0.66460655	0.47477211	0.68597304	0.57654218	0.59778184	0.60110164	0.33283691	0.56584337	0.59349477	0.42736158	0.54391313	0.71640618	0.67111494	0.74246826	0.5453257	0.52352575	0.47394582	0.52070747	0.53908301	0.48613126	0.43956506	0.49843217	0.48319404	0.36552907	0.44471232	0.58441231	0.66502415	0.67906286	0.59692596	0.55869724	0.60369444	0.63505567	0.81531096	0.63868408	0.26329073	0.53736511	0.56125062	0.58781503	0.39053544	0.34844367	0.6857973	0.66019033	0.24316106	0.47855361	0.41474005	0.67300546	0.41271922	0.41812613	0.50053847	0.74493007	0.59350718	0.52671955	0.52964329	0.4384448	0.50876776	0.58273538	0.4673144	0.45133842	0.35079194	0.67843865	0.56932579	0.52641422	0.74458111	0.43969637	0.18634025	0.10651564	0.52829928	0.60233128	0.54436273	0.64776898	0.44925532	0.39156212	0.48791555	0.39280175	0.64402922	0.54860686	0.57808552	0.56932412	0.61253164	0.5641116	0.30822638	0.6260288	0.61059757	0.20008102	0.52686198	0.55758171	0.36562618	0.51265023	0.43807913	0.38139949	0.47211491	0.5773365	0.50069987	0.54595303	0.43634577	0.25652469	0.12993327	0.23238678	0.24740348	0.46614981	0.60897099	0.62611956	0.65988164	0.30374543	0.2748449	0.38713122	0.61246073	0.61497897	0.65181896	0.5956538	0.5992141	0.39472294	0.075433067	0.50479181	0.41559275	-0.0023481836	0.53802104	0.81013454	0.44077729	0.39585781	0.28079956	0.42396094	0.48309273	0.23831904	0.029420419	0.33516721	0.64569013
0.11232072	0.42449707	0.51147407	0.69871953	-0.048430013	0.064889166	0.4491699	0.48600443	-0.016688249	0.2584795	0.38615282	0.54399993	0.47128814	0.48342513	0.28219456	0.31002031	0	0.67471249	0.41080031	0.39485463	0.41855384	0.45138734	0.34744458	0.32498784	0.10169147	0.69170989	0.44392224	0.45829682	0.56931827	0.26350895	0.45410034	0.41067883	0.61534941	0.68550502	0.50837752	0.54464382	0.45129707	0.45359273	0.46657513	0.18363804	0.57417568	0.41153704	0.29195236	0.42727353	0.51654597	0.40044371	0.2853023	0.70370853	0.65463046	0.16817929	0.38153172	0.47691566	0.22892293	0.09788256	-0.007845406	0.35863155	0.40920442	0.38268467	0.42371592	0.32975419	0.35383734	0.22854727	-0.03165804	0.30245333	0.23031645	0.27520685	0.54220837	0.43230484	0.50662703	0.14243418	0.27535076	0.37037051	0.43467267	0.54011123	0.094727197	0.38914264	0.37802773	0.68895067	0.22841146	0.028237731	0.49263098	0.46580746	-0.025677235	0.30051429	0.401845	0.57426693	0.3006702	0.37814597	0.15948571	0.38406083	0.67569097	0.54113177	0.32358788	0.38229671	0.37953709	0.37440185	0.34378069	0.39563773	0.1181002	0.59787729	0.43371483	0.36770327	0.48322709	0.26254782	0.33700223	0.30612217	0.60607714	0.62189201	0.44636851	0.58011344	0.44157307	0.15464911	0.56246832	0.089148371	0.53044748	0.40099648	0.41025639	0.44586414	0.441946	0.49603258	0.13056714	0.43691892	0.63458096	0.37481024	0.3840433	0.43028238	0.086302083	0.11622042	0.36095282	0.34281655	0.37226582	0.34339036	0.30935111	0.50240467	0.35175869	-0.014185164	0.087662442	0.3787315	0.26409981	0.32479771	0.43652979	0.4191871	0.49400851	0.30499256	0.15720797	0.11485532	0.42386073	0.55844018	0.46949855	0.24845309	0.09422755	0.3300393	-0.11492477	0.22512071	0.051820965	0.2889257	0.22729574	0.36960668	0.3419052	0.16876111	0.25651663	0.2637775	0.44174201	0.28697553	0.09674619	0.05225878	0.34790689
0.34111549	0.31383626	0.47968662	0.58222184	0.16725326	0.35589393	0.48466746	0.52903108	0.13694641	0.37843739	0.39308461	0.58634742	0.54644955	0.62743607	0.47054321	0.4785981	0.67471249	0	0.34790901	0.37580844	0.3507886	0.44488143	0.41963579	0.54175426	0.32562837	0.68492926	0.45354902	0.42781228	0.57958766	0.35707035	0.3556643	0.60416742	0.53266482	0.54036235	0.45372699	0.51610389	0.42825001	0.56140689	0.5673356	0.39796134	0.51771726	0.36630012	0.32000399	0.44660647	0.46645543	0.46226304	0.45212955	0.60710439	0.6490617	0.24395165	0.31359074	0.61792851	0.40470972	0.3015952	0.32916552	0.3654896	0.3234865	0.33214043	0.3283698	0.24741342	0.38745009	0.40565869	0.32849932	0.49451775	0.33506584	0.40726219	0.53801954	0.5798618	0.52702129	0.33852355	0.28163889	0.4818605	0.47657901	0.48843284	0.34967426	0.29282239	0.31379118	0.5841341	0.40717536	0.27930707	0.57755718	0.52115483	0.12270116	0.42221425	0.37733766	0.65175544	0.4589443	0.58107533	0.43375384	0.61055901	0.56726213	0.57288342	0.28915112	0.33765524	0.32767167	0.39880017	0.37025173	0.5974551	0.30890485	0.60482191	0.43339784	0.34620364	0.49219628	0.34797463	0.33535967	0.31677556	0.48998865	0.52054363	0.5278075	0.51075482	0.49339921	0.29888343	0.6037783	0.34871346	0.46887758	0.35429721	0.42711408	0.46141002	0.39914906	0.4981094	0.39006397	0.45380427	0.62228023	0.3794789	0.30672819	0.55469791	0.34089958	0.30976116	0.45005158	0.3393564	0.28678846	0.3290226	0.24905169	0.46311146	0.38807133	0.23457551	0.077177944	0.40785829	0.36066584	0.5208139	0.49996477	0.54085301	0.51229192	0.28891553	0.26950234	0.24508735	0.46644853	0.52897123	0.58472258	0.29083798	0.29987901	0.33332668	-0.080817354	0.14072861	0.099670691	0.41631852	0.31763431	0.45444522	0.35499697	0.34985472	0.30533221	0.30491312	0.40832087	0.1990278	0.22079241	0.2009994	0.33499527
-0.04522676	0.93428099	0.78009567	0.58719043	0.23535738	0.44720968	0.67284747	0.74036363	0.22654033	0.66974099	0.86462875	0.62848777	0.34535244	0.26882647	0.48075707	0.52310207	0.41080031	0.34790901	0	0.92497192	0.9474182	0.90807868	0.52429506	0.26185127	0.33485038	0.66110785	0.86109616	0.53193235	0.60381636	0.64991006	0.34519485	0.52078112	0.76124813	0.66454589	0.41292191	0.77688113	0.82431563	0.62177211	0.52058251	0.32584207	0.73375828	0.75437169	0.48061164	0.88943486	0.54078679	0.78260444	0.0087457503	0.63891395	0.64915873	0.39409408	0.86250486	0.59677995	0.36941217	0.53676246	0.089448179	0.76078614	0.93853875	0.95785718	0.92760091	0.79784082	0.83370766	0.12109018	0.10012872	0.30320716	0.62485416	0.65970955	0.70914835	0.48520738	0.70521461	0.25891092	0.6154023	0.66417696	0.58749082	0.71721432	0.11669079	0.90591098	0.69400841	0.66492747	0.26680796	0.18522056	0.66741761	0.72768922	0.18227374	0.59172025	0.83081325	0.63510008	0.13036548	0.34384681	0.38237966	0.47229312	0.70791403	0.59306285	0.96513125	0.88275878	0.92845958	0.86620756	0.69051714	0.22833762	0.34474151	0.71420864	0.84557369	0.48635013	0.6682592	0.62106878	-0.042346304	0.16914825	0.73032701	0.65748042	0.48192343	0.74208865	0.69226817	0.28669315	0.4689478	0.084986511	0.80018938	0.88921342	0.4876838	0.8491478	0.56399841	0.82645562	0.0025422921	0.70606007	0.63921276	0.30204876	0.87237545	0.58336828	0.2767229	0.42202152	0.5278657	0.66086113	0.93127186	0.87310327	0.76485923	0.88685708	0.8331739	0.09739924	0.28227315	0.32793823	0.57298602	0.50377164	0.56157235	0.58649547	0.75512143	0.069330796	0.29953174	0.40483143	0.61252483	0.7520105	0.70545773	0.68736464	0.40296523	0.30862581	0.2350593	0.43609827	0.21445669	-0.057787859	0.56183504	0.7378395	0.71207268	0.25991576	0.15742224	0.44901425	0.52598587	0.12347931	-0.0071594018	0.57977083	0.79535027
0.029392779	0.8222189	0.72566722	0.59132142	0.31929061	0.45473623	0.69991836	0.71912558	0.20825831	0.67376528	0.95770885	0.64124022	0.28351691	0.29416793	0.48016914	0.47937146	0.39485463	0.37580844	0.92497192	0	0.87137201	0.89850997	0.42473689	0.256483	0.30643403	0.65006299	0.79072076	0.57719232	0.5856413	0.61540774	0.2862731	0.53478525	0.74469145	0.59537346	0.34408816	0.76124167	0.74543414	0.56553093	0.51523578	0.35018096	0.74265208	0.60758024	0.45866427	0.91242867	0.53424264	0.82104443	-0.0036827208	0.64240319	0.68728712	0.37339523	0.76895155	0.57105949	0.42758281	0.49971929	0.12349232	0.62671122	0.84622723	0.90459275	0.8569775	0.73404748	0.81618848	0.17168717	0.19008275	0.29143842	0.69391535	0.66739178	0.65977061	0.40377353	0.65885506	0.23501547	0.58373513	0.62524571	0.52591453	0.72304636	0.18892022	0.82041656	0.68584458	0.66538636	0.2932785	0.19666287	0.70382352	0.73023303	0.1868996	0.62869869	0.9326516	0.64242349	0.11648805	0.30579729	0.39761019	0.4597733	0.71703209	0.62274032	0.90560531	0.97613267	0.85916229	0.88842996	0.63369494	0.22039408	0.30587908	0.71629618	0.7980665	0.48152989	0.68280798	0.625865	-0.070891738	0.20357455	0.67697941	0.62165268	0.44732619	0.74551073	0.59785503	0.25757487	0.43495018	0.058891862	0.78166968	0.79441991	0.41583078	0.88966317	0.56855302	0.83402504	0.016035153	0.7170798	0.69772863	0.15284616	0.78963346	0.59005316	0.31416194	0.40602039	0.50515732	0.51458332	0.87159916	0.80980118	0.7395127	0.7982844	0.77781278	0.14417328	0.16271555	0.31875892	0.62507234	0.49989133	0.57272956	0.52592939	0.74443226	0.014845009	0.27243146	0.33403295	0.56052993	0.72869482	0.67939966	0.69278655	0.45349981	0.29704797	0.2224705	0.37979555	0.20676465	-0.066172288	0.5317077	0.6915968	0.71708496	0.28411673	0.097180707	0.45059463	0.44057572	0.064561458	0.019673312	0.58048522	0.78832187
-0.031818496	0.92956466	0.7907283	0.64507073	0.28721458	0.45005357	0.69410651	0.76720848	0.26603635	0.70180943	0.84468091	0.63373727	0.37483336	0.27158427	0.46593487	0.54566972	0.41855384	0.3507886	0.9474182	0.87137201	0	0.93310944	0.6002832	0.25278214	0.35676749	0.66096598	0.80744019	0.56181102	0.62300154	0.66774511	0.39483538	0.54801449	0.78667492	0.73326235	0.45530421	0.81898205	0.81145681	0.62402423	0.58415487	0.3649516	0.76965755	0.69131723	0.49599603	0.90188932	0.60409773	0.77161526	0.041078762	0.65020704	0.64910379	0.5006707	0.89837588	0.56521506	0.36147835	0.55042385	0.097266286	0.69833703	0.86155292	0.88939945	0.89361382	0.85809599	0.85053719	0.10551668	0.10755433	0.2669012	0.64566547	0.66061296	0.67217976	0.43905368	0.66787601	0.29967769	0.64402285	0.60546477	0.6359682	0.76016249	0.14935329	0.9090444	0.71040764	0.72167012	0.28083459	0.20603549	0.66518535	0.75535906	0.21765353	0.66677583	0.84133897	0.62265759	0.18646031	0.36337636	0.39994447	0.529666	0.73027631	0.57191213	0.91681695	0.8335112	0.970692	0.90386111	0.73556265	0.27065585	0.41326412	0.69100497	0.74887965	0.54644505	0.68959632	0.66284991	-0.021287697	0.15019033	0.75326567	0.74305998	0.51271982	0.77223837	0.63842077	0.36201641	0.50902663	0.17076223	0.8356141	0.841833	0.58950431	0.87680318	0.62853671	0.80426513	0.077352596	0.69958878	0.63139801	0.35286763	0.90945258	0.54765339	0.33918595	0.50611254	0.4698	0.54588881	0.8477154	0.76871877	0.81592865	0.89888955	0.84979145	0.084083277	0.28084415	0.32050332	0.61159587	0.51958589	0.55124588	0.5192221	0.72286614	0.16427712	0.36539957	0.41062554	0.72393217	0.7718797	0.70272396	0.66209835	0.39235429	0.25942323	0.20737185	0.50188361	0.25295465	-0.089064706	0.52402162	0.71562769	0.66924251	0.24563993	0.11017804	0.42909596	0.58008271	0.18230578	-0.01138024	0.56987908	0.78922968
