0	0.21921925	0.55123401	0.35261048	0.61285058	0.50907938	0.16019065	0.35038164	0.59803358	0.35584293	0.30803018	0.30141726	0.78263258	0.69887843	0.7739235	0.79946811	0.27377772	0.32932971	0.22515573	0.030717021	0.25873115	0.34909013	0.090740109	0.76042844	0.77873981	0.22669897	0.29925038	0.43848024	0.40196574	0.68141268	0.35792055	0.43858091	0.34821994	0.41490143	0.23661604	0.43483498	0.47884923	0.73302457	0.57490211	0.56595791	0.37733111	0.35713505	0.63956401	0.37549354	0.44558884	0.49609511	0.65834148	0.19384983	0.17925564	0.40376291	0.12750447	0.50028083	0.62374254	0.47467061	0.72415446	0.4127468	0.16234881	0.15109457	0.26336795	0.30858193	0.31168284	0.72493068	0.037364433	0.26156941	0.42975927	0.46796538	0.24254659	0.3322985	0.25023271	0.35109426	0.69149934	0.57832675	0.81887048	0.42445478	0.62568913	0.2657693	0.43390303	0.34898993	0.58014684	0.45414986	0.30837237	0.33606126	0.45951812	0.45360752	0.38448248	0.27380022	0.65336737	0.60835128	0.46679413	0.67513168	0.35916433	0.00094500379	0.23862874	0.24452104	0.31847218	0.38291219	0.44324125	0.72519441	0.5211103	0.15493216	0.25150053	0.40080259	0.34754168	0.48071072	0.18201521	0.35992674	0.36539074	0.29761101	0.41647201	0.22514325	0.43863007	0.69720501	0.33167952	0.32192502	0.44753619	0.36798716	0.60425499	0.42775474	0.38448786	0.36026971	0.33090436	0.23336771	0.17344613	0.24576254	0.20083749	0.30945595	0.52968949	0.47128204	0.076583726	0.14841424	0.20427671	0.1360228	0.37372466	0.26664614	0.27702085	0.3790812	0.25459845	0.45535328	0.33883666	0.37548341	0.31503122	0.31886754	0.1709271	0.23423263	0.54978586	0.53646171	0.64617019	0.41281497	0.5424961	0.49534096	0.56006338	0.44080565	0.10409091	0.2399448	0.23156694	0.1060772	0.43189336	0.7031046	0.38608785	0.46708858	0.46109883	0.027199874	0.21408189	0.13889484	0.019170176	0.29143288	0.54783714
0.21921925	0	0.53287021	0.56447152	0.19552749	0.47679849	0.53277519	0.40195132	0.30482055	0.20479294	0.73825357	0.54524816	0.35394969	0.23718165	0.42500688	0.38787346	0.47813196	0.38905765	0.92532521	0.80363265	0.93415926	0.75968698	0.18891095	0.26939987	0.10143474	0.32555974	0.45876272	0.48546274	0.68908851	0.38258732	0.030235069	0.38217908	0.56500554	0.63487475	0.36022918	0.54128394	0.54782555	0.27662323	0.4076783	0.37003769	0.60161496	0.80592719	0.43506805	0.73864345	0.63897022	0.63675883	0.080598274	0.49907007	0.54961425	0.33806457	0.78418577	0.38674104	0.57077585	0.23577746	0.19449619	0.55268215	0.92615584	0.88867605	0.88670268	0.86633527	0.72870001	0.17236728	0.1736943	0.19760079	0.4603649	0.49982949	0.50778303	0.40281156	0.4699828	0.24148729	0.3741997	0.54539076	0.49222153	0.48898526	0.38271994	0.89803151	0.56905731	0.55404915	0.41150447	0.41339295	0.62945016	0.46058703	0.30859689	0.4579569	0.74214435	0.60300076	0.34748325	0.42327865	0.49302461	0.53974907	0.47156444	0.38408033	0.91648602	0.84376078	0.88922087	0.73771624	0.51523743	0.34961627	0.26843159	0.525306	0.56862765	0.51184177	0.74397264	0.44888839	0.087622686	0.13422159	0.47676065	0.55187073	0.27862522	0.61216463	0.71739702	0.30291712	0.43433324	0.24237264	0.57974027	0.8175209	0.36620336	0.7109144	0.64911538	0.55527961	0.019213354	0.49503754	0.55061436	0.09208364	0.57592213	0.58943337	0.46780934	0.33791059	0.57943601	0.66414218	0.89453418	0.92771967	0.75379886	0.83615048	0.73925208	0.33231325	0.25006867	0.42992436	0.49163714	0.44560433	0.56075547	0.71581327	0.52515752	0.17211527	0.28205438	0.43087035	0.59038255	0.5607033	0.7509062	0.46387464	0.46413943	0.50958933	0.015714406	0.42316538	0.14299231	0.28151846	0.29489697	0.61217665	0.53538776	0.50880782	0.62427398	0.21556788	0.17578188	0.15055524	0.0087058145	0.18570788	0.46078189
0.55123401	0.53287021	0	0.71702443	0.56732658	0.63880914	0.44522319	0.61764109	0.55409963	0.42646179	0.60602944	0.49634694	0.56042389	0.51054461	0.67582151	0.75376062	0.55212415	0.37155491	0.55535422	0.41941236	0.56667585	0.61387844	0.37250207	0.64544852	0.57923911	0.39190788	0.42495781	0.78747436	0.71880783	0.64958897	0.24049359	0.5720739	0.72270181	0.75784122	0.4285011	0.72760396	0.58415	0.62030649	0.59713305	0.41873163	0.70731374	0.68587266	0.55868674	0.64516394	0.80381777	0.62230891	0.36550009	0.51137982	0.47268654	0.48240368	0.4533485	0.55070198	0.60662359	0.49473371	0.46748277	0.53126459	0.4582019	0.46899369	0.48036308	0.58028915	0.53083685	0.45246037	0.05388439	0.40580569	0.47514643	0.57447847	0.52471827	0.42084038	0.47303589	0.45199925	0.63418813	0.59536961	0.71825629	0.68985293	0.51927601	0.61075566	0.83606856	0.6912297	0.68376454	0.60896546	0.58701187	0.67967756	0.49345672	0.57337861	0.68323103	0.51365459	0.50390072	0.61039391	0.50826681	0.77109436	0.53793367	0.22392669	0.56727258	0.61740205	0.63152635	0.64805566	0.65306321	0.61892459	0.53413709	0.45127076	0.43007155	0.80678119	0.72831313	0.5457747	0.3671552	0.36868787	0.65708231	0.6891197	0.47995329	0.52734954	0.58602224	0.64224724	0.54523949	0.31199463	0.71672529	0.72299579	0.47068274	0.74966582	0.78235382	0.60717592	0.17520159	0.5132354	0.49591047	0.083501561	0.45699933	0.52719612	0.56497409	0.53284375	0.3039129	0.35045212	0.56578091	0.45498508	0.64092685	0.52736566	0.58985865	0.39852154	0.45602286	0.59815214	0.48255919	0.49514357	0.66758892	0.57459928	0.38531366	0.45639828	0.53830434	0.57662826	0.75564275	0.7594587	0.71304986	0.66519152	0.62436936	0.61084827	0.0061731941	0.52072343	0.24736766	0.25367649	0.51998636	0.73052266	0.69604931	0.63392061	0.65259699	0.3284714	0.46936295	0.2677266	0.14009525	0.46719485	0.66496579
0.35261048	0.56447152	0.71702443	0	0.38895919	0.44247262	0.76648889	0.72899822	0.23727449	0.1966336	0.68316892	0.81419922	0.47427455	0.51736997	0.6075575	0.57410675	0.8628877	0.57242371	0.56884041	0.52434727	0.63312626	0.6967763	0.29949529	0.53242441	0.28846987	0.76111255	0.58519748	0.80649677	0.88415248	0.40556677	0.025402332	0.57575478	0.84377078	0.8734914	0.40929588	0.89660071	0.69961645	0.57522878	0.58898443	0.39089922	0.91736859	0.62994454	0.44557733	0.65816262	0.8776562	0.66203014	0.21236959	0.77989776	0.80663715	0.41233147	0.52651766	0.62468209	0.5803493	0.3229643	0.28902785	0.61845778	0.49122533	0.55780173	0.56404833	0.68255862	0.59105219	0.38081566	0.21844361	0.56397376	0.30275375	0.57623372	0.76028296	0.61403318	0.7425468	0.26782079	0.39597134	0.62854632	0.60316258	0.81926985	0.39816108	0.62968203	0.65257511	0.92818259	0.38205644	0.39492323	0.82303302	0.77294959	0.26751486	0.43734348	0.71997771	0.71786204	0.38579178	0.52285064	0.44064516	0.54680964	0.7784844	0.42947976	0.63105226	0.70087198	0.69188545	0.68191195	0.66188787	0.38519281	0.2671327	0.79331316	0.54530734	0.73514674	0.88864474	0.34526023	0.29221307	0.29825968	0.81097493	0.86325713	0.51435703	0.86642241	0.65802664	0.35793116	0.66627558	0.16760654	0.86539377	0.71391955	0.40312882	0.75425905	0.85876409	0.75424005	-0.044418146	0.81212504	0.81449008	0.097878518	0.61103221	0.63847775	0.40374792	0.29826569	0.55758672	0.49545185	0.58381484	0.56080137	0.68345652	0.68385213	0.70244408	0.24490427	0.3301447	0.57620674	0.3390263	0.36010731	0.79210179	0.72517874	0.66937322	0.18651519	0.25309545	0.47135586	0.63870195	0.83411887	0.69315635	0.77331554	0.6292057	0.75509531	0.067091598	0.5280645	0.1905827	0.29118084	0.55812469	0.7419177	0.76526091	0.62896199	0.76803737	0.42852246	0.35249452	0.35086178	0.17268102	0.49651069	0.70295538
0.61285058	0.19552749	0.56732658	0.38895919	0	0.59325669	0.2575576	0.43889856	0.56714247	0.55527739	0.28233085	0.30863554	0.38253675	0.44022929	0.68466045	0.62668846	0.27973447	0.34746407	0.24493235	0.061667936	0.23200732	0.33998397	0.20032599	0.45652449	0.69403671	0.24217754	0.30587504	0.39310099	0.38510196	0.65250646	0.021319213	0.40747925	0.4873472	0.44935653	0.20384837	0.49569602	0.35651025	0.55340159	0.41282755	0.45441412	0.4070438	0.3191619	0.31398293	0.42597699	0.41231738	0.51829071	0.25120622	0.37901731	0.28639657	0.3621351	0.093010291	0.44393379	0.60429259	0.62029183	0.60441428	0.37316649	0.14516244	0.098731678	0.18157265	0.23837363	0.34062357	0.33099994	-0.019766669	0.38182927	0.55047623	0.58824641	0.21446903	0.26275163	0.30674399	0.30426299	0.61310327	0.46557231	0.51655642	0.47285977	0.60126301	0.26943021	0.44212082	0.35265455	0.64207029	0.58545596	0.37394664	0.44160916	0.55738002	0.534113	0.40982321	0.28988594	0.33530391	0.43180511	0.52339345	0.56684487	0.33146864	0.16222934	0.2391562	0.27885516	0.32482062	0.40745105	0.37974664	0.43139805	0.55594887	0.18128513	0.23571767	0.39247327	0.34794576	0.48879705	0.19736737	0.20943307	0.4141866	0.36511365	0.22881094	0.25257402	0.24535406	0.54018806	0.19833238	0.41015564	0.41959872	0.41412204	0.30877275	0.49329799	0.36061453	0.44947435	0.29622982	0.33488673	0.24917189	0.11679813	0.22884861	0.35194219	0.63770156	0.61152228	0.12713226	0.11760427	0.22444603	0.085042354	0.3164419	0.1931156	0.26533182	0.46376933	0.40561207	0.46168072	0.50765905	0.56945219	0.30114541	0.26833191	0.19620129	0.24264299	0.51697072	0.46555371	0.51186568	0.50416131	0.49970329	0.50491585	0.55713912	0.49498627	0.042954338	0.29487452	0.168359	0.2161346	0.37098964	0.56499433	0.4076965	0.50882033	0.50845953	0.15426589	0.52079414	0.091253545	0.11671534	0.3669114	0.56577213
0.50907938	0.47679849	0.63880914	0.44247262	0.59325669	0	0.45034494	0.63064578	0.70395735	0.40026392	0.49383245	0.39561405	0.55472926	0.39283982	0.55854094	0.74200698	0.39773837	0.37343835	0.52140616	0.38412452	0.47466052	0.49163447	0.24348616	0.40757057	0.48404789	0.23265699	0.36708255	0.41137494	0.47930684	0.70302316	0.33298336	0.67532836	0.50909274	0.54151009	0.27446205	0.5897773	0.41803258	0.4581558	0.51713922	0.60963053	0.51910369	0.51062624	0.46256423	0.57732684	0.52137499	0.66370066	0.45580762	0.34109614	0.40299297	0.29301285	0.38969908	0.28902035	0.73747039	0.68394055	0.49237598	0.30969817	0.45068288	0.39956993	0.43379652	0.39832293	0.42264753	0.19414152	0.10881357	0.22537139	0.67304849	0.61832234	0.25012582	0.19777004	0.33475561	0.51635003	0.74769751	0.45271604	0.62682578	0.499886	0.47320661	0.4290453	0.52845246	0.42991133	0.75044803	0.78810106	0.51987655	0.5346334	0.7047715	0.62955188	0.53846365	0.3501257	0.27376085	0.4278414	0.48453737	0.80427377	0.31935056	0.23701831	0.47903418	0.43529617	0.48233703	0.47957192	0.52352497	0.47577709	0.45397344	0.30182779	0.36300019	0.42196883	0.49501845	0.59301867	0.18320766	0.3677583	0.5719893	0.51842821	0.36455158	0.43434434	0.39911866	0.47766569	0.31903442	0.31683906	0.49793008	0.5027651	0.46527794	0.62337624	0.45377989	0.53013524	0.21135984	0.38550095	0.31056378	0.076308775	0.35423972	0.38927485	0.67584348	0.62585104	0.27903189	0.23066282	0.438435	0.38424731	0.43220708	0.37123454	0.44339118	0.39216583	0.092562395	0.28630149	0.5976446	0.61738365	0.40648462	0.40578066	0.26608586	0.40874405	0.62366559	0.41501106	0.70554727	0.54632905	0.56939004	0.56364946	0.588668	0.41872936	-0.045591337	0.44775621	0.081634087	0.39562214	0.57777817	0.61270277	0.47284253	0.59104407	0.4887787	0.061210035	0.35002902	-0.0079388165	0.30015121	0.40571128	0.54337005
0.16019065	0.53277519	0.44522319	0.76648889	0.2575576	0.45034494	0	0.71503686	0.068623788	0.013043482	0.68279793	0.8777087	0.36332294	0.3956182	0.48327476	0.42801488	0.73077855	0.53921757	0.55367633	0.60583123	0.602517	0.68161498	0.05600175	0.21969728	-0.035089319	0.77954318	0.65127883	0.50290217	0.76112298	0.20443763	-0.13150419	0.49648952	0.64133149	0.69318106	0.25130965	0.76651309	0.57572937	0.34066364	0.43368464	0.54537278	0.78113956	0.45489386	0.30818631	0.60551626	0.64416145	0.71273517	0.15452404	0.72092035	0.90362532	0.2270382	0.58850258	0.44474154	0.6464982	0.25501626	0.2469636	0.53178753	0.48772416	0.60658928	0.56019227	0.56372141	0.51842759	0.19881077	0.19876257	0.41783851	0.28103104	0.52994824	0.69121842	0.5949804	0.77492899	0.016221836	0.19223498	0.48903491	0.38162204	0.61558974	0.30888412	0.54044243	0.44542429	0.7109701	0.21683255	0.33851085	0.89508327	0.67973884	0.16088944	0.3266765	0.6605419	0.74822642	0.17723938	0.37354031	0.46533453	0.44015095	0.59250787	0.51732133	0.59827199	0.65019112	0.59895562	0.63497238	0.43077281	0.16939712	0.036533283	0.83498657	0.55679115	0.36924169	0.74752356	0.1931033	0.12411863	0.080816445	0.66334823	0.70208135	0.36825538	0.86110746	0.59927766	0.049100257	0.52356667	0.18111409	0.72678272	0.5343376	0.33677117	0.66409415	0.58846918	0.7946571	-0.016033869	0.76881927	0.81131711	0.01226022	0.56374558	0.60263082	0.39811727	0.17292229	0.73803843	0.56446028	0.5086584	0.5831322	0.57170685	0.64723646	0.59448604	0.30435118	0.096997363	0.29160245	0.29093587	0.38101657	0.64933952	0.72117211	0.78776101	-0.068270792	0.034248497	0.32807641	0.44631747	0.65046524	0.55921618	0.67646006	0.53587593	0.66313426	0.10037735	0.28467006	-0.068153976	0.33829514	0.46244045	0.5839603	0.61403594	0.54279252	0.65148318	0.19192711	0.11792367	0.11731859	0.17644223	0.36754723	0.56494844
0.35038164	0.40195132	0.61764109	0.72899822	0.43889856	0.63064578	0.71503686	0	0.4656685	0.29898855	0.53807739	0.6409352	0.50886984	0.42170363	0.51612128	0.63554985	0.68850576	0.43881455	0.41969733	0.38609932	0.43892948	0.5402157	0.37205139	0.47504902	0.31237789	0.59779622	0.49627839	0.62567941	0.67079505	0.47465328	0.13146565	0.612713	0.70005583	0.71595852	0.39643254	0.76204749	0.50576913	0.5351563	0.51566383	0.4772241	0.74859732	0.49884182	0.6053483	0.57180076	0.68028854	0.64417279	0.33987167	0.60499199	0.68386105	0.33672908	0.38823792	0.33556328	0.61588732	0.41916254	0.41803799	0.33774223	0.35015594	0.3687635	0.40417086	0.41074868	0.4151727	0.27445591	0.062125607	0.38094231	0.46496862	0.57609573	0.55604549	0.35059878	0.59872238	0.34882634	0.4861851	0.49208853	0.60700988	0.70084369	0.27764928	0.44459702	0.43574409	0.65387338	0.44444427	0.54022061	0.72930655	0.85341724	0.54006263	0.45781643	0.58915616	0.48027017	0.25050015	0.38270237	0.34170146	0.61988605	0.55725857	0.24927534	0.42371253	0.50586253	0.51131875	0.54764965	0.5450882	0.37041591	0.28910802	0.60608111	0.43576293	0.51673805	0.62533371	0.38255925	0.31276732	0.37298275	0.69352062	0.65923479	0.41976017	0.65066879	0.4648074	0.33315391	0.47533207	0.21170888	0.67790392	0.51161224	0.38200339	0.65116642	0.58668137	0.74040509	0.031055364	0.60617886	0.58055802	-0.038663602	0.43327006	0.42175563	0.40580346	0.36633273	0.39754978	0.33413304	0.42625888	0.3731885	0.52880086	0.48883453	0.53251702	0.19909213	0.23220245	0.36531138	0.4461435	0.45848363	0.66792338	0.50122668	0.54493601	0.32607565	0.40177632	0.33374536	0.64110544	0.6859356	0.54440992	0.70385522	0.56068906	0.64428975	0.10353891	0.49889697	0.086765739	0.17841751	0.56744685	0.61107837	0.70068271	0.57137417	0.6306621	0.32453196	0.39303976	0.23055637	0.22766859	0.53724445	0.67466695
0.59803358	0.30482055	0.55409963	0.23727449	0.56714247	0.70395735	0.068623788	0.4656685	0	0.64035535	0.26335176	0.033913391	0.52372132	0.30326032	0.46588065	0.63963014	0.19446393	0.12615316	0.32616437	0.072164311	0.28390076	0.31233438	0.31777341	0.50243476	0.71758824	0.013507585	0.16737358	0.39211846	0.24964849	0.81226392	0.40382513	0.50052782	0.37796687	0.32970049	0.28199676	0.3696151	0.24863225	0.54555262	0.40871059	0.26577115	0.29607818	0.39662985	0.57443632	0.4539973	0.36791479	0.4649835	0.45419175	0.15539139	0.035710887	0.39047739	0.14510936	0.16570431	0.49722957	0.54664312	0.5089297	0.19322731	0.23600539	0.13793858	0.28242642	0.3052275	0.32739339	0.2221743	0.036500405	0.071087347	0.77641796	0.54750043	0.10783652	-0.010765273	0.12908411	0.58309226	0.84029403	0.42954191	0.68702299	0.37103863	0.36707755	0.27805634	0.41310915	0.2047713	0.67361195	0.66839922	0.23517531	0.45083326	0.89763863	0.67613685	0.38992444	0.060677295	0.35471294	0.35786602	0.31511827	0.70450857	0.21683037	-0.042750306	0.2493383	0.25180036	0.33028364	0.35110893	0.4659929	0.56548135	0.61764652	0.032450017	0.22436938	0.39881005	0.25275211	0.69734314	0.20564281	0.4586983	0.30798743	0.20839287	0.29581952	0.13231898	0.28204983	0.70140383	0.12244175	0.2464857	0.35897735	0.4060412	0.42992213	0.45934477	0.28431774	0.35914632	0.27631227	0.14602457	0.039224378	0.14483328	0.13781845	0.19827468	0.48449501	0.60861577	-0.072849457	0.10021135	0.28162868	0.17614833	0.35975084	0.25141185	0.27978322	0.25097451	0.30611707	0.34488249	0.69167594	0.62578147	0.33655058	0.1700572	0.042533968	0.55851458	0.85327785	0.41515404	0.66987389	0.35717783	0.49293698	0.39997523	0.38013637	0.29565352	-0.048383101	0.43951627	0.22227847	0.048424567	0.40310193	0.46929107	0.40455276	0.37167392	0.32681844	0.10060395	0.48021403	0.065016822	0.06334052	0.34433063	0.48193996
0.35584293	0.20479294	0.42646179	0.1966336	0.55527739	0.40026392	0.013043482	0.29898855	0.64035535	0	0.30335497	-0.04510301	0.16681178	0.12426721	0.37511421	0.36926099	0.10374005	0.19884887	0.31283103	0.10238376	0.27707798	0.36815023	0.40160402	0.25606404	0.59895037	0.023452737	0.20824821	0.32417664	0.19634273	0.6939032	-0.0037046099	0.2688048	0.39438825	0.23337951	0.28700824	0.21559165	0.18422487	0.39108489	0.24027871	0.0029613878	0.2180415	0.20156522	0.28008237	0.54187708	0.32607322	0.34083399	0.13718584	0.19492676	0.036637568	0.43549026	0.14340566	0.24145867	0.32409374	0.52635976	0.32166658	0.28378664	0.11596462	0.15848369	0.28011963	0.27352171	0.45433259	0.042904348	-0.05134154	0.15945355	0.69710051	0.51136901	0.13146697	0.047313022	0.19414464	0.39923823	0.59305584	0.3398034	0.37909717	0.37116696	0.35025092	0.18781524	0.25615387	0.19815077	0.42969687	0.46819841	0.21267731	0.31435434	0.53816359	0.6802042	0.45404071	0.030292355	0.2608096	0.30666072	0.26851613	0.42222265	0.22453381	-0.056446958	0.25521529	0.33433583	0.33747477	0.45631611	0.46192665	0.35290119	0.62211612	0.0035263505	0.26328328	0.3851398	0.20224762	0.6395542	0.27914933	0.33654658	0.14101162	0.094074174	0.081992601	0.024953187	0.17209451	0.54997373	0.058678691	0.2680339	0.29315789	0.42264977	0.20901482	0.48588376	0.29025238	0.31214419	0.30299141	0.15072572	0.085236231	0.15129203	0.21371645	0.20588875	0.40053175	0.60534318	-0.12732776	0.16644961	0.23973591	0.10741879	0.36151139	0.23029109	0.3208108	0.16053775	0.40515876	0.45164403	0.68019834	0.59040325	0.25302043	0.11977639	0.12328982	0.47697216	0.62703733	0.2343788	0.46406018	0.3110365	0.4152989	0.30337933	0.32267801	0.32161271	-0.04170625	0.3671591	0.2763267	-0.14983185	0.16452576	0.29737131	0.41636021	0.31510016	0.32049151	0.27385839	0.58165412	0.19207936	-0.146367	0.25296506	0.46022602
0.30803018	0.73825357	0.60602944	0.68316892	0.28233085	0.49383245	0.68279793	0.53807739	0.26335176	0.30335497	0	0.67073824	0.39976623	0.41634649	0.57341706	0.4592083	0.63868623	0.62534485	0.81130316	0.87063504	0.85185369	0.93330847	0.17083115	0.32242655	0.1920089	0.54681599	0.56642149	0.61397637	0.7317025	0.4498374	-0.04939756	0.54378806	0.68245488	0.70003377	0.36588991	0.67315226	0.62680974	0.43241348	0.51434217	0.41806539	0.7128616	0.5951955	0.39350116	0.88992683	0.73498609	0.78410723	0.17899346	0.61517938	0.69919192	0.42313702	0.75649261	0.57566933	0.62804945	0.34031652	0.33160874	0.6901153	0.70272851	0.84342603	0.79462708	0.7533617	0.79961572	0.26003407	0.20203436	0.38607881	0.50333799	0.6269643	0.62520161	0.54856589	0.64118903	0.23205502	0.37327494	0.59548982	0.50094724	0.6060857	0.4446964	0.70744545	0.64280702	0.7271935	0.41635345	0.42467594	0.7653093	0.5850739	0.25327542	0.5348099	0.95051314	0.71423778	0.38408713	0.56553479	0.57425081	0.61257803	0.59808738	0.48113221	0.82893637	0.91329203	0.85103514	0.91188867	0.6360339	0.38092014	0.32377432	0.67014071	0.58998546	0.61292303	0.81893106	0.46115321	0.10312374	0.24462158	0.63732791	0.67131181	0.41836384	0.70356869	0.72257294	0.36563191	0.57831209	0.28431795	0.72251733	0.79241106	0.46658637	0.89377387	0.73314921	0.70887497	0.13050787	0.62795098	0.70565925	0.14197625	0.70963148	0.711242	0.5061598	0.36285015	0.65219893	0.64482657	0.72535846	0.73608226	0.76281162	0.73014031	0.77269414	0.38495675	0.23021183	0.5341936	0.5315024	0.53609911	0.63988021	0.76644474	0.65446226	0.10818109	0.30496503	0.45621084	0.64106762	0.6957106	0.73076984	0.68205859	0.60806126	0.65512424	0.010838882	0.38435947	0.23712458	0.38351418	0.45295482	0.64985116	0.6742966	0.62427454	0.7115698	0.2324647	0.25505774	0.19695983	0.0085362979	0.30302339	0.63828138
0.30141726	0.54524816	0.49634694	0.81419922	0.30863554	0.39561405	0.8777087	0.6409352	0.033913391	-0.04510301	0.67073824	0	0.50859497	0.64113944	0.64085325	0.51657095	0.77037816	0.63504642	0.54890221	0.56725202	0.6257189	0.68731172	0.053767097	0.39846878	0.099763839	0.8201072	0.61788576	0.55867777	0.83640871	0.22925037	-0.05942709	0.48018795	0.66228453	0.78970832	0.32014515	0.83259188	0.73948516	0.51255681	0.60072101	0.59626249	0.80180164	0.55753954	0.36170992	0.57657568	0.66504321	0.71356152	0.20205527	0.7844693	0.90337468	0.32036618	0.51065368	0.65860203	0.66683078	0.23415436	0.33767101	0.65272595	0.50504748	0.58350955	0.54289944	0.64115603	0.54110166	0.43948902	0.2426275	0.54079732	0.17455726	0.51186141	0.72568881	0.75471694	0.74133873	0.04695603	0.24035786	0.58880666	0.50796253	0.66772339	0.41562693	0.59145915	0.51975968	0.78391315	0.22451636	0.26269557	0.8525806	0.63941837	0.064254803	0.2462896	0.6323265	0.81291144	0.36170814	0.51575795	0.50658468	0.43176137	0.64884749	0.51988433	0.62154894	0.65379027	0.65133369	0.62533544	0.49829838	0.27061016	0.071959708	0.83729996	0.52383451	0.42314937	0.78691433	0.14741959	0.089189045	0.086776357	0.67194401	0.74685252	0.4523589	0.88088287	0.6722993	0.13475202	0.67511265	0.19966895	0.74815325	0.61183234	0.4046358	0.63266021	0.65397021	0.74234237	-0.024902276	0.78499677	0.84494719	0.12517125	0.5841046	0.69341312	0.42042946	0.14220489	0.76660944	0.57246773	0.52491515	0.58068432	0.56501347	0.65873177	0.62381901	0.37375445	0.16125973	0.43402463	0.18614799	0.27312802	0.63106688	0.78828511	0.73378946	-0.10574389	-0.0011388673	0.39498938	0.47387067	0.69998096	0.63454413	0.69975883	0.615964	0.73361933	0.1919139	0.36473275	0.092078237	0.39131129	0.46633035	0.72726061	0.62654013	0.5702402	0.74305767	0.22626587	0.099074891	0.19985636	0.14492718	0.30155906	0.58229913
0.78263258	0.35394969	0.56042389	0.47427455	0.38253675	0.55472926	0.36332294	0.50886984	0.52372132	0.16681178	0.39976623	0.50859497	0	0.77108279	0.63635519	0.84321882	0.42738914	0.33455773	0.30117148	0.19590502	0.35003341	0.4282039	0.048035543	0.73755701	0.52013647	0.29607324	0.23168395	0.50094631	0.57006853	0.50438703	0.46366466	0.46668448	0.38152512	0.5638479	0.43213193	0.54631603	0.46875473	0.64390621	0.77461148	0.62022077	0.47011749	0.50833655	0.79259793	0.41090557	0.54521703	0.48623024	0.70526109	0.28331517	0.34803171	0.3298417	0.25279168	0.42022877	0.61486218	0.25908867	0.52836272	0.30865558	0.33935806	0.27517718	0.35733847	0.41017197	0.26367173	0.74713067	0.11603039	0.13358288	0.27629199	0.39928719	0.32173431	0.33456637	0.30247688	0.30942844	0.6319182	0.4944228	0.87846726	0.4205215	0.41958539	0.37254882	0.513319	0.46197918	0.47567721	0.35318454	0.41653545	0.47464925	0.36832608	0.33172972	0.41956037	0.3593222	0.63439663	0.53254831	0.28095961	0.64540854	0.37628973	0.042942006	0.31780182	0.34797375	0.38711676	0.39077345	0.40046173	0.64531604	0.20146178	0.2715135	0.21954958	0.44893601	0.49929311	0.29086057	0.12817529	0.34884503	0.4147819	0.41632676	0.461515	0.36645519	0.4890435	0.51768657	0.49886088	0.12761235	0.54594933	0.42534092	0.66756344	0.45670137	0.50102571	0.37795342	0.2498285	0.31224695	0.31217496	0.19015482	0.24738899	0.29163117	0.33261328	0.20673752	0.19290479	0.13051311	0.36201008	0.32714904	0.38835504	0.37993868	0.30181124	0.24746135	0.11350169	0.30935636	0.17436778	0.27865743	0.43491967	0.40748406	0.24878499	0.15509719	0.37955813	0.41362965	0.63168945	0.44017419	0.49539189	0.49449304	0.50669675	0.49521858	0.19003328	0.31337516	0.24859696	0.17417819	0.50184374	0.68002111	0.42612125	0.44051549	0.51161351	0.030882428	0.13892689	0.17785592	0.061420122	0.2346216	0.48518511
0.69887843	0.23718165	0.51054461	0.51736997	0.44022929	0.39283982	0.3956182	0.42170363	0.30326032	0.12426721	0.41634649	0.64113944	0.77108279	0	0.79697136	0.74306196	0.47849113	0.52130357	0.26538471	0.20019483	0.32103282	0.44548137	0.050522719	0.73085334	0.57875137	0.49244091	0.34432856	0.50459945	0.57574419	0.43853585	0.24387024	0.41099233	0.43257482	0.62199635	0.42007419	0.60706455	0.67127482	0.76215305	0.73400738	0.59197545	0.52112777	0.47008235	0.54935793	0.37187594	0.49843402	0.54170469	0.47681549	0.43238691	0.48201784	0.38559526	0.16466352	0.76903156	0.59275151	0.28879155	0.56390942	0.55795802	0.22582301	0.23906739	0.24147571	0.40628006	0.31512824	0.81471233	0.14713129	0.51699212	0.15894978	0.42580125	0.40655335	0.62538886	0.37785671	0.18894954	0.47723968	0.58586614	0.71059178	0.53169417	0.47924618	0.31843434	0.47473234	0.53362951	0.33910759	0.19708647	0.44603491	0.43738031	0.17127509	0.18652847	0.40121927	0.44470721	0.55269866	0.59923223	0.38604766	0.43523982	0.43031505	0.079722094	0.32940269	0.35620641	0.3806583	0.37764632	0.37633972	0.53622348	0.22426947	0.37009284	0.25265054	0.42186989	0.48481912	0.15825159	0.098025799	0.25007977	0.46651538	0.4928879	0.41901528	0.45105434	0.4823072	0.39230595	0.59623516	0.23628787	0.51484013	0.47171407	0.477415	0.41235825	0.48962747	0.41188024	0.12737058	0.41483936	0.41267531	0.22117565	0.29154104	0.44850297	0.36101067	0.16117018	0.32543452	0.22569598	0.28320836	0.24482996	0.36106308	0.31843987	0.32654663	0.30772161	0.20220642	0.4971162	0.088200413	0.17618329	0.39109204	0.4563326	0.30638185	-0.015318463	0.1942055	0.40430878	0.45447083	0.5045829	0.53416387	0.56351054	0.56413588	0.58211513	0.21199719	0.32792559	0.23477605	0.19179227	0.36388706	0.726641	0.41596487	0.4828144	0.57688465	0.080460813	0.090644275	0.098489408	0.0063747137	0.16688196	0.52812439
0.7739235	0.42500688	0.67582151	0.6075575	0.68466045	0.55854094	0.48327476	0.51612128	0.46588065	0.37511421	0.57341706	0.64085325	0.63635519	0.79697136	0	0.79428487	0.50303523	0.5638473	0.4938193	0.33839201	0.53225252	0.62750468	0.2233421	0.7214391	0.736056	0.55569511	0.62776821	0.59857063	0.69113643	0.69479168	0.078988879	0.49446808	0.60211107	0.68008188	0.29641699	0.67663859	0.78110378	0.80916898	0.62118646	0.69294186	0.63276496	0.53570148	0.55314116	0.6094042	0.61822745	0.76204128	0.37958573	0.51008121	0.54259657	0.47645189	0.35120781	0.80872886	0.78928842	0.60224419	0.75913111	0.76657942	0.34835764	0.42992552	0.45604005	0.54037858	0.58601521	0.70105672	-0.00033039812	0.59902833	0.51316198	0.68990454	0.56539797	0.70122829	0.5527383	0.24815509	0.61677351	0.79329039	0.74876115	0.65453142	0.75292732	0.48413916	0.58982738	0.59193036	0.59394358	0.45058296	0.62269877	0.52612782	0.40609635	0.46636987	0.62169381	0.54594277	0.56731299	0.71037511	0.73631085	0.66274046	0.4930737	0.24204218	0.53834391	0.53502167	0.59018228	0.63006756	0.57934029	0.6334694	0.57231063	0.48555392	0.54897936	0.52142537	0.60909976	0.51451015	0.12393873	0.28439271	0.59418256	0.5680042	0.44588824	0.53579214	0.65060441	0.61199856	0.50449673	0.48829482	0.60976702	0.61995005	0.50218482	0.66101757	0.57261835	0.63337483	0.12708801	0.48057224	0.49132306	0.22586986	0.44619123	0.61788215	0.7054134	0.55259673	0.45632514	0.49035636	0.40207124	0.38261524	0.56021208	0.48171798	0.54177265	0.55859304	0.39387701	0.63647143	0.46118959	0.44406815	0.53249949	0.61689209	0.47940724	0.095152106	0.4267603	0.67876256	0.65084547	0.64406342	0.79101152	0.69250467	0.71161087	0.64847637	0.11089495	0.42896517	0.18187574	0.21846027	0.43888342	0.89330413	0.55194361	0.66052097	0.66418796	0.15328785	0.24228387	0.096429904	0.079276038	0.30251002	0.67877503
0.79946811	0.38787346	0.75376062	0.57410675	0.62668846	0.74200698	0.42801488	0.63554985	0.63963014	0.36926099	0.4592083	0.51657095	0.84321882	0.74306196	0.79428487	0	0.43863305	0.37387035	0.37964492	0.24724728	0.39211687	0.48754667	0.20876251	0.79521417	0.7346867	0.32315105	0.40723562	0.62925936	0.66815407	0.71069034	0.40648239	0.55659264	0.52065689	0.66624355	0.41156271	0.63429857	0.54356679	0.72392398	0.70252101	0.72791181	0.60371191	0.57251926	0.75222922	0.52655257	0.6731772	0.59014135	0.59382215	0.33501176	0.42218268	0.38643448	0.29684411	0.50569601	0.7515936	0.57173219	0.62630624	0.43318877	0.34579791	0.3036674	0.35744584	0.42624823	0.37195978	0.67370939	0.00083772893	0.34855211	0.45350023	0.56776948	0.39288207	0.40404695	0.3830937	0.46850935	0.75372495	0.61450319	0.87947314	0.55542524	0.54074269	0.44852497	0.59563463	0.513254	0.68032201	0.54792024	0.50166075	0.59626375	0.52785055	0.48830202	0.51531123	0.32278452	0.49682388	0.52406928	0.41197974	0.75899005	0.40020273	0.037133033	0.42053955	0.41766904	0.47147882	0.47499147	0.54419858	0.637115	0.43209511	0.28806135	0.3580214	0.59577789	0.5674915	0.4633828	0.25934093	0.40056142	0.57157115	0.53367111	0.38514698	0.41145025	0.46780875	0.59983237	0.40695376	0.24884122	0.58979174	0.5401775	0.58534767	0.60995363	0.60073141	0.51142551	0.14274923	0.35504713	0.31258133	0.10188959	0.34046835	0.30922348	0.52902554	0.4867893	0.16564233	0.17421785	0.42368775	0.34107394	0.48778511	0.3603693	0.40451558	0.28556483	0.2452667	0.40891072	0.34941242	0.36494216	0.53204228	0.40560682	0.29463874	0.30204008	0.50415249	0.54826429	0.70458155	0.56498637	0.61132899	0.61389124	0.64858537	0.58107781	0.11851292	0.45021386	0.18879251	0.19650152	0.54262375	0.80547352	0.50242832	0.57365279	0.61192416	0.16474635	0.3195533	0.15742913	0.19680851	0.34463338	0.61345737
0.27377772	0.47813196	0.55212415	0.8628877	0.27973447	0.39773837	0.73077855	0.68850576	0.19446393	0.10374005	0.63868623	0.77037816	0.42738914	0.47849113	0.50303523	0.43863305	0	0.6815231	0.51187333	0.48544225	0.56823779	0.62834694	0.27140595	0.43573647	0.14937089	0.79881805	0.52867161	0.62964612	0.72675495	0.32242588	0.03423994	0.62514812	0.78582535	0.78838623	0.37442047	0.85625495	0.65780518	0.55841278	0.51598535	0.33487381	0.82580114	0.4652977	0.41340106	0.58875163	0.71418411	0.64874515	0.27571557	0.81567834	0.81113688	0.36388014	0.48544037	0.55716517	0.51822512	0.26278314	0.27611583	0.53556453	0.39452392	0.49924022	0.50479999	0.59104176	0.52955483	0.29113154	0.24260027	0.52689391	0.27902367	0.54533148	0.68713565	0.54069175	0.67303446	0.21935436	0.3153299	0.57232117	0.51822324	0.72029713	0.2988413	0.46697473	0.51059507	0.84326873	0.26854788	0.36595511	0.76383003	0.71724888	0.2504312	0.35635126	0.64507825	0.7343576	0.36757233	0.50592117	0.38925478	0.48414392	0.74514848	0.51573551	0.53528618	0.61169081	0.59461862	0.59467899	0.6050727	0.36693991	0.18218792	0.81973526	0.49705466	0.51952945	0.75518868	0.29790747	0.16158078	0.24927555	0.77775831	0.79511954	0.54980793	0.85687649	0.61018715	0.25874917	0.69700289	0.13788023	0.78372376	0.55476553	0.38826291	0.64722242	0.708327	0.7185285	0.034714763	0.83183996	0.79711743	0.11879761	0.5207267	0.65030319	0.34932349	0.2025549	0.64533325	0.4842512	0.43584128	0.48731531	0.60201527	0.6224396	0.65921779	0.26501095	0.22809316	0.4954361	0.30780737	0.35335145	0.68267044	0.70216037	0.63263945	0.15078272	0.22891452	0.34411515	0.59831723	0.77810313	0.60898074	0.77467808	0.57114862	0.67139513	0.018531656	0.45632081	0.19932017	0.2951863	0.5795492	0.62229252	0.7100123	0.57602821	0.66586156	0.31141275	0.28760555	0.30490482	0.18247928	0.55059775	0.67585894
0.32932971	0.38905765	0.37155491	0.57242371	0.34746407	0.37343835	0.53921757	0.43881455	0.12615316	0.19884887	0.62534485	0.63504642	0.33455773	0.52130357	0.5638473	0.37387035	0.6815231	0	0.4982691	0.4669453	0.51821049	0.63758843	0.13441047	0.39095981	0.21693137	0.67844302	0.53095621	0.471269	0.55046168	0.35710659	-0.025679084	0.53325163	0.5861328	0.57229989	0.31141294	0.64099981	0.65377711	0.53231202	0.42119856	0.38464549	0.5922362	0.3731434	0.29143007	0.55754997	0.52592042	0.67834986	0.29690607	0.65951806	0.69560707	0.38397241	0.38374348	0.63278674	0.51969667	0.31898576	0.36786458	0.63392737	0.37516814	0.48502442	0.47070511	0.53345966	0.58850295	0.32261627	0.1825845	0.54621701	0.31690396	0.50650404	0.57781591	0.59661535	0.59795268	0.16278703	0.26800339	0.56671795	0.39631659	0.57084533	0.43054587	0.36349341	0.39528823	0.6475531	0.25042881	0.2848394	0.59906742	0.50261045	0.13527574	0.36982152	0.59251403	0.6518619	0.40105166	0.56151208	0.44284516	0.38731154	0.58717177	0.49166242	0.50714171	0.56636384	0.57519782	0.59490566	0.50261755	0.35981575	0.20832155	0.64833312	0.44248866	0.35553899	0.57069266	0.27255164	-0.0081031072	0.14567001	0.54516685	0.57658143	0.37764477	0.64355965	0.56054482	0.24597904	0.59233464	0.29664088	0.57580774	0.51903476	0.36047943	0.56552182	0.5237683	0.61251861	0.21615798	0.653926	0.66785843	0.26017157	0.48217478	0.65133045	0.38263771	0.20683558	0.56602722	0.48218544	0.36231193	0.38943342	0.49555446	0.50629529	0.57837102	0.36121637	0.25724117	0.5103864	0.3109786	0.44675586	0.47935708	0.63727163	0.54799799	-0.066785595	0.15255072	0.30125206	0.46835406	0.63635093	0.5592583	0.68318215	0.51542519	0.55878688	-0.0037246998	0.35543241	0.23917544	0.27228893	0.48568568	0.56820371	0.55111874	0.51261065	0.50871584	0.11182384	0.15513722	0.19925706	0.012870361	0.32646588	0.60469194
0.22515573	0.92532521	0.55535422	0.56884041	0.24493235	0.52140616	0.55367633	0.41969733	0.32616437	0.31283103	0.81130316	0.54890221	0.30117148	0.26538471	0.4938193	0.37964492	0.51187333	0.4982691	0	0.8575851	0.94752817	0.81818187	0.27807379	0.26384029	0.15053166	0.41207486	0.56773915	0.49783586	0.66019442	0.49024688	-0.0076516857	0.46419548	0.62024299	0.62524011	0.36314515	0.5725916	0.62235568	0.36027514	0.35181849	0.35848094	0.6154967	0.73504447	0.36267735	0.81254053	0.64249169	0.73598114	0.096464187	0.56480905	0.59897485	0.45132234	0.79130409	0.46781602	0.62921217	0.40864102	0.28700375	0.63387509	0.89265579	0.92799477	0.87850749	0.86791827	0.84835361	0.10602707	0.20469585	0.32681672	0.56912523	0.54809607	0.55158123	0.42966228	0.5365742	0.27552697	0.42129639	0.59867043	0.45357468	0.55147763	0.43525043	0.81284741	0.58423849	0.58361663	0.44804151	0.46442426	0.678004	0.47084539	0.31361769	0.53185181	0.80515893	0.62523377	0.32285748	0.47123533	0.56083619	0.57397079	0.47561282	0.42793513	0.94083841	0.8737664	0.89594639	0.79920039	0.61600422	0.37190231	0.35135809	0.57408515	0.64880001	0.51412003	0.73302915	0.53512357	0.095499587	0.22213289	0.54137176	0.56875763	0.29901235	0.63115633	0.72905583	0.29818241	0.47129921	0.26840219	0.58481766	0.81008564	0.3534066	0.77680556	0.64516469	0.62693791	0.09514022	0.53371654	0.57954597	0.13175433	0.61738132	0.67083187	0.55956785	0.44726219	0.62172252	0.70970867	0.83240127	0.89551295	0.75414047	0.82008844	0.84063407	0.37368145	0.20914808	0.48204015	0.59696393	0.52208182	0.56434836	0.74251982	0.57330919	0.1742231	0.34917294	0.3910473	0.61846903	0.62071336	0.78080411	0.50996902	0.51393826	0.53222755	-0.030541373	0.44870815	0.18174168	0.26369461	0.32649188	0.62836427	0.57332543	0.58276381	0.612397	0.18853339	0.22568137	0.14187917	0.024781365	0.24749857	0.52087548
0.030717021	0.80363265	0.41941236	0.52434727	0.061667936	0.38412452	0.60583123	0.38609932	0.072164311	0.10238376	0.87063504	0.56725202	0.19590502	0.20019483	0.33839201	0.24724728	0.48544225	0.4669453	0.8575851	0	0.83297215	0.81341562	0.070119965	0.090879305	-0.099872757	0.36339662	0.46111625	0.4275105	0.61314998	0.20952895	-0.1070203	0.34651512	0.50354589	0.56566612	0.28541912	0.45669849	0.44964322	0.14181384	0.30675483	0.34738906	0.54244937	0.597046	0.23489247	0.74133462	0.57380047	0.62682741	-0.0050267613	0.47856118	0.60849976	0.26177408	0.78062761	0.35540324	0.47907046	0.19802427	0.10850519	0.51569851	0.82504983	0.91473029	0.77747592	0.7213977	0.71375122	0.055855909	0.19021925	0.22946034	0.32471867	0.41916232	0.47466395	0.38656886	0.46557187	0.10773854	0.15547025	0.39466751	0.26059393	0.40605389	0.24082809	0.7253677	0.53658501	0.55472364	0.26128438	0.23570327	0.61834475	0.42643941	0.082329752	0.31193099	0.79838964	0.58177424	0.15285483	0.31068686	0.39773922	0.38694819	0.39042948	0.43049947	0.86010957	0.88573355	0.80669395	0.75718451	0.45810763	0.13489436	0.078633242	0.53725768	0.50268549	0.46386499	0.72042749	0.25733807	0.0069141174	0.07231603	0.50274122	0.54898726	0.21907334	0.5910335	0.5826399	0.067873804	0.41776993	0.12600688	0.51050871	0.71300256	0.27044985	0.7093036	0.61355314	0.52815128	-0.029196468	0.45770735	0.56300137	0.0062459459	0.66847781	0.54323748	0.33627001	0.1819615	0.62833209	0.5786984	0.78984937	0.83933553	0.64478968	0.6897542	0.71150635	0.24056842	0.071542073	0.30140976	0.35922529	0.34725547	0.46782154	0.63468542	0.54252321	-0.026128971	0.075563345	0.24471449	0.4065924	0.49274144	0.56211901	0.44000225	0.40229099	0.45837012	-0.031155633	0.27215941	0.11396104	0.36537121	0.24657606	0.45538414	0.43505012	0.45628439	0.53418508	0.16263949	0.10172697	0.057476515	0.042345833	0.10614303	0.36737215
0.25873115	0.93415926	0.56667585	0.63312626	0.23200732	0.47466052	0.602517	0.43892948	0.28390076	0.27707798	0.85185369	0.6257189	0.35003341	0.32103282	0.53225252	0.39211687	0.56823779	0.51821049	0.94752817	0.83297215	0	0.8779826	0.24650844	0.29115296	0.15893627	0.46477256	0.56546258	0.5191916	0.73231674	0.45554568	-0.054719881	0.47936611	0.65109838	0.66618999	0.37639908	0.62384764	0.67297343	0.39040532	0.43580434	0.36144335	0.67185647	0.73928431	0.40009937	0.85083068	0.68572581	0.74114043	0.099205028	0.58748932	0.6342923	0.44585303	0.81201135	0.52814901	0.62846467	0.32695055	0.2827947	0.68515804	0.85778573	0.92016202	0.90073996	0.89087901	0.84800643	0.1971575	0.19640394	0.33874587	0.52588025	0.56886159	0.60296101	0.51242557	0.57929982	0.25512308	0.4040818	0.63435779	0.50775064	0.57328778	0.4726775	0.85891047	0.59580074	0.65715401	0.41929562	0.44144228	0.73110207	0.48470139	0.27473882	0.52629583	0.84327079	0.70163759	0.3987827	0.53476857	0.6022084	0.57623106	0.56224678	0.49058422	0.94059319	0.90044486	0.9378754	0.84575013	0.61444471	0.39186823	0.35685248	0.64601194	0.64907269	0.5370853	0.7964538	0.51883397	0.079272865	0.20807279	0.5490471	0.60647823	0.36302023	0.69851953	0.79965298	0.3522695	0.53797701	0.31134498	0.6606845	0.84542165	0.38845516	0.82313664	0.69951885	0.65609026	0.05029957	0.60675286	0.66014872	0.18023224	0.66854157	0.7276588	0.55512082	0.41053024	0.681511	0.74765627	0.8359543	0.89610697	0.80714036	0.87157821	0.83976436	0.41454377	0.25309495	0.53782639	0.56953669	0.50779873	0.60323444	0.80706332	0.62156937	0.16558475	0.3224663	0.47130299	0.6402861	0.66431817	0.81982114	0.58115867	0.56481178	0.58915628	0.03391363	0.45840673	0.17465666	0.3060441	0.36552778	0.6769473	0.64278419	0.62653551	0.68409487	0.20612743	0.196326	0.17954678	-0.026036831	0.26724435	0.56902416
