0	0.12003615	0.16749341	0.12283696	0.61279958	0.65369707	0.15704061	0.30930102	0.61041898	0.23743611	0.22932093	0.48330039	0.54047754	0.53415453	0.68199641	0.57791791	0.12818669	0.29178491	0.11126686	0.12221029	0.077921035	0.14235806	-0.051903864	0.5637391	0.71775462	0.29396532	0.16214316	0.12739285	0.22346518	0.37476117	0.38323435	0.1330823	0.13961679	0.24219413	0.27434217	0.18672224	0.37002732	0.64220814	0.50296284	0.59957204	0.18775807	0.20129823	0.25453178	0.21107641	0.11891846	0.20776124	0.27047543	0.23889671	0.15304479	0.10156425	0.075932599	0.0796569	0.52173367	0.51600237	0.77042685	0.031750062	0.14518476	0.061403719	0.12970249	0.0071988212	0.001072923	0.46608308	-0.0051133554	-0.10105672	0.29592932	0.021700245	0.045282723	-0.00035268408	0.08853336	0.22091358	0.53572633	0.50057907	0.53133405	0.089902775	0.52878807	0.090171325	0.086383867	0.16315325	0.51155949	0.63968242	0.2087571	0.29828453	0.50948279	0.037110302	0.20340735	0.4575872	0.57821914	0.3740109	0.5243689	0.71097936	0.069529566	-0.11509692	0.06481194	0.067364371	0.086665545	0.10367013	0.36339646	0.52117848	0.63183913	0.065113378	0.092585309	0.13163093	0.2158876	0.37066477	0.081164144	0.0078906814	0.17912632	0.13787969	0.26908788	0.18167123	0.27796751	0.6276099	0.35882885	-0.04498512	0.12077233	0.22475117	0.3483746	0.19336253	0.16740968	0.13530406	0.23843666	0.18786183	0.043207917	0.09396396	0.081105281	0.12666989	0.62539834	0.55489884	0.14195582	-0.01773	0.024078612	-0.0018997131	0.16143161	-0.077787655	-0.046209022	0.34310888	0.21581926	0.17688963	0.20169662	0.30410509	0.087036095	0.026029011	0.14570618	0.19464378	0.48881411	0.44585437	0.29497834	0.22403093	0.51795091	0.13882621	0.33055637	0.33255449	0.061674154	0.26262716	0.3412156	-0.0025215916	0.43425164	0.54341545	0.31576007	0.28689968	0.38545627	0.19769487	0.090908332	0.18434182	0.013243841	0.03893446	0.32734614
0.12003615	0	0.6330254	0.65732848	0.409308	0.44164658	0.55127272	0.52345151	0.36002024	0.59632455	0.7215822	0.47238574	0.46600741	0.34979756	0.25388862	0.62839937	0.69462439	0.27564315	0.86621908	0.75100532	0.87444818	0.69580158	0.46281801	0.4366959	0.21560411	0.47051942	0.71457793	0.7366269	0.66571596	0.4831933	0.45241358	0.32868957	0.42538162	0.53525215	0.25537011	0.52031389	0.6046551	0.58287483	0.4918138	0.35585611	0.69494158	0.82723508	0.43834441	0.71055125	0.68500309	0.62689988	0.032280544	0.48512682	0.63220114	0.53650519	0.81089045	0.37800398	0.28611299	0.38705056	0.084618348	0.66720941	0.91465265	0.8187706	0.75048939	0.68105899	0.72183794	-0.020291735	0.045430706	0.39289647	0.3945839	0.47169221	0.55524371	0.34073311	0.70747449	0.57473771	0.39984311	0.62049835	0.58711718	0.27460915	-0.097896218	0.95424484	0.61020258	0.66106458	0.38263943	0.26723767	0.54082366	0.53092152	0.40300626	0.47897704	0.58482651	0.26553196	0.19344335	0.4378064	0.22381903	0.45206763	0.48250723	0.10586445	0.84469849	0.70221524	0.91085185	0.68334268	0.70388841	0.30946543	0.11421839	0.65954826	0.72734583	0.64501689	0.61479349	0.42829756	0.36335482	0.17396661	0.38995031	0.53936047	0.30833328	0.60493212	0.65716213	0.47535292	0.035080069	-0.10342776	0.68419863	0.71603303	0.56626495	0.66120906	0.63424033	0.64226406	0.26937709	0.45649885	0.46290783	0.52187435	0.87263323	0.20375654	0.13165178	0.32143025	-0.05043064	0.58572908	0.89856742	0.78772549	0.77724224	0.7589641	0.75364301	0.1629447	0.29557325	0.25014604	0.56391208	0.45297147	0.60511804	0.16901689	0.67846869	0.52126883	0.32359513	0.45043371	0.59775772	0.45435729	0.46725668	0.50627505	0.06480385	0.31554759	0.016372575	0.73622102	0.52984905	-0.082515375	0.57321949	0.48278831	0.4621146	-0.088293867	0.23847827	-0.038301687	0.7390395	0.59814912	0.062826151	0.28446294	0.51309109
0.16749341	0.6330254	0	0.81828345	0.54381159	0.48299721	0.70350436	0.82184351	0.5251443	0.71692659	0.70967577	0.48087135	0.32335884	0.20160361	0.30474916	0.68096325	0.53115564	0.17183704	0.64926291	0.65688739	0.67309759	0.73942304	0.58272026	0.39496952	0.30953982	0.34974047	0.68496169	0.82215754	0.80982688	0.65216552	0.46889751	0.37038819	0.52630366	0.57011284	0.17474285	0.53973872	0.48322464	0.4832032	0.37479437	0.27737072	0.83651683	0.60032161	0.35157914	0.78888499	0.88495537	0.86182972	0.15704141	0.5027095	0.65687279	0.39526133	0.76530266	0.23217147	0.24281826	0.56942887	0.15145404	0.39708227	0.58098226	0.60789717	0.4637618	0.39589482	0.71103295	-0.03920003	0.20412025	0.38871224	0.61068667	0.54252429	0.47913038	0.13919537	0.60452581	0.63945904	0.48208698	0.5160655	0.57222831	0.53152074	-0.077587932	0.53616858	0.95870824	0.77980124	0.54574162	0.48002557	0.65034689	0.77600997	0.48654794	0.66919591	0.60798109	0.18322136	0.10189717	0.21453913	0.2078566	0.55605931	0.49819631	-0.063688583	0.59385014	0.61576086	0.66178226	0.69702852	0.61896111	0.26624971	0.18769073	0.58658916	0.6670644	0.81482092	0.80613482	0.60620216	0.14731397	0.21045291	0.47871563	0.571207	0.30341415	0.66413329	0.42886475	0.45098769	-0.074336484	-0.1984156	0.89000382	0.42706035	0.463493	0.72608882	0.88285888	0.84027096	0.11312869	0.48929394	0.59448693	0.39733662	0.72319275	0.035451598	0.16452761	0.56129325	-0.033042368	0.39639725	0.62434446	0.56782566	0.44090786	0.41627986	0.66792823	0.084350995	0.25996649	0.11747762	0.65049892	0.61604888	0.61861562	-0.015889038	0.60036524	0.70285639	0.4168577	0.40068714	0.62423606	0.5371031	0.38338994	0.58982277	0.15005494	0.54874418	-0.047494383	0.70305823	0.59042476	0.036894067	0.67413087	0.3888053	0.64963672	0.025888251	0.39530547	0.028734603	0.75978964	0.5150759	0.21713008	0.3513034	0.61913573
0.12283696	0.65732848	0.81828345	0	0.4441341	0.44303677	0.78363589	0.78831176	0.43902437	0.6495897	0.6966526	0.56324959	0.30022141	0.32568088	0.29721729	0.63433838	0.73611591	0.3768825	0.62969699	0.63287001	0.70893751	0.70610611	0.5745544	0.40872037	0.21788923	0.54430841	0.71403366	0.83437129	0.87409794	0.56806133	0.48378714	0.35113766	0.69028304	0.70745275	0.41582055	0.71022591	0.60817329	0.50090016	0.38924951	0.28972073	0.86800788	0.6040963	0.40492576	0.75558646	0.83489122	0.79747635	0.21887906	0.67758355	0.85001242	0.51745027	0.7248925	0.48491528	0.2868538	0.40635684	0.02043728	0.54869419	0.61093485	0.63644384	0.42021432	0.54898185	0.65773352	-0.046604212	0.28226406	0.49668665	0.54885996	0.66597971	0.61264614	0.38914872	0.68769141	0.59232353	0.4391741	0.48657229	0.55870592	0.60631453	-0.020159593	0.54761415	0.77640831	0.93527923	0.45576229	0.38464749	0.74489653	0.74092525	0.41442857	0.59672535	0.57846875	0.33711657	0.12554033	0.3856678	0.21863205	0.45982666	0.63261842	0.0040709821	0.60469727	0.59008925	0.65354791	0.69320754	0.63360053	0.25313082	0.13244287	0.80442422	0.6928641	0.74379138	0.75142726	0.53364951	0.12538541	0.25731508	0.62322074	0.71259729	0.3553411	0.75979222	0.54214319	0.40778062	0.15253264	-0.041131333	0.88601843	0.47297823	0.37757439	0.70788628	0.78265595	0.79524948	0.11627988	0.60069758	0.78813576	0.41550435	0.73296605	0.23465929	0.12929685	0.37183774	0.11102507	0.5543794	0.64753494	0.61610276	0.44473021	0.51662434	0.62701924	0.14797898	0.11438412	0.21578572	0.6201242	0.64905128	0.62756184	0.19736808	0.6616193	0.55058349	0.32773518	0.32108425	0.66030387	0.68640539	0.45759041	0.69402412	0.16835852	0.58592338	0.043068743	0.63612601	0.58762316	-0.033871941	0.68854782	0.50778122	0.65359603	0.020648196	0.45122142	0.09665339	0.63491215	0.48127827	0.22109588	0.29830721	0.68298996
0.61279958	0.409308	0.54381159	0.4441341	0	0.6850922	0.29866052	0.52845477	0.72655663	0.64896047	0.53897871	0.47789626	0.51248675	0.49383897	0.69349453	0.73086648	0.36883153	0.23244727	0.52845554	0.44111189	0.45860402	0.45587034	0.39855483	0.68713248	0.79696749	0.29686214	0.49970849	0.5055891	0.50579679	0.72122425	0.64854993	0.25063181	0.34105551	0.5239462	0.39496843	0.40829637	0.63572337	0.77604162	0.4948295	0.45771666	0.47763275	0.51250086	0.4443989	0.54015869	0.45483427	0.56705907	0.33049924	0.42989455	0.31481495	0.48092968	0.48276106	0.29078014	0.35049541	0.76582621	0.4984899	0.2868868	0.4208692	0.34862007	0.34915501	0.35594298	0.38795621	0.41295277	0.16953286	0.18661986	0.45786541	0.37315892	0.31003873	0.053531185	0.22992867	0.65877485	0.71647904	0.71277735	0.79077261	0.29204074	0.16161521	0.38020406	0.45603037	0.44837983	0.73195566	0.60823532	0.28432754	0.43614113	0.65217647	0.51830113	0.48826444	0.24234613	0.46095242	0.3827345	0.44491611	0.70309955	0.29365186	-0.22746201	0.41307123	0.3762935	0.44569253	0.45028323	0.58727507	0.53974435	0.48512637	0.30257167	0.41795746	0.5024562	0.51249891	0.58707002	0.15536922	0.15215693	0.42334533	0.47613322	0.42732075	0.4137998	0.42972038	0.69445539	0.052477878	-0.03374099	0.50660225	0.46577062	0.60568379	0.49865413	0.48944219	0.4828276	0.089106793	0.37167724	0.15372223	0.4356577	0.46847137	0.058463306	0.27112845	0.59289381	-0.10723921	0.25856106	0.32959438	0.30781349	0.38803048	0.16667818	0.34945912	0.35382041	0.35758063	0.30377298	0.41144124	0.47904334	0.406189	-0.075605649	0.34384109	0.6091174	0.57959642	0.44210555	0.57621987	0.44505387	0.57973445	0.40862722	0.27752501	0.48062808	-0.0057551254	0.65458715	0.51085967	0.064642506	0.62009597	0.67380245	0.45547276	0.14649798	0.42058517	0.034014874	0.4941462	0.39655538	0.15039079	0.15303182	0.51876598
0.65369707	0.44164658	0.48299721	0.44303677	0.6850922	0	0.49445316	0.54522418	0.72424803	0.62548787	0.54318054	0.61875321	0.5598261	0.54470967	0.62941704	0.78459262	0.4119387	0.46842212	0.50606727	0.44314374	0.47836642	0.44042657	0.36352784	0.64332745	0.59828157	0.4421909	0.4222302	0.37438809	0.43016585	0.65146665	0.57906484	0.38541395	0.48042583	0.52572752	0.41627778	0.48304593	0.60312799	0.71190952	0.61949849	0.55552147	0.50307274	0.53955853	0.45206795	0.54711706	0.3742637	0.59021508	0.30298233	0.54954477	0.48860441	0.38332909	0.4034683	0.38106384	0.60441188	0.70213808	0.42439245	0.25109414	0.52287045	0.39186389	0.27980103	0.34822239	0.38007385	0.23347981	0.063936697	0.24140978	0.50195347	0.44983229	0.16774838	0.12433011	0.34046266	0.61927499	0.67175491	0.6055151	0.69197097	0.38968975	0.2224508	0.40724948	0.39247439	0.43701657	0.63344163	0.81639109	0.51002441	0.56471345	0.64195801	0.44725952	0.47306886	0.40403968	0.29839425	0.45746817	0.41154648	0.66515025	0.35476406	-0.0043360282	0.40374573	0.37926315	0.4566461	0.41377624	0.56678986	0.41049291	0.40468392	0.31983997	0.35922457	0.36400011	0.45605717	0.53190328	0.12485154	0.26932843	0.44829502	0.43419981	0.44200107	0.47089724	0.43224014	0.59375281	0.24379855	-0.088535253	0.47637244	0.52362744	0.5402107	0.51437254	0.4192553	0.51570445	0.24256804	0.46884379	0.31264672	0.35583839	0.4380768	0.2328101	0.44580402	0.55823307	0.036273767	0.16524577	0.41815569	0.34916038	0.33152641	0.2016707	0.34367778	0.21955624	0.23609621	0.29153877	0.44635015	0.6340096	0.25894141	0.058051078	0.34800427	0.49157835	0.56093971	0.3112887	0.49545111	0.55263353	0.63519991	0.46497691	0.47028646	0.62505089	0.24631222	0.60116859	0.59094902	0.06215311	0.68166537	0.68903731	0.52823529	0.33500742	0.57803914	0.26753903	0.45678212	0.3332167	0.19684363	0.27254992	0.55405928
0.15704061	0.55127272	0.70350436	0.78363589	0.29866052	0.49445316	0	0.73327488	0.33276714	0.49203811	0.61462063	0.63506049	0.26036336	0.36322274	0.31003649	0.58834689	0.61625697	0.50314739	0.52820542	0.58121067	0.61834347	0.59065264	0.43232568	0.28232509	0.10202579	0.52505775	0.54280995	0.63121943	0.70271195	0.43863428	0.32185585	0.31442478	0.60664479	0.52951433	0.28454122	0.57025876	0.44036457	0.36672016	0.45429333	0.3912675	0.69160273	0.5072918	0.3242689	0.64907985	0.64887729	0.73732573	0.2310743	0.64560736	0.87581733	0.35274058	0.58417972	0.42660979	0.5511456	0.42130018	0.10720108	0.41934326	0.53845201	0.59828621	0.26569431	0.35532253	0.57095238	-0.075821028	0.150257	0.42998084	0.4652878	0.62399573	0.40297532	0.31864919	0.71092415	0.43152317	0.3029035	0.32440201	0.37530774	0.46561619	0.053955924	0.48766219	0.64429122	0.75205463	0.33396051	0.45912948	0.92091152	0.7249469	0.29211719	0.41634855	0.50485754	0.45245956	0.072803631	0.34305848	0.20330774	0.44052212	0.53175058	0.12821705	0.51056127	0.54456421	0.569068	0.59671653	0.48569963	0.13976597	0.11826141	0.64682531	0.53124365	0.57454049	0.6577003	0.43206302	0.13332766	0.32813837	0.55786841	0.49328339	0.3671354	0.6316051	0.40810962	0.28199822	0.23974568	-0.034792909	0.74215726	0.41687876	0.26500214	0.61502826	0.62154263	0.71001302	0.24985384	0.53785664	0.8667582	0.22834065	0.62524279	0.24010326	0.36508394	0.41525248	0.25605393	0.34233165	0.59258224	0.56516491	0.30462239	0.39491996	0.53027172	0.00075628167	-0.038115635	0.030595771	0.50009629	0.58478454	0.44751025	0.22477714	0.62867034	0.36742471	0.27386187	0.22976291	0.47798422	0.59008597	0.4798709	0.65606283	0.29685992	0.60962546	0.17595669	0.45311099	0.47626138	-0.076903801	0.65290236	0.51200818	0.66791782	0.14577956	0.56556424	0.16607658	0.47103405	0.34765846	0.27742416	0.38923873	0.66620611
0.30930102	0.52345151	0.82184351	0.78831176	0.52845477	0.54522418	0.73327488	0	0.56133131	0.61033924	0.65187473	0.48066237	0.20954413	0.22247752	0.32785046	0.6172383	0.60179091	0.31857974	0.55414322	0.54498601	0.54998641	0.59527397	0.51583836	0.32027175	0.3365312	0.46104322	0.58909419	0.71280177	0.73004338	0.62407793	0.41163562	0.30934713	0.58425708	0.46150356	0.2390711	0.4773928	0.45898628	0.48869946	0.30467295	0.29266797	0.75446239	0.53184534	0.23880315	0.67784395	0.7652638	0.81680004	0.11540028	0.609331	0.73694242	0.32663946	0.59764974	0.247562	0.36536338	0.55770891	0.2633642	0.35354049	0.53973677	0.51729529	0.34370021	0.3554069	0.56238481	-0.033614375	0.17202937	0.3591906	0.66109117	0.60727469	0.41260756	0.14971641	0.57407944	0.49595815	0.51849607	0.39746248	0.48978685	0.5058966	0.053029743	0.43276528	0.75813495	0.78079917	0.53702445	0.55339237	0.71112576	0.85787721	0.53805071	0.56917939	0.5378415	0.32333051	0.15825792	0.28110649	0.27352773	0.51629162	0.5890322	0.0059613167	0.52629853	0.51564073	0.53682695	0.57678226	0.54738248	0.17886974	0.28542693	0.60926804	0.5706194	0.6606881	0.6917024	0.62866922	0.070440672	0.22004285	0.56379219	0.46414233	0.29198957	0.66428248	0.45624855	0.41955012	0.10740895	-0.12905869	0.81043813	0.43792463	0.33818452	0.62588255	0.73321824	0.7764787	0.06894566	0.62674252	0.67846216	0.36794339	0.61215264	0.21133889	0.32354065	0.56952251	0.20483344	0.36139108	0.55380284	0.48809926	0.3861853	0.36131916	0.51230841	0.087211183	0.14964224	0.12897303	0.63093613	0.7260617	0.52052868	0.13255928	0.5354761	0.55616327	0.50596075	0.3911417	0.50869364	0.60665846	0.47700537	0.59838727	0.18839507	0.60644832	0.014585923	0.59975745	0.53265314	-0.02504366	0.70197895	0.47762768	0.66140353	0.10837685	0.50592164	0.071778472	0.62805359	0.47083184	0.25376453	0.40935745	0.63887291
0.61041898	0.36002024	0.5251443	0.43902437	0.72655663	0.72424803	0.33276714	0.56133131	0	0.69735597	0.52401155	0.43347565	0.42787885	0.37086304	0.57259577	0.66721114	0.40839161	0.29663047	0.41844851	0.36361242	0.37239613	0.44067393	0.31300466	0.55161976	0.69878944	0.27797489	0.39550569	0.4115591	0.42134749	0.68072928	0.62783446	0.31824539	0.4370062	0.40596635	0.29530844	0.3553251	0.51827705	0.61444782	0.39236573	0.37313415	0.48106879	0.48470291	0.26065975	0.54046913	0.43508249	0.57685902	0.17156576	0.40820565	0.32324392	0.22091701	0.40446463	0.16281178	0.33059915	0.64253517	0.46960371	0.14638079	0.4099461	0.27152485	0.19803344	0.22912421	0.35489743	0.25735224	0.23089768	0.11847351	0.6285674	0.46382057	0.15708325	-0.024085152	0.14406047	0.48878249	0.71037303	0.48390631	0.62555283	0.33593572	0.30193108	0.28832649	0.46258481	0.45521255	0.74096482	0.73166006	0.35037507	0.60747916	0.82809012	0.48493833	0.46777003	0.33697326	0.42295032	0.34414404	0.45060054	0.69615472	0.31066423	-0.14543137	0.2923709	0.32189633	0.33990633	0.39247306	0.54827669	0.43011797	0.52384038	0.26767163	0.33665469	0.47713676	0.51482401	0.60998256	0.064799193	0.13529638	0.44809669	0.36304039	0.35004705	0.40272652	0.3777387	0.62620516	0.16271979	-0.041447863	0.51084682	0.4352214	0.40438356	0.50344316	0.51463708	0.49011686	0.027403781	0.38278306	0.21577099	0.26451543	0.3744572	0.17586941	0.37320823	0.60766349	0.052887668	0.16064738	0.28321094	0.23747297	0.21592238	0.037746142	0.26996089	0.33438956	0.28532785	0.2203469	0.49825558	0.62326504	0.30045188	-0.0028331737	0.26767446	0.48789068	0.63499457	0.38940743	0.44108393	0.49947772	0.55002922	0.39275513	0.20203076	0.47024518	0.053805086	0.58364188	0.42717206	0.041481795	0.62562192	0.52984823	0.45964624	0.15234521	0.38704609	0.19137876	0.46640446	0.294536	0.04726154	0.19481551	0.45409899
0.23743611	0.59632455	0.71692659	0.6495897	0.64896047	0.62548787	0.49203811	0.61033924	0.69735597	0	0.73694899	0.38441822	0.35938	0.27643181	0.35931404	0.65328318	0.53295204	0.17130592	0.66030229	0.63066564	0.65981012	0.70918728	0.60422817	0.46783463	0.44742808	0.28411028	0.60543314	0.62795536	0.57603861	0.77918381	0.66948274	0.38432547	0.56369781	0.61544129	0.3055097	0.55078581	0.61092168	0.54847418	0.38930517	0.25543828	0.6380987	0.62515063	0.42751449	0.81343567	0.6303619	0.75250705	0.15960902	0.5283412	0.4988078	0.45873808	0.63936441	0.35070474	0.20023848	0.60959909	0.067611261	0.36006912	0.58942314	0.52428873	0.38894513	0.47247256	0.63437616	0.0045980811	0.29389605	0.37498408	0.6653585	0.64899116	0.36025685	0.082337529	0.35332095	0.74686271	0.69114135	0.58226349	0.68104812	0.48273039	-0.12075701	0.54672061	0.70184155	0.60757969	0.61339188	0.53955363	0.45378414	0.61129412	0.66010154	0.80291337	0.64707936	0.097204562	0.085799078	0.28596155	0.19059042	0.49740933	0.46089314	-0.14983651	0.56189475	0.55596949	0.6320596	0.67776806	0.64048816	0.25348374	0.20165411	0.46679658	0.56730776	0.65500438	0.63557848	0.64008306	0.09539245	0.31221186	0.5922711	0.62062643	0.43567181	0.62652459	0.44801475	0.4665929	-0.048843799	-0.12741647	0.74576513	0.54276588	0.45243782	0.75973851	0.68310131	0.70461665	-0.0032954365	0.53825267	0.3987592	0.46723658	0.64424602	0.10400766	0.026551888	0.4534854	-0.14857278	0.36199169	0.5760171	0.51680716	0.42031986	0.33282861	0.5729498	0.10141909	0.18747229	0.19874428	0.66796464	0.71082527	0.48071172	-0.081765884	0.48158317	0.69623969	0.52053883	0.26931461	0.64113949	0.63087147	0.41484293	0.64321701	0.17546616	0.53326055	-0.037050435	0.73678936	0.52768419	0.072945407	0.68814451	0.47844246	0.56685405	0.076173301	0.38811766	0.021355608	0.70774101	0.399137	0.23964905	0.35266033	0.58614885
0.22932093	0.7215822	0.70967577	0.6966526	0.53897871	0.54318054	0.61462063	0.65187473	0.52401155	0.73694899	0	0.4298135	0.3151833	0.27583784	0.39627457	0.60895265	0.69378724	0.32291119	0.77494297	0.9271211	0.84189611	0.93734971	0.5867516	0.38293652	0.36735524	0.4132598	0.73668157	0.68535804	0.60042489	0.7547374	0.61626316	0.33649767	0.61794802	0.57463899	0.28701659	0.58149056	0.68874632	0.55572176	0.4085019	0.27184151	0.71625148	0.71688377	0.40217192	0.94718359	0.64132594	0.80824702	0.22380988	0.57245537	0.63048584	0.42241821	0.81705512	0.39355724	0.36283124	0.59000017	0.18813058	0.55339488	0.70936103	0.75639301	0.44722418	0.56664681	0.83658872	0.053670109	0.26156309	0.43539224	0.73849793	0.71063825	0.46015127	0.17831256	0.46418157	0.59056354	0.52876859	0.57669745	0.56743176	0.45368664	0.0017305276	0.62353098	0.65743211	0.64981429	0.63380299	0.52716583	0.62577378	0.71287643	0.58823613	0.73683387	0.94503524	0.27613227	0.28646715	0.35402182	0.3311119	0.51997384	0.44927618	-0.12914973	0.73136515	0.84913545	0.78795877	0.93995353	0.71612122	0.40794839	0.30495324	0.59734246	0.70383167	0.67854071	0.65933864	0.7099985	0.14794757	0.27848147	0.67790252	0.60935994	0.57106102	0.71896915	0.64486661	0.52443808	0.11720214	-0.13086106	0.78907402	0.63516597	0.46672593	0.94715165	0.65640939	0.78097189	0.092426416	0.61313243	0.51940834	0.50898848	0.83999039	0.23723713	0.22983616	0.43617203	0.059066515	0.50758464	0.70271807	0.75008856	0.45785335	0.44991818	0.7788752	0.24034383	0.1616056	0.1609889	0.84677509	0.7135636	0.57768237	0.038614819	0.55731053	0.55185799	0.49391554	0.43663221	0.64211347	0.72284145	0.63096765	0.70228024	0.062963984	0.47443573	-0.01812666	0.70510967	0.4656461	0.0030307071	0.77099603	0.63731986	0.6531527	0.010135803	0.4199716	-0.01339686	0.66138652	0.44911954	0.27975518	0.44619047	0.74917647
0.48330039	0.47238574	0.48087135	0.56324959	0.47789626	0.61875321	0.63506049	0.48066237	0.43347565	0.38441822	0.4298135	0	0.68441362	0.81368897	0.69113042	0.83248752	0.48700805	0.58671393	0.41789738	0.37862423	0.48009269	0.37977432	0.24693221	0.7030097	0.46891694	0.73758385	0.48943344	0.47321477	0.63433671	0.36237487	0.37528252	0.34172052	0.43068326	0.58964804	0.45838398	0.62185695	0.63203336	0.68338207	0.84034318	0.75033707	0.62637602	0.53844558	0.46820045	0.44365848	0.44106372	0.54594419	0.42048708	0.6132775	0.67714656	0.38660462	0.39470712	0.6099317	0.75293239	0.5103554	0.42528356	0.40730045	0.49752085	0.41724225	0.31822708	0.38797339	0.32323863	0.35435309	-0.053019657	0.325781	0.21613617	0.38028817	0.39073084	0.56379654	0.56294943	0.39871737	0.31375042	0.52572587	0.63984662	0.3552403	0.28068704	0.40325077	0.41722906	0.53031792	0.37836916	0.4434147	0.69792565	0.45309454	0.35999112	0.11997553	0.31974288	0.69884537	0.44904236	0.6684393	0.50863318	0.70483952	0.42388368	0.15741557	0.40573764	0.30441373	0.43161828	0.37697916	0.56156275	0.49245012	0.37955423	0.542986	0.46212327	0.4061825	0.54527162	0.29974615	0.18901685	0.1557445	0.35867969	0.48310554	0.27347575	0.48084438	0.46401985	0.58283252	0.3751307	0.14969762	0.51223574	0.50015031	0.48802583	0.43388933	0.43579864	0.49124485	0.40830091	0.4324832	0.56423761	0.18993088	0.43289591	0.30173068	0.49281122	0.45203065	0.17233226	0.2883575	0.41906856	0.34405205	0.34038793	0.2754685	0.29184721	0.38121264	0.22401405	0.35329589	0.28304592	0.34166749	0.37979658	0.33710607	0.49292021	0.34927991	0.23961713	0.39792842	0.49579038	0.44456835	0.61196906	0.37042067	0.36856262	0.60767379	0.26879545	0.41546536	0.57401657	-0.093987972	0.59250137	0.68825577	0.41499638	0.19942779	0.54724345	0.22362031	0.34385717	0.40313717	0.018174239	0.092318134	0.51207566
0.54047754	0.46600741	0.32335884	0.30022141	0.51248675	0.5598261	0.26036336	0.20954413	0.42787885	0.35938	0.3151833	0.68441362	0	0.74837457	0.50336703	0.79004642	0.22104205	0.14079589	0.34829471	0.33600199	0.4138906	0.30485563	0.0992303	0.78582808	0.48875999	0.288098	0.36976827	0.42890028	0.49677096	0.24058048	0.45163324	0.20946632	0.11541106	0.55360962	0.28979685	0.43237847	0.51617806	0.66329261	0.88594042	0.74114494	0.39693175	0.47785749	0.68096441	0.33613212	0.38673123	0.25674335	0.39278884	0.25920317	0.22379589	0.47420207	0.36827166	0.23935539	0.36245261	0.38367333	0.36711484	0.2522462	0.43279644	0.33900655	0.31270167	0.29409558	0.26898986	0.29584688	0.046507038	0.090881048	0.059256467	0.14367621	0.35016856	0.18986343	0.26750034	0.54834238	0.39958074	0.73901805	0.77084399	0.055601252	0.077052113	0.4792913	0.33306834	0.31496913	0.26392477	0.33752115	0.23108899	0.15635086	0.26329777	0.13641423	0.25944275	0.2635109	0.42488058	0.47411327	0.1970809	0.66693533	0.11488815	-0.052235949	0.28040397	0.27847857	0.41471244	0.27966497	0.4759147	0.51628845	0.16776478	0.24078622	0.36956436	0.36918595	0.41803325	0.076953861	0.29326218	0.11699403	0.13686764	0.4278639	0.24841214	0.20741733	0.31144645	0.57847717	0.19270505	-0.13493418	0.32882488	0.43433025	0.59458707	0.29668484	0.38339091	0.19385716	0.28554183	0.10637659	0.11938266	0.2117839	0.38223369	-0.15606064	0.15797487	0.22320095	-0.33823319	0.15789291	0.37423526	0.30505878	0.32234708	0.2398445	0.30051948	0.16843872	0.20898297	0.16255896	0.13327049	0.19884094	0.3599373	-0.14542716	0.37161983	0.46606503	0.08667477	0.22371135	0.48336963	0.22805922	0.32318151	0.14846335	0.24158212	0.34754418	0.079388192	0.46718617	0.45369529	0.061990894	0.37422279	0.46535615	0.16389792	0.013227094	0.28011993	0.031973149	0.37387322	0.41806821	0.012143341	0.0076877796	0.25624758
0.53415453	0.34979756	0.20160361	0.32568088	0.49383897	0.54470967	0.36322274	0.22247752	0.37086304	0.27643181	0.27583784	0.81368897	0.74837457	0	0.71668181	0.67255752	0.34207334	0.46455986	0.3165028	0.19616656	0.33704849	0.17856413	0.12369882	0.71873881	0.58057647	0.56694182	0.26809656	0.24112923	0.37932693	0.27836931	0.33698742	0.21870064	0.33677509	0.56158568	0.48681442	0.54653158	0.56844015	0.71249382	0.8061951	0.85881599	0.33829722	0.47671913	0.47452646	0.28278857	0.19954941	0.27340145	0.56109219	0.49678078	0.41459321	0.4296465	0.17859042	0.61173521	0.63178352	0.3797681	0.44819303	0.27948419	0.4004306	0.22492592	0.22401965	0.30624709	0.13945246	0.55962881	-0.085857397	0.14414215	0.088512238	0.28692303	0.18361997	0.38985824	0.29548861	0.36573645	0.37799803	0.5164229	0.68203728	0.1936472	0.28445914	0.34408755	0.15141826	0.31904403	0.28510068	0.36842867	0.42820581	0.20761661	0.31426401	0.073954837	0.17377958	0.60382839	0.59032225	0.77407728	0.498498	0.66669123	0.23886122	0.16245159	0.24914675	0.1002463	0.30543878	0.20766611	0.39991524	0.56770782	0.41993767	0.2858735	0.19395586	0.18918739	0.28536553	0.18760218	0.136041	0.077603054	0.31197495	0.42484193	0.33298025	0.29233011	0.33070786	0.59080445	0.50293707	0.25014961	0.27159019	0.49560788	0.41829043	0.26142267	0.20750031	0.21436966	0.52611664	0.31365007	0.30824666	0.14934318	0.26142069	0.26540332	0.39812488	0.25406811	0.046681667	0.17998538	0.25568901	0.17459055	0.23659567	0.1838514	0.12369181	0.41703057	0.14884555	0.35504573	0.10402569	0.21947482	0.14339843	0.24406407	0.2532709	0.23750711	0.24950369	0.312299	0.48372598	0.41105762	0.55458086	0.34541014	0.38027089	0.48719281	0.27591195	0.26194344	0.32419527	-0.034672057	0.41557306	0.67698263	0.31276336	0.1951151	0.500083	0.16683152	0.17638168	0.18140868	0.085095426	0.093512967	0.45055785
0.68199641	0.25388862	0.30474916	0.29721729	0.69349453	0.62941704	0.31003649	0.32785046	0.57259577	0.35931404	0.39627457	0.69113042	0.50336703	0.71668181	0	0.64577112	0.27884981	0.52352796	0.36469337	0.28738086	0.32951063	0.31683788	0.22522299	0.65145684	0.8700968	0.54240976	0.42029039	0.24250747	0.35196542	0.57942943	0.38477218	0.17921118	0.25827027	0.42270947	0.39533495	0.39448564	0.66846948	0.74227232	0.56802543	0.68883731	0.39414597	0.43436354	0.27039745	0.36673093	0.18341471	0.41664346	0.4337027	0.42405705	0.35803102	0.26661637	0.22847368	0.56974825	0.73997169	0.70071639	0.71492228	0.40163647	0.31912329	0.24363512	0.27282384	0.35391772	0.24234379	0.73686962	-0.059676098	0.094454637	0.36888281	0.25481143	0.18700193	0.36017513	0.23568783	0.33147988	0.46525508	0.51688887	0.63839355	0.24716465	0.45143444	0.18385679	0.19603483	0.26770971	0.62324325	0.58658857	0.39848906	0.37844307	0.55853019	0.20088646	0.36254637	0.57595057	0.59810152	0.53200655	0.78044344	0.70703069	0.25730779	0.03556954	0.33020875	0.20923666	0.27966874	0.32120139	0.43328514	0.69803877	0.72360391	0.26358637	0.24855569	0.27119213	0.3407525	0.56003179	0.039707069	0.088361406	0.31166777	0.30577785	0.28253157	0.2994474	0.45275092	0.67683133	0.35337383	0.3033446	0.30328867	0.43149742	0.43280378	0.39087373	0.24324404	0.34744402	0.40448055	0.34293067	0.19982743	0.20138503	0.26393483	0.35734747	0.61196406	0.6251236	0.24318025	0.31284953	0.17581142	0.18702176	0.26518073	0.10761706	0.17371371	0.63335331	0.30782546	0.44305439	0.35779936	0.30602626	0.2353782	0.25955262	0.16404595	0.21176114	0.51762081	0.57757336	0.44872839	0.35063754	0.74213236	0.30673264	0.4648569	0.48523602	0.1241068	0.37411512	0.38839581	-0.068824584	0.53397771	0.78323753	0.40395923	0.35105931	0.55534386	0.19641626	0.21205658	0.14314367	0.069310128	0.12714087	0.46071013
0.57791791	0.62839937	0.68096325	0.63433838	0.73086648	0.78459262	0.58834689	0.6172383	0.66721114	0.65328318	0.60895265	0.83248752	0.79004642	0.67255752	0.64577112	0	0.51732859	0.38512161	0.58605333	0.56625658	0.63216488	0.58232554	0.39586239	0.81090257	0.57925072	0.5449786	0.63229866	0.6627616	0.74831412	0.58642175	0.63221449	0.39612092	0.414529	0.64697316	0.39243875	0.58521679	0.70361593	0.80516849	0.83576313	0.67847436	0.71654721	0.66192867	0.60274878	0.64079855	0.64100577	0.67096929	0.33588923	0.55233742	0.5886411	0.50993458	0.60562628	0.39070448	0.55240986	0.71289157	0.4089819	0.40633824	0.61347803	0.54230953	0.44735752	0.42952385	0.50225247	0.24196839	0.063739259	0.36689314	0.36629497	0.41095794	0.49071052	0.34414417	0.55484281	0.70911659	0.56722907	0.79933244	0.82804442	0.38279526	0.12571731	0.56385065	0.63211308	0.6135273	0.56669432	0.61986499	0.59005301	0.53908877	0.53715706	0.39957307	0.51025255	0.44787852	0.41471202	0.52832755	0.3689414	0.81183524	0.43916859	-0.037554844	0.5111479	0.49063342	0.59780314	0.55502126	0.70465533	0.51660735	0.30271971	0.54409039	0.62579833	0.58098834	0.67578347	0.42655583	0.26969455	0.23873968	0.40362975	0.55903597	0.35494287	0.55110931	0.52026982	0.6794597	0.17727326	-0.11724438	0.66334856	0.58143601	0.68037003	0.60806766	0.63128473	0.60467694	0.25011935	0.42028109	0.44266388	0.35815321	0.60799045	0.064581375	0.33083006	0.55986188	-0.11916144	0.29866044	0.55761922	0.48005331	0.47642691	0.33086871	0.49322873	0.26079782	0.31149277	0.3012515	0.43028778	0.49495505	0.53111439	0.029670121	0.59783196	0.68438683	0.35653162	0.40418998	0.60233287	0.48324042	0.58284818	0.42537176	0.30596012	0.59210161	0.12333981	0.69237264	0.70187616	0.0080622522	0.71334911	0.68468766	0.50270882	0.10778602	0.50483064	0.15499477	0.60757574	0.57713907	0.10248531	0.14265118	0.5504971
0.12818669	0.69462439	0.53115564	0.73611591	0.36883153	0.4119387	0.61625697	0.60179091	0.40839161	0.53295204	0.69378724	0.48700805	0.22104205	0.34207334	0.27884981	0.51732859	0	0.48137761	0.66947991	0.64531587	0.71158932	0.63221812	0.41611037	0.31634394	0.20725061	0.6252617	0.6222063	0.62420793	0.60230323	0.48112554	0.44849441	0.36176578	0.60379195	0.46615599	0.41793733	0.55318764	0.62103914	0.51628293	0.3246399	0.28041797	0.67707622	0.6165203	0.30395224	0.65347071	0.56070492	0.63888378	0.15569379	0.69213944	0.77350168	0.44853891	0.65074517	0.48803519	0.3378551	0.33645918	0.08477976	0.56487558	0.6638431	0.65214558	0.45988977	0.59745211	0.57437334	-0.0067119896	0.11836399	0.52018161	0.48819469	0.6101216	0.50140049	0.38232427	0.62300652	0.40819766	0.37698448	0.41310271	0.42290803	0.43961736	0.11421376	0.59337232	0.46421481	0.71229761	0.41392928	0.2949989	0.6529358	0.60678934	0.45881347	0.420189	0.58713279	0.41735278	0.23076038	0.48684727	0.27525706	0.35784881	0.54367854	0.01907454	0.63604755	0.59030769	0.64771757	0.64245799	0.63383693	0.28417028	0.2029817	0.72929909	0.63049692	0.52442333	0.53336981	0.46641023	0.16132178	0.21331029	0.58242523	0.49178338	0.33857878	0.68491302	0.58959708	0.41403561	0.2608654	0.027726397	0.67912666	0.54376453	0.38036447	0.62677789	0.51314788	0.6560704	0.13756291	0.6466951	0.63215932	0.43310664	0.68295394	0.39879898	0.22347684	0.27700995	0.22233998	0.46103423	0.62899339	0.60230369	0.51634958	0.52854754	0.54886683	0.24980125	0.16195081	0.28251813	0.57210599	0.53449557	0.49155503	0.26546973	0.63622998	0.34807639	0.3675605	0.37712086	0.48032395	0.62981296	0.58756354	0.58902922	0.057372766	0.40352026	0.084432609	0.5523786	0.44503375	-0.074639863	0.58717774	0.58638237	0.46891345	-0.0056090393	0.30790232	0.055467841	0.54444319	0.4367856	0.16635384	0.28809152	0.64072079
0.29178491	0.27564315	0.17183704	0.3768825	0.23244727	0.46842212	0.50314739	0.31857974	0.29663047	0.17130592	0.32291119	0.58671393	0.14079589	0.46455986	0.52352796	0.38512161	0.48137761	0	0.30007365	0.25547246	0.32294807	0.22513402	0.17206974	0.36073406	0.27931239	0.63295964	0.25496218	0.13342121	0.23783377	0.20286164	0.18327667	0.30931889	0.44895099	0.30198773	0.49339283	0.41392515	0.49033031	0.40919396	0.31080853	0.38266113	0.40165512	0.36145512	0.13189781	0.2508889	0.073621097	0.36685371	0.34288145	0.60217145	0.62743918	0.18913715	0.18129779	0.59884289	0.66547351	0.2853222	0.30337882	0.34435352	0.36692519	0.32433674	0.14996211	0.27691017	0.18737383	0.3177668	-0.1118268	0.29933288	0.18250163	0.34378551	0.10200314	0.50215454	0.44084737	0.070299956	0.078675774	0.15900995	0.20053476	0.39185419	0.42822596	0.18314258	0.054257982	0.3596926	0.35460618	0.42555474	0.6283993	0.41581005	0.37282267	-0.018670076	0.24712662	0.71530242	0.33513342	0.53984192	0.56229625	0.38756589	0.44249537	0.30512098	0.30117751	0.20290201	0.24705716	0.26584205	0.34224366	0.33547778	0.44284289	0.46634498	0.18822906	0.067881408	0.16427214	0.30030199	0.044892566	0.1377475	0.31986463	0.24692247	0.30809241	0.44712718	0.47471447	0.38396497	0.49305972	0.38267351	0.27779711	0.36890452	0.24335575	0.28218364	0.047066401	0.3807689	0.39497748	0.49894968	0.52629262	0.16417637	0.27608579	0.62990945	0.57643471	0.33140636	0.53725176	0.26582229	0.2460492	0.25477562	0.17713757	0.19802631	0.1330709	0.44143715	0.17283625	0.36548738	0.23298013	0.28097545	0.075939384	0.58827818	0.24191883	0.03890433	0.29845025	0.35478655	0.21454743	0.41195901	0.69007321	0.34519944	0.27651004	0.40417646	0.27170747	0.19235175	0.30272802	-0.1143473	0.47790759	0.64754196	0.39351368	0.28722213	0.4269658	0.36132775	0.076735042	0.13153433	-0.0063657177	0.18919775	0.50276249
0.11126686	0.86621908	0.64926291	0.62969699	0.52845554	0.50606727	0.52820542	0.55414322	0.41844851	0.66030229	0.77494297	0.41789738	0.34829471	0.3165028	0.36469337	0.58605333	0.66947991	0.30007365	0	0.81245865	0.9081507	0.7356865	0.58939022	0.46844191	0.32212055	0.50984569	0.78409151	0.62332892	0.53653903	0.69627137	0.52003253	0.31048598	0.56159987	0.5894588	0.34983995	0.60236437	0.71396686	0.65608599	0.40398325	0.27124628	0.70606346	0.74273273	0.39266824	0.74699877	0.5821218	0.74019818	0.18069739	0.55454884	0.61337659	0.5626582	0.83090511	0.50342203	0.32705199	0.57355716	0.082187107	0.72134481	0.83623757	0.85833327	0.71022401	0.7767798	0.84891978	0.026855132	0.076217434	0.47976881	0.56084348	0.60226675	0.4286754	0.32089521	0.62059084	0.62449849	0.47572987	0.61315081	0.6280554	0.45500991	-0.013975603	0.80979718	0.61244202	0.61580005	0.51000978	0.34520164	0.54249512	0.61740015	0.50143427	0.64332328	0.68859993	0.27216338	0.21132383	0.49697427	0.35058641	0.45401684	0.53297148	0.02386689	0.9478115	0.7788209	0.91353888	0.74368543	0.73086652	0.36564084	0.23172386	0.61160995	0.74560766	0.60298879	0.5704808	0.63074554	0.27426747	0.27203053	0.54073522	0.63216004	0.38018279	0.71772755	0.73084796	0.54219393	0.11630267	-0.034033344	0.72615652	0.62358224	0.5467918	0.72579533	0.57558209	0.78166035	0.22547448	0.58039265	0.42416106	0.69034599	0.87482551	0.34637541	0.15974078	0.4225412	0.025446132	0.6240163	0.87301526	0.83593137	0.71900229	0.74353873	0.82638952	0.2444573	0.29453951	0.34331746	0.69570649	0.56215236	0.53255039	0.19728896	0.56148578	0.53291442	0.47601669	0.49777524	0.6892956	0.5994245	0.61742062	0.5407698	0.14738931	0.46835731	0.028385536	0.73875425	0.4956071	-0.021918915	0.65957489	0.6209624	0.52242225	0.051578797	0.35681691	0.0076034455	0.70203597	0.5365478	0.20538389	0.29903625	0.55009184
0.12221029	0.75100532	0.65688739	0.63287001	0.44111189	0.44314374	0.58121067	0.54498601	0.36361242	0.63066564	0.9271211	0.37862423	0.33600199	0.19616656	0.28738086	0.56625658	0.64531587	0.25547246	0.81245865	0	0.8851795	0.93356603	0.52543067	0.35570009	0.206625	0.3809792	0.79623007	0.6798243	0.57631459	0.63968731	0.55339355	0.28148064	0.50846839	0.52697069	0.23118743	0.52650933	0.66250031	0.47638488	0.42626512	0.18251726	0.71279283	0.60114406	0.43680125	0.86529677	0.59901441	0.74398956	0.19328056	0.4953808	0.57191044	0.41355528	0.86256254	0.34410854	0.30448215	0.50973221	0.060591258	0.6587735	0.67817116	0.88139446	0.4976684	0.6024513	0.88884068	-0.033477082	0.22420479	0.48669422	0.59951573	0.62807907	0.54411875	0.22402901	0.51417409	0.57840377	0.37007715	0.59451658	0.48713167	0.39276517	-0.079075196	0.66320943	0.63479442	0.57496793	0.51116504	0.37574574	0.57181531	0.60346823	0.42581276	0.64674214	0.92719421	0.19376164	0.19401201	0.27662283	0.21363922	0.42242028	0.41860901	-0.12957369	0.78644144	0.95656795	0.84005809	0.93472958	0.70037232	0.34577655	0.11992958	0.62330346	0.79981094	0.63950386	0.61327582	0.57443459	0.20195007	0.3162719	0.5800325	0.58025545	0.47053363	0.69818977	0.65451852	0.42615849	0.069607247	-0.18486585	0.76327104	0.49741598	0.45953577	0.88861138	0.5894343	0.73404348	0.062977782	0.52317628	0.49306231	0.51602718	0.86442075	0.14847069	0.13384814	0.34257813	-0.058332064	0.54792832	0.76923411	0.86951027	0.52087283	0.55756665	0.87128981	0.15922967	0.15757131	0.12369402	0.78300169	0.58172941	0.63332463	-0.0083982951	0.62998263	0.50141816	0.30330311	0.37332825	0.57950448	0.60904935	0.56478203	0.57071558	0.0055294358	0.40908357	-0.038416325	0.69730594	0.45901802	0.0012345206	0.68288844	0.57927253	0.55201141	-0.060413333	0.3291811	-0.060459937	0.65098291	0.50445735	0.25371842	0.37495997	0.64063516
0.077921035	0.87444818	0.67309759	0.70893751	0.45860402	0.47836642	0.61834347	0.54998641	0.37239613	0.65981012	0.84189611	0.48009269	0.4138906	0.33704849	0.32951063	0.63216488	0.71158932	0.32294807	0.9081507	0.8851795	0	0.83842328	0.57651397	0.46176119	0.24158797	0.46586752	0.81386533	0.69693602	0.63523829	0.61527736	0.54529724	0.34956331	0.56782925	0.62819941	0.34525444	0.62531817	0.75972065	0.56955854	0.48609446	0.30052033	0.75158855	0.73943229	0.48248565	0.82275281	0.6395816	0.735931	0.21073973	0.5574003	0.66947881	0.55794565	0.87492615	0.51594671	0.31378598	0.49447249	0.0030331344	0.76414237	0.83128041	0.89560689	0.58352314	0.77402995	0.8966994	0.013269448	0.18374379	0.52345856	0.51138491	0.66427873	0.55775525	0.40608016	0.61726033	0.64960096	0.36437109	0.64982907	0.59728073	0.43629441	-0.1206637	0.81947894	0.66326904	0.65447944	0.47869705	0.3392841	0.61377499	0.59911306	0.42798186	0.64612773	0.77306441	0.25635854	0.20490108	0.4375506	0.26787824	0.4582439	0.49389773	0.018645475	0.8801386	0.846639	0.93639499	0.84528815	0.71770234	0.395325	0.1221246	0.68656212	0.79677212	0.64327714	0.63026366	0.53043106	0.24177671	0.30937126	0.58630265	0.66975444	0.41677909	0.72134083	0.73873899	0.47307473	0.1320195	-0.055898342	0.77500201	0.6363626	0.521425	0.81201561	0.60322277	0.76916053	0.1989279	0.54974717	0.53471865	0.59322704	0.90781665	0.25145486	0.07976177	0.31224024	-0.045474504	0.6731748	0.89375011	0.89024456	0.61847336	0.71706889	0.89792626	0.20983129	0.24440374	0.28232847	0.69492372	0.5803649	0.61822426	0.16041707	0.65378227	0.54187454	0.30750317	0.38756576	0.6602684	0.61398052	0.58690665	0.57229654	0.11475156	0.48371134	0.01183026	0.73382198	0.50123823	-0.041673215	0.69501869	0.60743302	0.51969034	0.02235283	0.37838235	-0.04721016	0.69800356	0.54400378	0.22749988	0.35088509	0.5937191
