0	0.1611848	0.38927537	0.4820939	0.75335808	0.6618084	0.67278817	0.59081886	0.59359076	0.5277026	0.27661103	0.57900429	0.28216469	0.33358526	0.76112152	0.62955819	0.47630652	0.64199521	0.089920229	0.18443803	0.22149747	0.40967897	0.5045079	0.48856493	0.54477048	0.53255778	0.33415252	0.45420633	0.49914058	0.47712895	-0.12596434	0.40375303	0.47445522	0.34460248	0.17854467	0.49880554	0.45543212	0.37254941	0.39375946	0.53647512	0.52661816	0.17803695	0.23888281	0.41437555	0.4442071	0.53802376	0.59109118	0.59123827	0.62932393	0.30255776	0.19471901	0.51308876	0.58697767	0.57715321	0.66272347	0.38248347	0.13699465	0.22149447	0.24261655	0.22787852	0.2140306	0.48729869	-0.39077235	0.38827545	0.531886	0.69549908	0.47472644	0.43971683	0.51350546	0.089110733	0.28643815	0.4428641	0.18729763	0.51244432	0.73686897	0.17406398	0.33737901	0.41949375	0.7052739	0.65047097	0.68768115	0.53755751	0.60437495	0.33536683	0.27447149	0.53982683	0.44544438	0.46259952	0.75076626	0.57592239	0.45886066	0.59205945	0.074235134	0.28803957	0.26583702	0.43533412	0.49271318	0.50165727	0.64650279	0.50044777	0.40294841	0.41813912	0.465855	0.43272601	-0.29614517	0.37689791	0.59312764	0.38526479	0.3782609	0.50932608	0.38105352	0.36946261	0.23863091	0.52641631	0.47990278	0.25628052	0.033451715	0.46682077	0.4184093	0.42239358	0.71195236	0.61594337	0.52135372	-0.050817061	0.31271424	0.44187868	0.71354938	0.4111566	0.54021723	0.3804389	0.080231658	0.21801261	0.17335309	0.19632495	0.31442577	0.62510441	0.27674461	0.39142811	0.43947977	0.61857454	0.42592555	0.47458005	0.37453702	-0.38912647	0.52723254	0.35281501	0.25068205	0.5560657	0.35074323	0.60107718	0.40174763	0.54220996	0.32841394	0.4398625	0.095918018	-0.084405934	0.37829112	0.32473694	0.56947187	0.44193064	0.43548858	0.13403851	0.28937959	-0.046947422	0.033914732	0.41406589	0.58674313
0.1611848	0	0.17729112	0.31068146	0.18649503	0.38999911	0.30811468	0.39490798	0.56451191	0.57812469	0.22466876	0.20211052	0.17960746	0.29913277	0.33958246	0.32392622	0.40613736	0.21676595	0.83680736	0.5619044	0.90791648	0.44928493	0.64888587	0.37829177	0.59672263	0.3026868	0.48725026	0.33612	0.30203806	0.58069887	0.27526687	0.5320445	0.14296957	0.39800927	0.52720978	0.40134255	0.73379726	0.54953326	0.069067553	0.094024363	0.1597097	0.82229122	0.46419083	0.24571557	0.1638842	0.37282689	0.098764449	0.43524037	0.2000355	0.4152643	0.74989162	0.49404161	0.25707224	0.4970629	0.23268306	0.77740908	0.95782063	0.81259244	0.68516602	0.76256305	0.68139909	0.23064689	-0.45366787	0.4452711	0.33354094	0.388328	0.42440813	0.23033792	0.40397746	0.40438722	0.62040866	0.58388087	0.44958659	0.20419287	0.25807495	0.94811952	0.20238342	0.31005913	0.24028304	0.39076966	0.32638864	0.25225419	0.63962146	0.58573728	0.19631278	0.28581175	0.38244182	0.33808086	0.45550168	0.45557943	0.40539957	0.35484769	0.7690533	0.65213751	0.89477449	0.41225148	0.65543317	0.35499881	0.58270856	0.3594884	0.57688533	0.26772465	0.25137743	0.5713919	-0.067043977	0.51933266	0.23183714	0.45963211	0.55843057	0.30077169	0.65308916	0.66331898	0.07046712	-0.012842118	0.25139346	0.85942543	0.4889004	0.45481157	0.16471814	0.3520521	0.15499792	0.42076042	0.11432153	0.22652674	0.86387903	0.61599392	0.18301866	0.48136695	0.23610706	0.72407644	0.89291214	0.81083052	0.61667243	0.53957187	0.79538925	0.2728759	-0.10919374	0.55620997	0.31378597	0.34597073	0.35956675	0.55250542	0.24167542	0.15846007	0.62886863	0.72435803	0.43026249	0.20087134	0.47089555	0.39060338	0.2852454	0.32974038	0.34921669	0.57232784	0.46762273	-0.12635608	0.37699368	0.44918361	0.30271539	0.4025358	0.17793399	0.0022798979	0.64881715	0.42855044	0.14329661	0.37162058	0.47308118
0.38927537	0.17729112	0	0.69575795	0.37740839	0.37280838	0.54410268	0.74023888	0.41202083	0.6224706	0.69256947	0.55648628	0.40686573	0.40269513	0.40824804	0.58463938	0.60896939	0.3513221	0.29240019	0.50417909	0.3946923	0.62765207	0.4466457	0.29826108	0.4199718	0.6712091	0.56295133	0.7465464	0.79169479	0.67620291	0.30082361	0.39545862	0.55772381	0.54937502	0.28597768	0.68026704	0.29962247	0.48452392	0.52558943	0.11812207	0.79928443	-0.023861001	0.27283016	0.65252831	0.77508447	0.81312964	0.35334481	0.64217292	0.46384207	0.45204609	0.33917503	0.29346175	0.53361817	0.58846733	0.12289743	0.33480844	0.087822855	0.29136304	0.43955389	0.23455229	0.42094687	0.15530043	-0.4464625	0.11406875	0.79028775	0.48995794	0.68193877	0.31266215	0.65932318	0.26679242	0.44771953	0.30552777	0.48073467	0.59110682	0.18600996	0.26341365	0.94311635	0.64084375	0.018376037	0.30936195	0.5454416	0.81835701	0.36725075	0.47703369	0.57737452	0.59447455	0.2699975	0.47796888	0.29547905	0.64480126	0.48079388	0.42102968	0.32104893	0.46869711	0.41362691	0.65477837	0.46968828	0.15729832	0.37934323	0.63864703	0.59857019	0.7227321	0.8090478	0.71118522	0.13716982	0.49367678	0.56811622	0.51748177	0.35911404	0.71420584	0.35185462	0.38176185	0.1287467	-0.078793697	0.83989965	0.066382955	0.19963099	0.64621719	0.81630398	0.79150136	0.40777994	0.54491621	0.497087	-0.27813739	0.3950985	0.30406911	0.30795356	0.45426886	0.33918236	0.30984694	0.048853443	0.31930305	0.38820794	0.49903578	0.42148047	0.067596134	-0.37650711	0.10429424	0.71908673	0.46923873	0.69924001	0.4623213	0.66631066	-0.22887491	0.38636148	0.38222164	0.60043622	0.5185489	0.30972301	0.72647118	0.028394394	0.3843157	0.32450397	0.44224366	0.36210754	-0.16838963	0.55522216	0.25911073	0.58231406	0.13779223	0.11957812	0.082448058	0.48382589	0.28742037	-0.27481619	0.6064675	0.45898084
0.4820939	0.31068146	0.69575795	0	0.51284776	0.66273355	0.72927333	0.86450764	0.62098741	0.70502591	0.46776919	0.74509076	0.57579819	0.6182872	0.54290122	0.7727614	0.90476805	0.68770922	0.37382472	0.37525903	0.48170378	0.55191955	0.66853023	0.51425392	0.58130412	0.67454102	0.56370707	0.84757379	0.90410453	0.75675895	0.42518635	0.73641472	0.75785119	0.77538487	0.60529475	0.85510971	0.49055772	0.68418662	0.66576955	0.33597945	0.79885146	0.099034942	0.56486467	0.51640484	0.85125672	0.80373292	0.56604981	0.83751333	0.71458797	0.5278027	0.46217448	0.56200835	0.67325184	0.75401481	0.28611282	0.45481748	0.24108514	0.36264547	0.44768462	0.32876274	0.44215315	0.36799552	-0.4841887	0.3310033	0.72451362	0.66066267	0.7548595	0.43280519	0.81670714	0.56361816	0.69405757	0.52408671	0.66332354	0.78998272	0.29080109	0.37668802	0.67896825	0.97421558	0.1630223	0.65529438	0.71093062	0.82441417	0.54641663	0.53343104	0.32652057	0.78521869	0.48550356	0.6840194	0.45412261	0.80302457	0.76396555	0.70183455	0.37043453	0.41147389	0.46996781	0.51237008	0.62878342	0.39963277	0.54999471	0.6647428	0.56613368	0.76932176	0.85441143	0.72157025	0.094281648	0.80061535	0.79946536	0.77617625	0.6790751	0.86934759	0.52740731	0.66053142	0.26136208	0.11548838	0.82101695	0.23529922	0.53294879	0.5477385	0.7890246	0.76626009	0.59168184	0.73132275	0.70523346	-0.14891253	0.51012985	0.57049894	0.41794855	0.55742749	0.39495788	0.41255495	0.1588944	0.39720334	0.40591135	0.47200876	0.47004925	0.24201336	-0.12476737	0.28542443	0.6120804	0.61291934	0.72648185	0.64763662	0.57688565	-0.040774438	0.57250899	0.60834144	0.75581122	0.74430834	0.34060647	0.74597758	0.24941311	0.60480384	0.37810661	0.71973566	0.53757067	-0.24853426	0.663922	0.31154098	0.61798803	0.42318542	0.31803867	0.075267574	0.61855781	0.48099764	-0.013012592	0.63379048	0.54472859
0.75335808	0.18649503	0.37740839	0.51284776	0	0.69272339	0.54770687	0.52389291	0.73462201	0.65054714	0.37160926	0.54656628	0.35589301	0.40890522	0.59663308	0.71547024	0.41152205	0.49762357	0.097405016	0.12579586	0.26206368	0.51403021	0.5281736	0.56328335	0.56962596	0.322965	0.19051622	0.5021578	0.55385511	0.54412692	0.19510136	0.52742776	0.59034779	0.39980485	0.19853356	0.52196769	0.41308714	0.43734118	0.44013825	0.50907683	0.53140751	0.1963106	0.30602433	0.53981878	0.52345668	0.45067357	0.50305871	0.4836547	0.47454383	0.25333581	0.31415838	0.4362977	0.55512012	0.51170798	0.50595402	0.32582982	0.11246537	0.1515377	0.24648933	0.11602133	0.32378779	0.45938362	-0.34964373	0.44164126	0.57753717	0.72327215	0.39422994	0.21152024	0.527443	0.39361051	0.47601715	0.47847186	0.30481032	0.60466755	0.56712748	0.20232866	0.33521171	0.44372522	0.4267475	0.66957865	0.53577205	0.49336637	0.69974177	0.41798711	0.37323335	0.42521385	0.32085157	0.37086247	0.49489995	0.55824694	0.35128172	0.4105456	0.066402995	0.27287895	0.30051211	0.50228089	0.54648803	0.42037652	0.52791379	0.3186112	0.31011329	0.45300974	0.49314486	0.39854266	0.013847141	0.45158772	0.66394418	0.42953586	0.38729383	0.49615154	0.32674776	0.3516594	0.058879348	0.30157457	0.49117944	0.26268483	0.10020487	0.56954107	0.48078578	0.33314383	0.50440665	0.46835826	0.36535145	-0.1019105	0.37163579	0.32907646	0.40378173	0.25008537	0.20652292	0.24450748	0.039783231	0.13061583	0.2156845	0.12139344	0.32619859	0.37575055	0.20743677	0.38215388	0.49521736	0.64303103	0.44026109	0.38695607	0.3003118	-0.16332989	0.57941984	0.29565192	0.31456709	0.636841	0.21220335	0.55013039	0.47485697	0.53998593	0.21875621	0.47321389	0.16069446	-0.069753672	0.3892941	0.20239555	0.53183369	0.47625125	0.38375412	-0.029493128	0.39268591	0.10558565	0.16459184	0.3747638	0.54727989
0.6618084	0.38999911	0.37280838	0.66273355	0.69272339	0	0.79617034	0.73024074	0.82725704	0.72427314	0.31481592	0.71504912	0.58607064	0.58955778	0.7434269	0.80326891	0.66446251	0.7784178	0.33734199	0.22070292	0.47152736	0.45087412	0.6970427	0.68349607	0.72780682	0.52943951	0.39701702	0.52324295	0.59361257	0.75503894	0.29082405	0.79426871	0.64460611	0.63055331	0.49671615	0.70901963	0.57297766	0.67938252	0.63912844	0.58360504	0.63751125	0.35909341	0.56832164	0.45305623	0.48219611	0.67892403	0.74312521	0.71215199	0.72810352	0.46981823	0.40464288	0.6169404	0.79306774	0.81270152	0.60240895	0.48491578	0.37003597	0.3680576	0.34110683	0.36674656	0.36884762	0.55763603	-0.39975372	0.4490413	0.66713258	0.83498944	0.52932424	0.38997534	0.69398392	0.57869083	0.70119365	0.64107044	0.51319335	0.70212852	0.50270662	0.4055129	0.32525858	0.62197103	0.51191665	0.94845601	0.76646265	0.61351092	0.77141191	0.55152487	0.23945057	0.67792153	0.63081962	0.69551407	0.65917372	0.78410219	0.62389309	0.68932906	0.34455216	0.32028293	0.46044914	0.43882766	0.70167005	0.59994986	0.7046532	0.51865628	0.44083889	0.44489172	0.52021425	0.6558822	0.0037679199	0.69970506	0.74373435	0.66296118	0.65136849	0.67337713	0.55026883	0.69272114	0.43167305	0.40073662	0.58889951	0.43930073	0.49832201	0.54673096	0.43140995	0.5787453	0.73207068	0.71669541	0.58341309	-0.085244247	0.48997548	0.56844872	0.68085956	0.61071708	0.48245609	0.43083263	0.29469001	0.39900004	0.27524957	0.33160434	0.49409157	0.4395671	0.13474815	0.38836306	0.57014569	0.79157641	0.48446038	0.60878531	0.33187704	0.017908078	0.77168151	0.60933029	0.59785116	0.75223338	0.45810106	0.68744056	0.64086868	0.78475523	0.33510386	0.66647482	0.38845269	-0.086816187	0.57824109	0.43586136	0.64121579	0.67738624	0.57328525	0.095773768	0.53427705	0.26257958	0.26885534	0.56551431	0.66908592
0.67278817	0.30811468	0.54410268	0.72927333	0.54770687	0.79617034	0	0.89449361	0.64414508	0.64835406	0.31648107	0.85911845	0.57553903	0.60667424	0.83946939	0.81735153	0.79449455	0.82703821	0.25682976	0.32477344	0.42619353	0.41558455	0.65239748	0.59644559	0.61365113	0.78194094	0.61246273	0.59389839	0.7195473	0.67044458	0.12664415	0.68121391	0.56725992	0.58184735	0.40563362	0.75621031	0.57651137	0.59254251	0.65662591	0.56729597	0.6850225	0.20627144	0.47165781	0.40815513	0.56906929	0.79290295	0.6401776	0.7814155	0.88413534	0.46908078	0.37281197	0.71874843	0.74734522	0.78862705	0.54861281	0.55271825	0.27198693	0.42688868	0.36729683	0.39665038	0.32078048	0.53328358	-0.49720608	0.44684593	0.65437618	0.76137368	0.67295902	0.65851157	0.74501989	0.33315235	0.48660362	0.56666999	0.43344552	0.61867231	0.48253162	0.33709935	0.49571022	0.67843923	0.41327014	0.76552021	0.96489946	0.80689271	0.62501962	0.49788554	0.21127905	0.83791949	0.54800917	0.7395524	0.7335435	0.79897977	0.77207267	0.84562829	0.29043104	0.38100186	0.46231179	0.43906829	0.66827071	0.5491347	0.65265587	0.75747195	0.60009032	0.50353932	0.6402467	0.6867736	-0.087733546	0.62210244	0.66625147	0.58502753	0.57279098	0.73477973	0.57033251	0.5706066	0.33438385	0.37617516	0.69970732	0.30493567	0.33558575	0.48660957	0.53776841	0.74274415	0.73876272	0.81254566	0.82840371	-0.14114069	0.45530173	0.62098536	0.71615702	0.63959423	0.67743717	0.54927673	0.19134705	0.44643716	0.30343941	0.42333252	0.47773979	0.49808994	-0.02136675	0.43971019	0.54441578	0.77184677	0.58113956	0.70945841	0.59169653	-0.17589237	0.57742015	0.57639337	0.53170222	0.64953585	0.44455378	0.7622804	0.48108303	0.74786527	0.37746391	0.61090434	0.32803693	-0.13752111	0.57136269	0.44856722	0.69464337	0.52865757	0.57366506	0.12913039	0.5046263	0.19598971	0.014832156	0.58078084	0.6571446
0.59081886	0.39490798	0.74023888	0.86450764	0.52389291	0.73024074	0.89449361	0	0.68668156	0.75846745	0.51857787	0.85908663	0.64904487	0.70306464	0.75306238	0.86236359	0.86552525	0.72911494	0.42474413	0.49297263	0.56354296	0.59534851	0.71474918	0.60929321	0.6897944	0.84725397	0.70023866	0.79322209	0.88974125	0.81828765	0.31843253	0.71030167	0.69431971	0.7773196	0.55628427	0.9034611	0.62887151	0.74970753	0.73040954	0.43809415	0.83467439	0.1980772	0.59906132	0.55273269	0.75350451	0.89776964	0.60221728	0.89546772	0.8006701	0.6277166	0.49154016	0.69025081	0.79392992	0.84821083	0.42679125	0.59910942	0.32433322	0.49366372	0.52575536	0.46698541	0.44829	0.48589931	-0.60219703	0.38577441	0.79292358	0.72758177	0.81720298	0.60673984	0.89710989	0.48549159	0.67170701	0.61804132	0.6706053	0.75271491	0.40831749	0.45362385	0.7317117	0.81321169	0.28047184	0.68600118	0.88792955	0.91546234	0.6429474	0.59376217	0.36930065	0.85801869	0.58675289	0.79415938	0.64949086	0.89472998	0.7786541	0.77209166	0.4458753	0.51543588	0.57597195	0.60130222	0.69287586	0.48057779	0.68585434	0.80793934	0.71561334	0.71239196	0.83634469	0.83576864	0.044637541	0.73500931	0.74768896	0.75403394	0.64402443	0.87146791	0.6367887	0.70127148	0.3372562	0.17680979	0.85681991	0.32321521	0.48231402	0.62693553	0.74159804	0.88114728	0.67532838	0.83232009	0.76096257	-0.13599767	0.57971566	0.6616613	0.61442816	0.67254821	0.62350017	0.58476026	0.25102121	0.53006999	0.4561715	0.58224925	0.56461048	0.36806496	-0.17785818	0.35022029	0.6908716	0.7212865	0.73521425	0.75082418	0.70149985	-0.12291131	0.64265439	0.69345735	0.76406056	0.71734277	0.49010663	0.83889689	0.35955347	0.69423145	0.37680775	0.69502107	0.46304681	-0.21340423	0.70447175	0.47730935	0.70634774	0.47789133	0.42478099	0.13180067	0.59975651	0.33354425	-0.10051015	0.69666973	0.67507076
0.59359076	0.56451191	0.41202083	0.62098741	0.73462201	0.82725704	0.64414508	0.68668156	0	0.84128197	0.35822361	0.64500744	0.53201057	0.62437474	0.75283065	0.81520368	0.65228014	0.59688622	0.46770573	0.29840034	0.64261502	0.53578405	0.78098068	0.77201573	0.86383851	0.55256232	0.42238085	0.53294802	0.57258731	0.82646421	0.30323662	0.79434031	0.62917446	0.71202489	0.56661942	0.74513398	0.7509267	0.8037306	0.49892947	0.56497921	0.59104917	0.51595125	0.69097253	0.48490528	0.43355029	0.61902007	0.45823862	0.74466751	0.56242539	0.59023787	0.4870924	0.68263378	0.70333963	0.71793954	0.63923947	0.58756839	0.49543909	0.45135782	0.50921529	0.53863172	0.42575101	0.62100589	-0.5561653	0.62359158	0.63283391	0.77264377	0.57978434	0.40255801	0.67822581	0.6761421	0.81674136	0.80141424	0.62917424	0.66923449	0.52950086	0.59083565	0.38439728	0.5728031	0.43862891	0.79345268	0.62047355	0.5599107	0.94754471	0.69566267	0.26946774	0.62979979	0.64515931	0.63946835	0.71130104	0.80471594	0.64530497	0.58933527	0.48720126	0.40090731	0.61347407	0.53356109	0.75857969	0.6308867	0.82245068	0.54857567	0.52510296	0.47111269	0.51592081	0.6752912	-0.0062379502	0.69720212	0.73416729	0.72957266	0.68142884	0.68354654	0.66235262	0.78802694	0.20101816	0.34578504	0.60037536	0.59510375	0.543318	0.63237908	0.42389681	0.51150255	0.49189567	0.73063824	0.38846021	-0.10493468	0.62462956	0.58121515	0.5480907	0.47709925	0.45270804	0.52871269	0.46198977	0.44405088	0.44001164	0.44568692	0.56770508	0.52754879	0.049327064	0.56865865	0.55242153	0.68483964	0.53375853	0.59692574	0.3512864	0.10855155	0.87292613	0.74217677	0.64540656	0.72763556	0.59661708	0.75970325	0.68691066	0.74948407	0.40559546	0.7133151	0.47107334	-0.06235402	0.58797462	0.58973115	0.67324399	0.70222392	0.52424021	-0.027544737	0.65825646	0.34722493	0.21204374	0.60597826	0.81707088
0.5277026	0.57812469	0.6224706	0.70502591	0.65054714	0.72427314	0.64835406	0.75846745	0.84128197	0	0.60269135	0.59458098	0.50185945	0.56891457	0.63257685	0.76742339	0.66933064	0.48990692	0.51499645	0.52545181	0.70353131	0.73048802	0.81892358	0.66864648	0.74405626	0.53378962	0.51555964	0.67768404	0.71095221	0.8520261	0.32417995	0.73137929	0.66462774	0.70677918	0.59796508	0.78667133	0.66439991	0.72915832	0.53483243	0.38397559	0.7276192	0.43672045	0.59611455	0.6977884	0.65189717	0.75204259	0.44435786	0.768853	0.53123732	0.4971296	0.61674098	0.61374982	0.63809573	0.71244806	0.39365248	0.62062957	0.51221019	0.53692606	0.57947598	0.47005578	0.66675843	0.49984077	-0.58943133	0.57258132	0.80669532	0.78037004	0.61239877	0.2589068	0.73056924	0.61146223	0.74238983	0.62987194	0.6307289	0.72548221	0.35966375	0.61241955	0.59420129	0.65673844	0.28287113	0.68318853	0.61246241	0.67684042	0.79677609	0.81154677	0.5471005	0.59587447	0.49492056	0.56187516	0.54790749	0.72868471	0.58278703	0.50930513	0.53545176	0.63137006	0.70159512	0.74203438	0.76242662	0.38423439	0.68949269	0.53291812	0.63323987	0.64262955	0.66901047	0.76067601	-0.0040039831	0.70458323	0.76957261	0.73947822	0.65175421	0.70931871	0.59478966	0.70832401	0.16374738	0.11425283	0.74156336	0.54496479	0.43597996	0.80128883	0.64057191	0.68101363	0.47878708	0.72462358	0.41523404	-0.12717205	0.71918483	0.55862023	0.38952823	0.47662235	0.30875433	0.54552141	0.4692748	0.53656613	0.52254652	0.46317872	0.73230222	0.29586749	-0.033489034	0.47329328	0.74132453	0.63514991	0.60296057	0.58667112	0.43878674	-0.055258216	0.74055839	0.65476111	0.67818385	0.7584315	0.47346405	0.78678625	0.51837751	0.65096926	0.40365607	0.7439273	0.46077025	-0.08661707	0.72904536	0.45783108	0.75354555	0.5483573	0.42021372	0.14535659	0.75729103	0.37956948	0.19290362	0.69565711	0.75676557
0.27661103	0.22466876	0.69256947	0.46776919	0.37160926	0.31481592	0.31648107	0.51857787	0.35822361	0.60269135	0	0.35490081	0.31523277	0.29234273	0.22716866	0.45300975	0.36463427	0.19465042	0.3740236	0.7004565	0.43769902	0.84710186	0.40179253	0.25390092	0.34640948	0.38613609	0.3093314	0.57215527	0.5937935	0.60139904	0.32425292	0.29890889	0.52034188	0.43072164	0.15819604	0.56287248	0.2506982	0.40230412	0.45217134	0.075513189	0.70640445	0.084917768	0.23845491	0.89426705	0.66663431	0.59641226	0.30335809	0.45040988	0.22625344	0.39505612	0.33886603	0.20319211	0.41670851	0.3558787	0.059997298	0.25531579	0.12781391	0.2519165	0.51516847	0.19770713	0.59601236	0.13178689	-0.40223797	0.13145675	0.78588112	0.40380771	0.42350514	0.073876621	0.51718975	0.29958224	0.39411562	0.26428296	0.42240649	0.56139111	0.11893633	0.30744115	0.69278217	0.39932602	-0.046324854	0.26425436	0.32623078	0.59079528	0.34714709	0.47726943	0.93138798	0.34102984	0.22883138	0.38218811	0.13044919	0.45911705	0.22521984	0.19317791	0.37700555	0.62588646	0.46358587	0.8770619	0.43389096	0.15275432	0.31165315	0.35392076	0.4446525	0.56134524	0.62068165	0.59558195	0.1124476	0.33466886	0.44091944	0.40446624	0.25443072	0.52866513	0.28154537	0.29557304	0.1676794	-0.095463713	0.66283195	0.17181249	0.17989965	0.84221993	0.70058436	0.61239389	0.31046226	0.36210496	0.22041918	-0.29217281	0.45218323	0.23662552	0.14607459	0.19299698	0.17118448	0.18544437	0.16049501	0.26371766	0.50770011	0.46716023	0.46405975	0.018610439	-0.18607719	0.093313651	0.81094138	0.39481709	0.46700347	0.30783586	0.37788952	-0.16112169	0.33273278	0.33234742	0.5411069	0.48047828	0.21600775	0.53548356	0.10455764	0.32537864	0.22436782	0.40819626	0.27399295	-0.15377425	0.43892047	0.19694531	0.45815487	0.12831695	0.067236212	0.062941561	0.4287007	0.26166427	-0.13293304	0.45772594	0.41825897
0.57900429	0.20211052	0.55648628	0.74509076	0.54656628	0.71504912	0.85911845	0.85908663	0.64500744	0.59458098	0.35490081	0	0.80736463	0.83461263	0.75570904	0.89960877	0.75449666	0.8074048	0.1967141	0.20082557	0.34093722	0.44421487	0.60925632	0.7067165	0.57608472	0.71709241	0.47044231	0.60288691	0.78987915	0.62079347	0.37569154	0.68499541	0.68217014	0.73290996	0.47862035	0.82410918	0.52847537	0.67129005	0.8434761	0.73959234	0.71229442	0.12208771	0.61892965	0.46179098	0.63055335	0.6978659	0.70175851	0.73897914	0.88572628	0.58757834	0.29422308	0.74497323	0.76903646	0.7384886	0.46863207	0.42478586	0.11955313	0.26639142	0.3127698	0.33357082	0.23694345	0.65655205	-0.43971249	0.43218989	0.64274249	0.63670159	0.65256075	0.76854795	0.85478778	0.52317125	0.54535675	0.61388747	0.61278177	0.70448767	0.43408094	0.27599772	0.55679937	0.68124377	0.20993343	0.67754546	0.84311243	0.81779435	0.56229051	0.43038555	0.21477872	0.89191653	0.65789511	0.83978866	0.61879428	0.84074362	0.70515548	0.82081564	0.21078489	0.25161008	0.36498931	0.44088292	0.59194383	0.6675547	0.55992712	0.6650218	0.50658381	0.51309523	0.70095038	0.59316471	0.061436001	0.66390849	0.69394257	0.66337694	0.62655217	0.79743802	0.51998023	0.58311512	0.43450422	0.43664604	0.70081341	0.22980667	0.49632309	0.50527642	0.61346282	0.69331737	0.76499958	0.71198752	0.8160866	-0.20264217	0.3776175	0.64524749	0.62839811	0.51470799	0.56307029	0.41820421	0.070662341	0.29742742	0.24739279	0.3742054	0.34113143	0.47522248	-0.049675891	0.39945133	0.51438742	0.72233738	0.58306907	0.74276192	0.61265582	0.0035247314	0.48933631	0.56481329	0.62584418	0.705059	0.34455758	0.72206949	0.40389557	0.73275669	0.3453718	0.6598077	0.4622895	-0.20645047	0.48990486	0.35435455	0.55581562	0.48157024	0.4748865	0.03188489	0.50401553	0.29876369	-0.15423626	0.52923792	0.58610277
0.28216469	0.17960746	0.40686573	0.57579819	0.35589301	0.58607064	0.57553903	0.64904487	0.53201057	0.50185945	0.31523277	0.80736463	0	0.93628597	0.52351691	0.79912295	0.5536191	0.56067312	0.19632529	0.16267999	0.23971106	0.37013554	0.45629289	0.75009892	0.51206403	0.46398909	0.36298966	0.50769303	0.61453852	0.527475	0.63721611	0.59954714	0.57835862	0.73790204	0.53330891	0.68589306	0.41852464	0.70021412	0.85611607	0.68927176	0.51922288	0.1667799	0.70860161	0.40588477	0.46323741	0.49385913	0.56741763	0.51538349	0.6326097	0.51611565	0.20872094	0.58072343	0.74799586	0.61914058	0.27139859	0.30515845	0.12185421	0.21289555	0.23784789	0.28489654	0.19293702	0.70538602	-0.33844274	0.35637997	0.52008258	0.44508475	0.5182424	0.53836565	0.77795649	0.6962873	0.61902673	0.58141726	0.75223526	0.63754765	0.21587662	0.26874483	0.4291901	0.52896007	0.00128653	0.51807589	0.58381062	0.62313887	0.38604596	0.33929382	0.19508968	0.62083172	0.70024052	0.73639439	0.36045182	0.73109629	0.48707084	0.56343788	0.21615092	0.19153789	0.24964639	0.35496594	0.41531968	0.55465783	0.35066054	0.40342308	0.36236294	0.42148894	0.53333589	0.45679522	0.24134869	0.62100722	0.53017912	0.61167702	0.54805213	0.67102814	0.44392619	0.57119199	0.44455141	0.23115294	0.49880912	0.24707263	0.63867659	0.43393528	0.45253273	0.48997793	0.5212721	0.45914327	0.5290761	-0.087306918	0.27986428	0.47356034	0.4307876	0.37116238	0.24617691	0.26583127	0.12236696	0.22202751	0.20319009	0.24369176	0.22662629	0.25703252	-0.12630789	0.20396614	0.40942885	0.51905182	0.4565797	0.59487731	0.48391995	0.22773682	0.39015277	0.49791229	0.64568623	0.60118999	0.21812417	0.50184461	0.29848704	0.55086419	0.18929839	0.58024835	0.51664972	-0.27059039	0.33326237	0.26399675	0.34370774	0.37337783	0.31515754	-0.029305126	0.41446527	0.33542867	-0.10609756	0.36127567	0.39869313
0.33358526	0.29913277	0.40269513	0.6182872	0.40890522	0.58955778	0.60667424	0.70306464	0.62437474	0.56891457	0.29234273	0.83461263	0.93628597	0	0.59665475	0.85896327	0.63458369	0.58069794	0.31399865	0.21659014	0.36200399	0.41961839	0.5785488	0.81183156	0.60745982	0.51297133	0.41845624	0.56072576	0.67555566	0.5710419	0.59933102	0.67434256	0.62688047	0.82934977	0.63187053	0.77969543	0.57259697	0.78525312	0.80631902	0.69706962	0.52829746	0.22155669	0.80389556	0.38475499	0.50038182	0.5104472	0.49710146	0.60910838	0.62618836	0.62328235	0.33775367	0.71790889	0.72948481	0.64886475	0.33273398	0.42863277	0.2359287	0.32171737	0.36251366	0.40430931	0.26485373	0.7357763	-0.45871289	0.50107363	0.51107404	0.47866521	0.59064387	0.60384735	0.83934278	0.73169775	0.68117428	0.68774098	0.8260139	0.66331198	0.30843205	0.3835456	0.44927594	0.56358046	0.035935113	0.53442263	0.6001755	0.64649072	0.48468355	0.39125857	0.17835258	0.65801152	0.71058605	0.77304885	0.47868292	0.79147896	0.5612491	0.60125161	0.31758234	0.27610186	0.36614785	0.3982677	0.48180749	0.62442433	0.46840266	0.46641451	0.4468191	0.46764459	0.58636456	0.49320943	0.1769383	0.70357958	0.58841337	0.72232394	0.63643178	0.7176167	0.57301127	0.65919523	0.35882616	0.25998499	0.53366471	0.31614168	0.67868567	0.44717261	0.49299067	0.51641352	0.50820751	0.52922125	0.5127119	-0.088877345	0.40380576	0.60105247	0.41582617	0.40728233	0.29178008	0.39591094	0.22370736	0.32921718	0.32573385	0.34486117	0.31755618	0.37930739	-0.070871528	0.35638111	0.39407985	0.50823189	0.50952367	0.66422003	0.52152908	0.22870864	0.44410728	0.60554586	0.70647121	0.64667241	0.30034583	0.54949121	0.35355891	0.59488147	0.27929088	0.69110022	0.57316478	-0.28567355	0.42512439	0.35903891	0.35867485	0.44172591	0.34742437	-0.041482823	0.51283365	0.42866881	-0.14847423	0.4518675	0.48333762
0.76112152	0.33958246	0.40824804	0.54290122	0.59663308	0.7434269	0.83946939	0.75306238	0.75283065	0.63257685	0.22716866	0.75570904	0.52351691	0.59665475	0	0.80286106	0.63993126	0.72902213	0.31135065	0.30055449	0.43506643	0.3462639	0.63132594	0.77536035	0.77310454	0.7487464	0.58561823	0.4439286	0.5395869	0.65677677	0.017156142	0.65678541	0.43748891	0.54120436	0.39828032	0.65657214	0.72801953	0.65072661	0.5184602	0.68812877	0.51992552	0.34856679	0.52909399	0.32265708	0.36962192	0.67912573	0.50643171	0.72021517	0.7609431	0.55029254	0.23895841	0.81084128	0.76300577	0.76122303	0.75744081	0.5961578	0.3325798	0.43854134	0.42770874	0.54034678	0.21028026	0.72172936	-0.54769665	0.65318593	0.53191381	0.68656686	0.60069394	0.7010779	0.66866608	0.34999831	0.49508411	0.72539497	0.4158603	0.49989025	0.63660648	0.38126722	0.36859213	0.49412356	0.54193211	0.6873143	0.84123073	0.62710824	0.73549823	0.48868274	0.16176606	0.73427549	0.67263883	0.69548291	0.90665832	0.78745771	0.68254633	0.73375542	0.37205075	0.37707902	0.45970319	0.41476599	0.64765572	0.64977697	0.78467214	0.7143201	0.61324732	0.37077323	0.48665328	0.63239402	-0.20319617	0.53168196	0.56406275	0.53535379	0.51251642	0.62053452	0.66407108	0.6119307	0.30937757	0.49186797	0.52688663	0.42383256	0.30492474	0.45216335	0.36852927	0.57503013	0.63737574	0.773534	0.61144814	-0.041897796	0.40622697	0.61794856	0.82626946	0.59811438	0.73827331	0.60736459	0.32234712	0.44622068	0.35728587	0.45441479	0.449407	0.66806721	0.011598841	0.56397042	0.43210133	0.65418351	0.48157106	0.68302517	0.52125656	-0.086855732	0.66161387	0.63645219	0.46619644	0.56775562	0.66132737	0.75534148	0.60597321	0.71816376	0.35134096	0.54574555	0.3258587	0.021866443	0.46463732	0.68032529	0.68712364	0.62504813	0.5996014	0.088722922	0.43831672	0.12400202	0.067734943	0.5345444	0.75557392
0.62955819	0.32392622	0.58463938	0.7727614	0.71547024	0.80326891	0.81735153	0.86236359	0.81520368	0.76742339	0.45300975	0.89960877	0.79912295	0.85896327	0.80286106	0	0.76036389	0.71254779	0.32825173	0.32009836	0.46158964	0.56049631	0.69500334	0.83845052	0.76135003	0.66656801	0.51765092	0.69231946	0.81674786	0.76019439	0.43780141	0.7655493	0.74160767	0.80780754	0.5571061	0.87186156	0.66180959	0.81148724	0.78594873	0.69262953	0.71951968	0.2412579	0.72288914	0.55064589	0.66496351	0.72601345	0.61535646	0.76756931	0.73767972	0.6237622	0.38792785	0.74871292	0.85089497	0.78868052	0.53163485	0.50397399	0.24579636	0.35787522	0.45784771	0.41732228	0.35321889	0.7131582	-0.57929263	0.57246654	0.71480886	0.72143377	0.70634303	0.5765398	0.89072311	0.67678901	0.72505038	0.75526882	0.7298623	0.78527492	0.50480111	0.40361798	0.56964305	0.70458592	0.25715455	0.74182663	0.79815105	0.79500582	0.72096846	0.54187959	0.34229952	0.77107993	0.66728931	0.78113254	0.66831931	0.91470743	0.68692373	0.7025823	0.35446776	0.39278681	0.47406334	0.57531989	0.67571191	0.66740414	0.67937759	0.62948675	0.57627619	0.59494186	0.73308275	0.67103464	0.10420946	0.74180063	0.76038838	0.75501861	0.65058031	0.82008159	0.63739075	0.69334917	0.28710827	0.32963376	0.70722207	0.34781186	0.54398767	0.62239095	0.64350846	0.6661113	0.65194174	0.7161544	0.62701043	-0.20642021	0.49078081	0.5978999	0.59053851	0.51404887	0.46161623	0.46263506	0.21551763	0.36747323	0.41020237	0.44402409	0.44680151	0.48241559	-0.023331825	0.45770475	0.58920172	0.69072621	0.64439918	0.70106849	0.59653902	0.030919935	0.6400511	0.66004257	0.71772535	0.77810891	0.44042925	0.7658554	0.51316223	0.74502147	0.36521154	0.7275903	0.47907459	-0.21378035	0.56969245	0.47353881	0.61264824	0.56738005	0.46404477	-0.0063279122	0.5787257	0.33714106	-0.037715578	0.57662992	0.68398557
0.47630652	0.40613736	0.60896939	0.90476805	0.41152205	0.66446251	0.79449455	0.86552525	0.65228014	0.66933064	0.36463427	0.75449666	0.5536191	0.63458369	0.63993126	0.76036389	0	0.73798522	0.44296761	0.42146896	0.55163249	0.45803811	0.69368984	0.5459204	0.65125788	0.81068494	0.65360966	0.75156994	0.79508729	0.74996507	0.32500504	0.76114484	0.66369072	0.79355419	0.63372803	0.85120997	0.64878625	0.75025608	0.59212286	0.35173226	0.71632619	0.16952135	0.6641855	0.38116706	0.66128959	0.78066834	0.47769356	0.88592889	0.73791309	0.64755612	0.45542307	0.66630289	0.68252201	0.74018965	0.3999188	0.5672479	0.33910274	0.46972604	0.55401458	0.52139855	0.39810233	0.42967434	-0.56164516	0.43352311	0.63856349	0.65895581	0.81473671	0.54309125	0.77425388	0.50294796	0.67137749	0.64732745	0.67967738	0.68833359	0.31222024	0.47182171	0.6126376	0.87227496	0.19639035	0.66324148	0.76174976	0.80695862	0.59216087	0.52381386	0.21626956	0.80818452	0.55229514	0.71489484	0.5860244	0.83008326	0.90041889	0.78514398	0.46302472	0.43610574	0.54337582	0.4602817	0.67907527	0.50903951	0.64053309	0.80667038	0.64634709	0.6632139	0.74751699	0.73111856	0.0013331193	0.77630003	0.70885592	0.77868841	0.70877511	0.86427485	0.67606877	0.73129446	0.20878229	0.18520756	0.77873585	0.29595588	0.6031052	0.47183463	0.62494454	0.74837454	0.54835283	0.82271254	0.72657356	-0.10217196	0.54032789	0.61266823	0.47790285	0.57311427	0.54394361	0.54711784	0.27639234	0.47992191	0.49767642	0.60370606	0.49098315	0.3934645	-0.17509036	0.4231697	0.52256756	0.63003049	0.73251795	0.70599415	0.62641844	-0.02809471	0.5991949	0.72936281	0.75787086	0.65473629	0.47309091	0.76740986	0.32524546	0.66285866	0.41822637	0.73211518	0.56312718	-0.21895334	0.62117136	0.46954851	0.59706252	0.47700945	0.39432531	0.069827618	0.61583295	0.4665536	-0.01743253	0.64352714	0.6018434
0.64199521	0.21676595	0.3513221	0.68770922	0.49762357	0.7784178	0.82703821	0.72911494	0.59688622	0.48990692	0.19465042	0.8074048	0.56067312	0.58069794	0.72902213	0.71254779	0.73798522	0	0.1950006	0.14016045	0.32399586	0.31533401	0.64305508	0.58807288	0.56735635	0.64152944	0.43521593	0.50777824	0.60226655	0.54544386	0.19898301	0.6878348	0.53909346	0.52805453	0.42153835	0.64437516	0.51185059	0.52182732	0.61637904	0.67600145	0.5494838	0.15086897	0.46627184	0.31142753	0.46538745	0.63560566	0.73218398	0.68373162	0.89020514	0.43163601	0.26741455	0.71372736	0.66417277	0.7162376	0.59085602	0.43542225	0.18065445	0.28110338	0.25981247	0.33391358	0.21381579	0.55928833	-0.29029065	0.44768885	0.49850108	0.7115825	0.57222911	0.6859964	0.66241122	0.3454234	0.45326217	0.56071268	0.39278352	0.56288725	0.46998159	0.24644471	0.33807225	0.62946739	0.41943578	0.81527828	0.8121778	0.66144155	0.56567318	0.33644321	0.081001416	0.76976272	0.59971098	0.71905417	0.65961246	0.72259383	0.70799756	0.89649455	0.18431104	0.21035309	0.33140801	0.29922887	0.63500202	0.66746279	0.60322677	0.62288838	0.42852985	0.40516163	0.51882823	0.53449328	-0.094028898	0.60823739	0.61515056	0.5302352	0.61586929	0.67218127	0.49441837	0.54197062	0.44347679	0.54600415	0.55110604	0.2517603	0.40944436	0.36652323	0.40446016	0.56605219	0.80396867	0.7139381	0.79753935	-0.07472978	0.34252979	0.65830095	0.67472821	0.55575183	0.59275371	0.42418335	0.10397475	0.30790929	0.20995925	0.31406515	0.3369489	0.55506566	0.069073423	0.46689677	0.39240509	0.75844785	0.48418167	0.68886722	0.45818232	-0.046809894	0.53990439	0.54550156	0.46431745	0.5968944	0.37782145	0.6106449	0.45384774	0.71171646	0.32586446	0.64734556	0.43451863	-0.14022167	0.45706575	0.34612725	0.54956642	0.57877802	0.56321689	0.063882737	0.44319419	0.29734461	0.058843543	0.52837834	0.56334307
0.089920229	0.83680736	0.29240019	0.37382472	0.097405016	0.33734199	0.25682976	0.42474413	0.46770573	0.51499645	0.3740236	0.1967141	0.19632529	0.31399865	0.31135065	0.32825173	0.44296761	0.1950006	0	0.69218755	0.89650084	0.42430748	0.59425829	0.38967435	0.62766948	0.37487559	0.51853504	0.33802148	0.34715371	0.62536547	0.35876582	0.55261985	0.19948432	0.48257682	0.53635794	0.49334985	0.71238564	0.62194416	0.14381656	0.027871084	0.2629834	0.63030629	0.49380549	0.26082578	0.25626044	0.4589406	0.079515697	0.49141839	0.1649973	0.58694398	0.57964234	0.46426093	0.34226856	0.51051205	0.20034203	0.68431459	0.84345328	0.72886953	0.80370631	0.77985688	0.62968569	0.21677384	-0.50245747	0.39215017	0.40424832	0.26090882	0.42473655	0.23203617	0.46844002	0.43800929	0.62768688	0.5910107	0.54586283	0.24902818	0.15629668	0.87857436	0.30155194	0.3818822	0.12100016	0.30109982	0.28391929	0.30361841	0.51088081	0.51096564	0.31590027	0.31658492	0.42483755	0.43595974	0.37278945	0.4974393	0.43199912	0.28604459	0.93502508	0.67939973	0.85370804	0.45443369	0.61568043	0.31194033	0.57431773	0.40189428	0.58222794	0.28530664	0.31839193	0.64941422	0.031046015	0.5298578	0.21995303	0.54492456	0.54912183	0.3979631	0.70768478	0.71215503	0.16340888	-0.11376333	0.30664808	0.67960572	0.59269245	0.44407643	0.26630994	0.46627849	0.1396012	0.44035875	0.092516718	0.17270246	0.73646128	0.58308609	0.21768106	0.54192932	0.31262817	0.60829246	0.84684174	0.78507105	0.74919696	0.75456132	0.74432851	0.17062502	-0.19512987	0.38723591	0.40754026	0.25032479	0.35358524	0.5000356	0.25765491	0.18609203	0.57685111	0.76530567	0.62238013	0.21685105	0.54099107	0.39326496	0.1774438	0.29838494	0.23556145	0.52861615	0.54780842	-0.082505823	0.39727536	0.55104753	0.28842541	0.32212821	0.12821112	0.046133282	0.55600827	0.5378188	0.12943791	0.42222005	0.41080225
0.18443803	0.5619044	0.50417909	0.37525903	0.12579586	0.22070292	0.32477344	0.49297263	0.29840034	0.52545181	0.7004565	0.20082557	0.16267999	0.21659014	0.30055449	0.32009836	0.42146896	0.14016045	0.69218755	0	0.67211536	0.60588697	0.41800037	0.2067361	0.44627001	0.48043691	0.70310552	0.48490487	0.45136491	0.57930594	0.11290489	0.3077544	0.20363787	0.36518565	0.26997499	0.47780663	0.51796819	0.45400187	0.17873854	-0.10619039	0.41327389	0.28897935	0.30293107	0.46881943	0.39526843	0.54864095	0.083365327	0.47387525	0.16864697	0.45276085	0.46750235	0.292462	0.34748712	0.41656299	0.081425589	0.65390274	0.53422846	0.71960693	0.82441018	0.60915437	0.64876462	0.086545582	-0.53451129	0.2258013	0.55230193	0.29543853	0.55642671	0.14836912	0.4705325	0.15309724	0.39902658	0.43294797	0.39687811	0.29369418	0.099866102	0.64280619	0.49989393	0.36815371	0.039524371	0.16199162	0.33681758	0.46320909	0.32618876	0.40552358	0.65434356	0.24520362	0.21960503	0.293422	0.30721419	0.43413212	0.35447048	0.21548321	0.72662654	0.91145716	0.72737871	0.69743925	0.45749601	0.13152323	0.43947689	0.48764934	0.77246834	0.47204082	0.49056813	0.66270086	-0.12301632	0.36516514	0.20283225	0.41202563	0.3177217	0.41235738	0.6017626	0.44359346	-0.0011623511	-0.26045666	0.47552286	0.37244418	0.29371097	0.54860563	0.44339982	0.57836088	0.14567856	0.41477368	0.1398998	0.02996301	0.64045064	0.33106376	0.21981721	0.40476721	0.30292652	0.60814115	0.57616708	0.68416955	0.81940766	0.70237648	0.65846409	0.069077197	-0.30133996	0.19183941	0.55264819	0.25303337	0.51375559	0.42773736	0.51507206	-0.14710368	0.37640498	0.58278962	0.50999031	0.20865683	0.44837995	0.44393495	-0.0057547504	0.14646132	0.2479638	0.38437694	0.3319375	-0.10078744	0.37862345	0.46106315	0.3320365	0.083574308	-0.028779113	0.1251955	0.45006533	0.2899915	-0.11213852	0.37482751	0.35679109
0.22149747	0.90791648	0.3946923	0.48170378	0.26206368	0.47152736	0.42619353	0.56354296	0.64261502	0.70353131	0.43769902	0.34093722	0.23971106	0.36200399	0.43506643	0.46158964	0.55163249	0.32399586	0.89650084	0.67211536	0	0.56856037	0.73782577	0.4414856	0.69548212	0.47574689	0.56624656	0.46333454	0.48155203	0.74999924	0.2926028	0.62581566	0.28586429	0.53222306	0.54826621	0.59140473	0.78817615	0.66154951	0.21293653	0.1100251	0.39523879	0.65739974	0.53108129	0.39291595	0.36459219	0.5856658	0.17843841	0.59745881	0.3010746	0.57660531	0.71468298	0.56731958	0.40691924	0.60183386	0.28071702	0.78598584	0.8570525	0.77830867	0.80431152	0.80918027	0.7333731	0.24348686	-0.55212487	0.48309706	0.53854616	0.45095719	0.53246483	0.30078095	0.55584031	0.47621681	0.6894686	0.65119667	0.55091906	0.34392714	0.2487891	0.9291169	0.40826676	0.47223696	0.21161142	0.44757481	0.42340636	0.44935863	0.70078961	0.68590635	0.35789503	0.45861805	0.41652797	0.4854986	0.48897756	0.59675884	0.53733427	0.43473735	0.87305055	0.7169117	0.96264284	0.57949014	0.76202195	0.40064823	0.68805461	0.51604113	0.68594977	0.39460038	0.44316259	0.75339	-0.031446432	0.5805467	0.36049534	0.58932447	0.60638941	0.47867101	0.73587753	0.74421457	0.1181807	-0.03455482	0.47109753	0.73340159	0.55614994	0.58519042	0.37242085	0.58722133	0.25200552	0.56416258	0.210268	0.062432247	0.85639119	0.66308771	0.28041127	0.56388376	0.38386051	0.71562711	0.8273403	0.81134941	0.73590923	0.7358903	0.85860375	0.24518782	-0.21085112	0.54159459	0.5296964	0.42641444	0.48062282	0.6101328	0.35921543	0.13187721	0.70418294	0.82487863	0.62854319	0.33833979	0.61041561	0.57712163	0.36085668	0.46984663	0.34500918	0.65002002	0.54921258	-0.10352038	0.5581117	0.58710832	0.47373949	0.46769604	0.22597312	-0.0065061997	0.70603634	0.52861125	0.11929672	0.55379718	0.59886999
