0	0.30286724	0.61087014	0.61105112	0.73437302	0.71796312	0.57755145	0.67122368	0.76188146	0.55440549	0.56137833	0.67002503	0.65424783	0.62486372	0.76431224	0.77130319	0.53051742	0.49800379	0.37983614	0.56276289	0.3844704	0.56301855	0.056326397	0.57563592	0.61876555	0.62184244	0.5110594	0.52535467	0.60355211	0.67542129	0.23648113	0.52189366	0.59595995	0.46275925	0.41446532	0.53226443	0.54417573	0.71076082	0.6964638	0.5912211	0.58382589	0.36762457	0.55425536	0.58076428	0.55446649	0.56735518	0.48314741	0.54385832	0.48497403	-0.14374121	0.41374357	0.53175274	0.72465848	0.61946651	0.7440881	0.37254148	0.31775603	0.47056579	0.36212234	0.22416663	0.23124739	0.59268915	-0.34153125	0.48625014	0.53364172	0.60970933	0.43961301	0.31437974	0.34485576	0.42193478	0.66491436	0.49599052	0.62366501	0.51009174	0.7710884	0.29206696	0.59974427	0.515119	0.79857777	0.71493997	0.58995488	0.60237848	0.63683443	0.27825919	0.52529971	0.63615508	0.66348441	0.65274637	0.77847764	0.79071718	0.49820945	0.49404996	0.31346213	0.52195463	0.31100143	0.56353035	0.51108407	0.7374081	0.76031253	0.52615496	0.49708672	0.51781982	0.63543339	0.64623147	-0.091906202	0.17541188	0.59009535	0.50500657	0.57803123	0.52922038	0.6671739	0.73842292	0.46880624	0.13363461	0.61044799	0.33925527	0.47576455	0.54310307	0.60552575	0.43860836	0.47921882	0.62052656	0.47337201	-0.21886331	0.47492492	0.38806441	0.8023856	0.69776976	0.36088011	0.19589166	0.31441849	0.40384558	0.37950193	0.17046352	0.34784525	0.50658679	0.081654714	0.48711477	0.44576374	0.49835298	0.46812433	0.21665896	0.42279022	0.40844686	0.58123447	0.7032269	0.46674479	0.6399922	0.66815222	0.6098873	0.33749951	0.40769691	0.18321645	0.5975336	0.18980298	0.29500153	0.53560295	0.64986895	0.60483516	0.16384287	0.56279549	0.17076143	0.56198524	0.41193155	0.34747528	0.46399716	0.63608529
0.30286724	0	0.529318	0.39360087	0.34392103	0.41468578	0.4786639	0.48039577	0.39484989	0.40518201	0.42279964	0.37692435	0.25120742	0.3067942	0.33457374	0.478064	0.310807	0.3616171	0.75662763	0.46317108	0.84493674	0.48101173	0.3248076	0.19300929	0.20095548	0.43810361	0.57128184	0.42651224	0.429166	0.46963703	0.12328828	0.51079869	0.31312604	0.2046095	0.31644897	0.31188463	0.3540266	0.45836836	0.36857485	0.41935077	0.50540784	0.79878628	0.20749684	0.4925417	0.44322222	0.51480299	0.35835188	0.36050377	0.43502839	0.054462649	0.76575291	0.50798953	0.49386107	0.46348912	0.054561948	0.60942994	0.90156082	0.70046429	0.62916214	0.55856328	0.54784074	0.21981934	-0.1792719	0.35217171	0.34273914	0.4930077	0.35630804	0.31462559	0.60905214	0.35265486	0.36415573	0.33475893	0.22017527	0.29216708	0.24563696	0.95760092	0.49268285	0.31789798	0.33018657	0.32170936	0.44969554	0.43962214	0.46538466	0.35525423	0.37583152	0.41196073	0.17770642	0.40197019	0.4549591	0.46291636	0.33092759	0.40532741	0.70938085	0.48896043	0.77453237	0.44294478	0.56636146	0.45037502	0.26809531	0.39905674	0.56674431	0.40954052	0.42077323	0.5089027	-0.18623411	0.27381045	0.37314118	0.24122026	0.41513414	0.56423789	0.46667902	0.31859624	0.26225995	0.32886427	0.48488891	0.78570568	0.20925434	0.47057842	0.40391555	0.55678424	0.31605494	0.46289247	0.44596042	0.23758982	0.7998113	0.53397547	0.38036916	0.46571102	0.36106727	0.52255781	0.81505023	0.66744666	0.67111783	0.5853678	0.65073005	0.27727658	0.30272041	0.52499547	0.42066299	0.50527464	0.43491103	0.43424353	0.63445678	0.37936343	0.47230145	0.4756121	0.34292988	0.39593653	0.47131438	0.51958699	0.19088615	0.12654684	0.060775097	0.43378092	0.28179664	0.14630591	0.43707271	0.40160312	0.53021725	0.029195617	0.1581356	0.0069159228	0.37426481	0.35565173	0.22968207	0.33608625	0.56228086
0.61087014	0.529318	0	0.80593123	0.6169813	0.80138177	0.82323261	0.89754907	0.74813497	0.7447999	0.73622167	0.70910831	0.49011235	0.53855078	0.68107302	0.86290364	0.70002934	0.65649448	0.52949264	0.68741945	0.59029554	0.74381871	0.27208942	0.47970721	0.45590844	0.71196679	0.73073362	0.80023299	0.81900713	0.83188285	0.29664561	0.64694225	0.79109677	0.56997677	0.54206257	0.59761242	0.59188752	0.6607915	0.6183959	0.49915237	0.85678021	0.53992747	0.49693713	0.82652836	0.85394401	0.90942089	0.48679547	0.80633307	0.74776492	-0.17331582	0.57668606	0.69212121	0.80250833	0.69553061	0.33536485	0.53866443	0.49221687	0.64070439	0.54573497	0.44999886	0.38632887	0.37800031	-0.15148901	0.61800141	0.68797331	0.85384713	0.59215545	0.27759711	0.65017556	0.56147677	0.72543218	0.41306192	0.47927154	0.73277947	0.53268332	0.47747858	0.97700636	0.64135596	0.63172658	0.6561033	0.80887951	0.81446864	0.7002997	0.48634064	0.69545167	0.64568359	0.37922534	0.5888786	0.64404192	0.785903	0.76401713	0.67838323	0.50428829	0.63553726	0.4680523	0.70671054	0.70244334	0.75394303	0.49188408	0.56310103	0.70633426	0.81037874	0.84719372	0.8317601	-0.10146023	0.2004705	0.85852624	0.6374684	0.72595874	0.80328317	0.57204782	0.50630061	0.41209934	0.19965513	0.92587573	0.52759871	0.40619044	0.79026922	0.90092047	0.81632757	0.47857528	0.81073042	0.7282974	-0.15990246	0.64764582	0.5261165	0.69208623	0.68531949	0.41477931	0.21804456	0.43549377	0.50019893	0.52137208	0.24445851	0.48165995	0.31960813	0.30468185	0.60431431	0.67582889	0.74426333	0.55693649	0.22642669	0.59874086	0.45599725	0.63512454	0.57014327	0.54591056	0.85314592	0.713325	0.86034291	0.43964924	0.39960784	0.10234878	0.74642575	0.48377597	0.40822431	0.72830162	0.68759156	0.84655858	0.09470311	0.54059129	0.15062801	0.6996817	0.58766698	0.3447133	0.69156579	0.86680052
0.61105112	0.39360087	0.80593123	0	0.60654432	0.81704543	0.81828264	0.85270751	0.72401719	0.64173194	0.58481161	0.75692473	0.56717747	0.5726365	0.66573209	0.83951971	0.81169168	0.70870856	0.40250637	0.56522708	0.44477625	0.6291169	0.23164158	0.48726436	0.49673704	0.71483848	0.58269961	0.82598961	0.87994622	0.68993696	0.19670908	0.69641798	0.79704919	0.62477275	0.55522503	0.63892613	0.5806135	0.67100961	0.69205477	0.54443544	0.86468784	0.41495031	0.6007116	0.68943481	0.88232789	0.79768178	0.47997966	0.74673182	0.84826758	-0.058806178	0.50247575	0.61851531	0.73214657	0.60384542	0.4397913	0.37857918	0.38333397	0.52361158	0.44474409	0.29281123	0.31243022	0.39976871	-0.20305254	0.62734315	0.59293078	0.71304192	0.60000513	0.24122368	0.52862516	0.60055067	0.66541332	0.4217257	0.55253415	0.72082894	0.4990204	0.32149455	0.78799662	0.90407452	0.60813629	0.69796011	0.76165482	0.79586769	0.68236616	0.34355167	0.5429828	0.71207739	0.47980098	0.61537859	0.60400411	0.76471847	0.84984558	0.66947755	0.32062901	0.51212164	0.30413414	0.58789197	0.68224365	0.77379722	0.54748193	0.64533165	0.53744365	0.71099156	0.7956487	0.64866227	-0.017476981	0.26962283	0.84070328	0.65047401	0.68619185	0.74194997	0.57528037	0.58642621	0.48345243	0.15434472	0.8851132	0.37455792	0.48918835	0.64773436	0.84590245	0.65553837	0.52643256	0.82694343	0.7764258	-0.22275824	0.52697815	0.43521417	0.64817361	0.56955118	0.34407655	0.091961449	0.34315813	0.39315676	0.37369418	0.076531941	0.40028137	0.36415034	0.27483113	0.6559824	0.51666406	0.64117484	0.53210341	0.12592019	0.42453006	0.50273712	0.49197507	0.54484321	0.54273961	0.84263323	0.67213052	0.70003512	0.42838142	0.53484576	0.11695183	0.70515663	0.47271061	0.45001934	0.6410048	0.67651848	0.73119849	0.033052715	0.5903762	0.34367777	0.67641204	0.58252361	0.42738075	0.63363787	0.77574706
0.73437302	0.34392103	0.6169813	0.60654432	0	0.69269362	0.51738692	0.62820094	0.78372179	0.72285688	0.46532519	0.59206975	0.64201396	0.64575517	0.78701368	0.74450591	0.59785544	0.4675951	0.46152815	0.49223963	0.41899697	0.47780143	0.18624385	0.66512909	0.80838378	0.5037757	0.51410999	0.50153026	0.5712846	0.70255186	0.45497889	0.55705626	0.53006861	0.48042513	0.44081592	0.44779239	0.63128907	0.7157144	0.56461475	0.46555475	0.54454915	0.49783898	0.50814023	0.51362626	0.52392044	0.53651954	0.35156413	0.54934396	0.50147969	0.12622164	0.44383141	0.61926328	0.5805116	0.59552312	0.55644342	0.36764648	0.41084264	0.44814145	0.28945042	0.23287713	0.23996935	0.64495014	-0.19470641	0.65312217	0.44150249	0.56746167	0.35851429	0.17286259	0.29048447	0.70256149	0.67191092	0.6118231	0.70696256	0.40478254	0.53296948	0.32277766	0.55857783	0.47949708	0.80046952	0.61507564	0.49136244	0.52265071	0.74729258	0.43329461	0.44907451	0.51147063	0.64851435	0.5674879	0.70577451	0.71878236	0.4883388	0.42347591	0.31933915	0.46903109	0.31452844	0.51469495	0.60448651	0.68161114	0.63129504	0.36990281	0.47440055	0.46620622	0.54389937	0.57648585	-0.041796542	0.23127175	0.51838903	0.46685644	0.62320698	0.42947854	0.5573077	0.68285197	0.29605245	0.17362112	0.58800635	0.48858698	0.49732152	0.48427724	0.53979012	0.40676058	0.29070873	0.54497175	0.41001748	-0.20708623	0.53758463	0.25331727	0.54565295	0.60047182	0.10633142	0.23367853	0.33729919	0.43799699	0.28898963	0.061117907	0.36776542	0.54577464	0.079512893	0.56791566	0.36009816	0.51722891	0.35944546	0.043234707	0.34597215	0.56434363	0.51785235	0.57315012	0.41453411	0.56418674	0.66267593	0.5541223	0.33825463	0.34300067	0.12496558	0.64027097	0.2364829	0.32395625	0.49136421	0.68741038	0.51432045	0.11804208	0.45482671	0.096422849	0.64675814	0.44607048	0.29987179	0.44462325	0.636585
0.71796312	0.41468578	0.80138177	0.81704543	0.69269362	0	0.85507372	0.86373851	0.80323318	0.70642732	0.60903409	0.81441954	0.59042413	0.67773867	0.73273131	0.89497397	0.68803259	0.77229721	0.46091039	0.56936068	0.48741053	0.63466686	0.25426164	0.53987947	0.50620399	0.75018767	0.59425092	0.64556972	0.74073173	0.75290891	0.3160751	0.7217093	0.83120294	0.67891182	0.67094677	0.6801926	0.55522332	0.73849753	0.74579118	0.6701372	0.83015578	0.43075054	0.65595289	0.71048223	0.74207025	0.81917945	0.60659286	0.82673994	0.81589254	0.018795315	0.48577662	0.67431789	0.82335769	0.70383298	0.44781097	0.39269656	0.37791763	0.53465872	0.4474307	0.31508272	0.32378146	0.44129093	-0.25381894	0.6784964	0.6491063	0.79991613	0.46552554	0.28481059	0.60207453	0.61346661	0.73433594	0.48508128	0.60594233	0.74183182	0.61997617	0.37048634	0.79338947	0.66047464	0.72427607	0.87818935	0.83649786	0.84129765	0.73581993	0.41821513	0.57060436	0.75704414	0.48435504	0.70859491	0.66988458	0.82043581	0.6946706	0.76265678	0.37540045	0.52718381	0.39459853	0.61644775	0.74694285	0.82087879	0.57937083	0.55545061	0.55043609	0.62213177	0.73424198	0.70595052	-0.028849527	0.27683016	0.84035944	0.71306278	0.80812843	0.76379618	0.58381237	0.68281541	0.5660548	0.24875508	0.82516848	0.39852668	0.57034262	0.67014457	0.75925894	0.70515093	0.64220484	0.84660532	0.76052033	-0.14064337	0.54284429	0.51999244	0.73863922	0.66463983	0.38912367	0.1050978	0.3550481	0.4111903	0.40310635	0.13412085	0.4412988	0.39449297	0.32064774	0.62259691	0.54042497	0.78718978	0.43429658	0.22919715	0.49421065	0.62863374	0.62361377	0.55186832	0.59777284	0.84965704	0.68334935	0.70627419	0.54188261	0.53279102	0.14271974	0.75913328	0.51249382	0.49636219	0.73296902	0.66766081	0.73431518	0.21317085	0.63494209	0.29773237	0.6970561	0.61764836	0.48444036	0.63988513	0.81467484
0.57755145	0.4786639	0.82323261	0.81828264	0.51738692	0.85507372	0	0.87353615	0.63280692	0.56479149	0.5528702	0.81192599	0.45123843	0.58006672	0.6275945	0.84406749	0.69734296	0.77222558	0.4401849	0.52994489	0.52092566	0.58309208	0.34713895	0.37778402	0.30382315	0.78790368	0.55816433	0.67039114	0.77767569	0.67295968	0.15355644	0.69072864	0.79435374	0.59663243	0.70453953	0.61733195	0.42266165	0.61775471	0.68556115	0.65888606	0.83833762	0.46742263	0.50039546	0.66451524	0.76440266	0.8767239	0.63854275	0.82429077	0.87099644	-0.075895679	0.47684352	0.64971278	0.85358116	0.68521315	0.3601489	0.3888252	0.42268254	0.51546872	0.48410471	0.33188249	0.2895674	0.35029432	-0.22216631	0.58274815	0.5026532	0.73571916	0.50127047	0.3049083	0.7118891	0.44911939	0.64360771	0.31758677	0.41995556	0.73831156	0.58446636	0.42769846	0.85137447	0.67136842	0.57191322	0.76271248	0.94339295	0.87221287	0.6340663	0.32331021	0.51113283	0.8337838	0.37803301	0.67847924	0.64482392	0.78517656	0.77205829	0.80665077	0.38466969	0.4584971	0.42635221	0.5469413	0.70408167	0.72320646	0.49024505	0.57333297	0.54425377	0.65767709	0.79062711	0.67359674	-0.1064194	0.28884655	0.83509648	0.65831318	0.76350436	0.81538168	0.50756893	0.522596	0.60625385	0.35917319	0.84523091	0.44148185	0.39230289	0.62824513	0.79649518	0.78411224	0.63989424	0.87556079	0.87054081	-0.09224445	0.54896857	0.63154059	0.76018409	0.65311951	0.52784589	0.078714684	0.36876094	0.35247432	0.44269396	0.13094473	0.41686636	0.36504162	0.32592932	0.60743359	0.48119919	0.74369719	0.44319089	0.34463509	0.58341592	0.43470094	0.56773886	0.48436512	0.5418806	0.82334748	0.7153913	0.75604777	0.4507158	0.55174321	0.16814692	0.68891805	0.5292562	0.46086822	0.70431522	0.65623261	0.79023421	0.11512055	0.64740233	0.30814314	0.66543862	0.60985241	0.39825439	0.68537238	0.82157581
0.67122368	0.48039577	0.89754907	0.85270751	0.62820094	0.86373851	0.87353615	0	0.77974524	0.70421294	0.67015999	0.77356985	0.49267973	0.56736451	0.72878271	0.87807966	0.71563231	0.73037372	0.54247014	0.66695168	0.55753788	0.70764187	0.31847422	0.46363824	0.45460894	0.82005541	0.74031717	0.79339217	0.85037258	0.80565871	0.22134738	0.68013931	0.81274489	0.57235958	0.56033829	0.591486	0.586161	0.69956674	0.65627236	0.63048323	0.90138146	0.44120557	0.51430197	0.77458364	0.85110903	0.93303194	0.59941607	0.82323818	0.82820137	-0.15480532	0.60069385	0.7043759	0.83462005	0.7513468	0.4080206	0.5434505	0.45086785	0.64954537	0.51617389	0.42627084	0.43025548	0.40597272	-0.22915216	0.62952822	0.71258156	0.84136652	0.6689413	0.40052195	0.69787383	0.56199388	0.72854384	0.4114111	0.48739073	0.74606936	0.62058215	0.42683103	0.89323508	0.66575954	0.68843647	0.75579906	0.85772129	0.90493553	0.71860562	0.46523473	0.62722259	0.76839928	0.44666985	0.64887279	0.6890137	0.8236146	0.76641129	0.74813214	0.47512429	0.61794591	0.43925951	0.68779727	0.71829506	0.78534304	0.55255626	0.68416415	0.69372545	0.76067056	0.85076297	0.80059181	-0.10339949	0.23490198	0.8409234	0.6717355	0.7339992	0.83854718	0.64758382	0.58896975	0.52299402	0.24149403	0.92315202	0.41855069	0.42003115	0.74250199	0.84573307	0.83543357	0.62299088	0.86762146	0.80002917	-0.091912879	0.62687152	0.6414572	0.75453403	0.71993352	0.54654571	0.19863315	0.47241335	0.49999661	0.50461106	0.20747815	0.52605641	0.38573526	0.36692136	0.65126441	0.65825553	0.74745452	0.59699043	0.33754023	0.61151681	0.48274149	0.62963055	0.61099347	0.55431463	0.84888534	0.7122043	0.78397242	0.44850159	0.49388156	0.094062597	0.74749211	0.44873872	0.40406204	0.66441165	0.68879213	0.79225461	0.10317919	0.5876655	0.20609941	0.7032398	0.65077244	0.42798013	0.63691724	0.82837375
0.76188146	0.39484989	0.74813497	0.72401719	0.78372179	0.80323318	0.63280692	0.77974524	0	0.81667273	0.6257554	0.66731602	0.56146922	0.62257806	0.77224317	0.80364163	0.61654071	0.54250698	0.47128839	0.59840605	0.45734048	0.61754658	0.13180306	0.57187948	0.72531311	0.63506261	0.60450459	0.59688219	0.63735617	0.81687802	0.31119163	0.63185411	0.75567261	0.60002891	0.50731213	0.62086228	0.69858739	0.77523825	0.6296305	0.52366195	0.72244932	0.46318656	0.58816571	0.6741842	0.63937981	0.6934821	0.39208712	0.70620746	0.63324669	-0.050550123	0.48153069	0.64958556	0.71728268	0.62141437	0.52908128	0.42159243	0.38833948	0.52825651	0.46822243	0.35358229	0.27030553	0.5329041	-0.26107958	0.65612172	0.7032736	0.74727378	0.4519844	0.19808131	0.40151027	0.60230253	0.831537	0.54563727	0.68208362	0.6745922	0.58210929	0.36113771	0.71564836	0.56468931	0.78763206	0.71590584	0.63082155	0.73637879	0.85092462	0.51723638	0.60542376	0.61119853	0.62284226	0.6567987	0.74567447	0.80784414	0.60532231	0.55192865	0.39618669	0.57683055	0.36395215	0.6407148	0.6414388	0.82329931	0.73794618	0.5331791	0.54718057	0.55736906	0.63795402	0.7550107	-0.11394615	0.19855549	0.73305236	0.65111887	0.69768244	0.6747028	0.67554251	0.76594258	0.451441	0.13623324	0.7411132	0.43789922	0.57017547	0.64931889	0.66518725	0.57238238	0.43791214	0.74449434	0.54169503	-0.13902262	0.55973229	0.47622073	0.69857635	0.66697617	0.32924821	0.21991711	0.3533007	0.46582213	0.44641068	0.2025687	0.41317861	0.49931613	0.2001057	0.64945847	0.58940935	0.68953268	0.43189363	0.1630167	0.43026376	0.55872263	0.69876232	0.71270158	0.57950312	0.79583622	0.72371707	0.70837646	0.51541589	0.43592549	0.15878946	0.7394074	0.37376491	0.36183738	0.66115292	0.74402686	0.69575471	0.22521347	0.54891986	0.10509296	0.66260075	0.47751355	0.36051619	0.60882752	0.77437005
0.55440549	0.40518201	0.7447999	0.64173194	0.72285688	0.70642732	0.56479149	0.70421294	0.81667273	0	0.62495684	0.5834831	0.49990642	0.55942008	0.67972415	0.75309061	0.57124163	0.51997676	0.45257545	0.54162221	0.47718033	0.62751456	0.15821523	0.5415202	0.61183356	0.53355008	0.54517596	0.5661127	0.58920287	0.76292065	0.42313557	0.60879262	0.6467169	0.51522319	0.42216993	0.53317937	0.62014646	0.6723456	0.5352811	0.4210251	0.65360946	0.48687512	0.5286099	0.72172675	0.61953659	0.6693105	0.35797718	0.60782755	0.59254646	0.011064713	0.46494961	0.63380976	0.60029956	0.63187873	0.30656403	0.40116499	0.37476289	0.49632975	0.46657712	0.41143814	0.31987274	0.44112212	-0.12572994	0.65770945	0.66451746	0.74437444	0.3801511	0.1793371	0.4429493	0.68548241	0.73693537	0.50662459	0.57815593	0.6088226	0.3511849	0.38176015	0.7066108	0.4927381	0.62304973	0.58543936	0.56767539	0.63495262	0.78810603	0.66404727	0.59961367	0.47276694	0.44890692	0.53754735	0.58042126	0.70639481	0.56353012	0.47143384	0.40587854	0.51082898	0.36948628	0.62775664	0.58251768	0.7157911	0.49620812	0.41324348	0.47730683	0.58620974	0.61552898	0.67769423	-0.022326725	0.23457189	0.6807085	0.53916705	0.59561337	0.61165295	0.50861781	0.56194418	0.33243787	0.093178747	0.71860272	0.47453212	0.46646008	0.69068268	0.66403748	0.59589001	0.35157395	0.61174896	0.48434251	-0.088818451	0.53783737	0.35939264	0.49066609	0.56314698	0.15269124	0.20374839	0.29973642	0.42301295	0.40019852	0.21856905	0.41151323	0.36140526	0.29087776	0.59231703	0.62713744	0.69343281	0.39821659	0.10723215	0.40669774	0.63920457	0.60678493	0.54979514	0.50043804	0.70292127	0.5802779	0.63429602	0.46232029	0.27633199	0.10713603	0.70008881	0.38827243	0.21402748	0.55425254	0.59613125	0.64738178	0.16677824	0.38314008	0.039886659	0.675576	0.48573525	0.3221673	0.52999357	0.69481875
0.56137833	0.42279964	0.73622167	0.58481161	0.46532519	0.60903409	0.5528702	0.67015999	0.6257554	0.62495684	0	0.48590546	0.47614084	0.40626233	0.63105414	0.68724807	0.44361697	0.42905437	0.61418277	0.93614558	0.62668853	0.95343372	0.21730951	0.41395392	0.42637095	0.59768817	0.77514463	0.71368998	0.62032076	0.83783563	0.33090459	0.60090187	0.68382598	0.46110359	0.40668335	0.55457234	0.65689567	0.65838004	0.51984975	0.33049942	0.64796003	0.41960014	0.56640713	0.92404939	0.63960365	0.72482691	0.31401083	0.58884505	0.47007757	-0.13867107	0.63844073	0.5898719	0.66711703	0.69981669	0.31935365	0.58547096	0.37972828	0.72835709	0.62995945	0.62421902	0.53806412	0.30433372	-0.087785327	0.48133225	0.80216187	0.7237925	0.60517101	0.28023202	0.4226215	0.43979511	0.69453409	0.47500854	0.45817618	0.6482403	0.42664823	0.40200105	0.70559896	0.47433037	0.53118911	0.44334628	0.538155	0.52365013	0.4971786	0.55666165	0.97811477	0.40237261	0.34030045	0.51154666	0.57991808	0.60774424	0.51317142	0.45994382	0.63978735	0.85329358	0.52602878	0.95118869	0.61228121	0.69790199	0.50157971	0.52049388	0.68282643	0.57650967	0.5611401	0.84973573	-0.079203737	0.22277988	0.69118121	0.55506982	0.58389929	0.66104695	0.7084089	0.53948705	0.29375548	0.031186791	0.65862133	0.38921291	0.51007626	0.92434196	0.62509132	0.6210964	0.34273463	0.60377076	0.4524955	-0.08790197	0.64076501	0.43939439	0.54771467	0.61418967	0.33001655	0.2939823	0.36658667	0.64175288	0.58206885	0.42956517	0.57902634	0.25008398	0.26975361	0.53340046	0.86844066	0.55352873	0.50329547	0.15381483	0.38197703	0.39739336	0.58830264	0.65513426	0.56902828	0.73305137	0.68076889	0.63410321	0.35848382	0.13992254	0.047227258	0.65242762	0.2415621	0.25817331	0.59031703	0.69676762	0.5795134	0.045156513	0.33150216	0.037227983	0.54082594	0.41653427	0.2217326	0.4537679	0.71927547
0.67002503	0.37692435	0.70910831	0.75692473	0.59206975	0.81441954	0.81192599	0.77356985	0.66731602	0.5834831	0.48590546	0	0.74919915	0.84811192	0.72734753	0.89359939	0.61552391	0.732044	0.37798075	0.45224252	0.44601722	0.53733636	0.24365347	0.64215841	0.47963253	0.82920372	0.48727619	0.57093881	0.73422027	0.61514065	0.32730929	0.67941543	0.7398157	0.75743772	0.66639592	0.78694215	0.59558562	0.78519198	0.87408261	0.74289851	0.76183627	0.38143737	0.68256463	0.59520582	0.67780845	0.69882329	0.67257116	0.68813946	0.73788961	0.1026593	0.42211016	0.76350675	0.79497381	0.59849433	0.46415259	0.33477507	0.31932461	0.44256814	0.45698342	0.3536079	0.2388936	0.53951457	-0.25949175	0.59992989	0.473175	0.69601383	0.42309008	0.47222725	0.61126989	0.58477676	0.65109695	0.4670712	0.71125246	0.66687171	0.56470862	0.35675374	0.73418602	0.61790943	0.57452378	0.71431966	0.81795734	0.73386777	0.6603561	0.28455967	0.4492502	0.84592698	0.61152098	0.83794087	0.7074374	0.85719424	0.62144679	0.73891705	0.3397411	0.4052231	0.37646207	0.47958718	0.65411615	0.82273145	0.60366741	0.52247056	0.47969153	0.5493191	0.71600894	0.59116566	-0.015265365	0.25473148	0.75732219	0.72976879	0.712528	0.70620785	0.58443947	0.70448775	0.63203359	0.3016971	0.72308359	0.3649643	0.60703924	0.55949004	0.70036675	0.64773673	0.67165452	0.73189247	0.72778377	0.0076980119	0.47349873	0.57422036	0.67365214	0.60445233	0.41759716	0.12639374	0.28750023	0.30807422	0.40172354	0.14844537	0.33913772	0.4787517	0.30993051	0.6054695	0.43290445	0.67662527	0.39471431	0.3809571	0.5204105	0.59073559	0.55218055	0.54525373	0.66397843	0.75361042	0.62695297	0.60050696	0.44546024	0.51558537	0.16887454	0.71950545	0.39707004	0.35231243	0.62709052	0.62144477	0.61243979	0.20797189	0.60909135	0.34060085	0.71069698	0.62449047	0.4341803	0.53601886	0.71516283
0.65424783	0.25120742	0.49011235	0.56717747	0.64201396	0.59042413	0.45123843	0.49267973	0.56146922	0.49990642	0.47614084	0.74919915	0	0.81456616	0.65477575	0.75595022	0.48575472	0.47155334	0.31576378	0.46353276	0.31966863	0.52501639	0.12602073	0.7602012	0.60593246	0.58653218	0.41632035	0.45740586	0.54865876	0.49043977	0.41978697	0.58353996	0.50931426	0.58468798	0.49325536	0.63382045	0.62261781	0.76578121	0.8329938	0.59009204	0.48199879	0.31826129	0.72235464	0.51190553	0.46659508	0.41596813	0.47903367	0.39457348	0.3924843	0.1886801	0.34964625	0.58314675	0.54483883	0.41652604	0.49514379	0.23094027	0.2318444	0.3656606	0.36002662	0.26226576	0.18644641	0.62211388	-0.23935145	0.51685578	0.32700302	0.42276421	0.32477073	0.29680428	0.25279217	0.6501042	0.51819567	0.60632513	0.7823229	0.39982629	0.36942715	0.25456684	0.48087746	0.49357992	0.48745387	0.46521843	0.45099364	0.36549155	0.53275411	0.1690472	0.45646137	0.55095394	0.69938178	0.72228838	0.58471298	0.70839937	0.37821387	0.40987296	0.27220361	0.41492836	0.25963673	0.49373429	0.54103514	0.72110451	0.54474491	0.35052002	0.40057574	0.3759795	0.48463616	0.42563041	0.0447778	0.29688772	0.5104221	0.53019529	0.52530153	0.38738217	0.55811652	0.70922402	0.39743614	0.081533494	0.45943514	0.31256677	0.66078113	0.48241471	0.49134117	0.32072142	0.41739318	0.4324271	0.34410144	-0.14171416	0.3934743	0.20876168	0.42829099	0.41064939	0.057516832	0.087515219	0.21411325	0.29447675	0.32141907	0.081649787	0.25465532	0.46144131	0.20816548	0.48879897	0.32896806	0.34903756	0.27348272	0.07765372	0.27682364	0.60208693	0.34601353	0.50226214	0.52686016	0.5196143	0.51900781	0.39566175	0.26166231	0.31753394	0.17837787	0.54770419	0.13042373	0.16927621	0.44608028	0.57422445	0.37127201	0.044989777	0.41831913	0.26623928	0.54488186	0.40806123	0.34077162	0.30073381	0.54849886
0.62486372	0.3067942	0.53855078	0.5726365	0.64575517	0.67773867	0.58006672	0.56736451	0.62257806	0.55942008	0.40626233	0.84811192	0.81456616	0	0.75564544	0.79481244	0.47158161	0.61141674	0.31067127	0.36042274	0.35356152	0.45426315	0.15122304	0.75095789	0.6520757	0.68243604	0.35802226	0.40554745	0.55686979	0.50565378	0.33615299	0.58911225	0.5966079	0.66213598	0.58882857	0.70727504	0.58810598	0.79645839	0.82594106	0.71846141	0.57728738	0.39540452	0.66545706	0.51500585	0.48995769	0.47149544	0.59158204	0.51194741	0.54034839	0.19152585	0.33959884	0.7592869	0.61617626	0.4443771	0.51673124	0.24343151	0.28111466	0.33712421	0.37401631	0.2907105	0.15789335	0.73915101	-0.34851479	0.56418185	0.34332734	0.51959815	0.22681006	0.40420306	0.40520563	0.5795578	0.59113438	0.4665913	0.80084018	0.4761978	0.45658168	0.3154514	0.55635481	0.45814261	0.55787445	0.57065797	0.59293715	0.52289836	0.60773843	0.25951607	0.37868959	0.7214961	0.78797907	0.85320809	0.71900932	0.81265343	0.42925123	0.56594932	0.27409866	0.32606497	0.29630513	0.41785188	0.54718966	0.79030349	0.66259258	0.31270968	0.32678676	0.37167654	0.50772229	0.46861656	-0.037713539	0.25599516	0.57948263	0.58474409	0.59727828	0.49419448	0.48208977	0.7426796	0.56117945	0.3491025	0.53328006	0.39118647	0.61222153	0.47743109	0.50595954	0.46118953	0.57415059	0.50563045	0.46081534	-0.069772077	0.41839757	0.42836111	0.52189255	0.44557442	0.19649789	0.14332252	0.22046271	0.25256017	0.30418748	0.084811375	0.28117699	0.62739705	0.29104762	0.54931094	0.32354027	0.52969783	0.2100601	0.30034902	0.33634766	0.60705186	0.48135189	0.51594577	0.58419042	0.59036055	0.51811913	0.45666513	0.32070343	0.33576698	0.12036342	0.60236762	0.21694581	0.24512679	0.48849338	0.54312978	0.45277688	0.18457627	0.40793309	0.27505231	0.61649485	0.40041169	0.33562205	0.4313949	0.60611446
0.76431224	0.33457374	0.68107302	0.66573209	0.78701368	0.73273131	0.6275945	0.72878271	0.77224317	0.67972415	0.63105414	0.72734753	0.65477575	0.75564544	0	0.8244849	0.61516742	0.58680804	0.47151397	0.60667021	0.46976923	0.63434719	0.1666224	0.75989	0.8047251	0.69610803	0.6168093	0.61834724	0.68126105	0.77039123	0.35845962	0.57855366	0.67068973	0.54132758	0.50888275	0.56193378	0.71343178	0.77991215	0.6873727	0.55120524	0.6561464	0.49844282	0.56215186	0.67807161	0.62908768	0.61214477	0.43517502	0.62589711	0.59625978	-0.055250312	0.53329951	0.80485757	0.77345875	0.7490987	0.70847583	0.49685811	0.39032885	0.51964909	0.36207614	0.37484011	0.31792135	0.77583518	-0.25234882	0.66333023	0.59149465	0.67083984	0.44031053	0.36133019	0.40010134	0.58149436	0.67926157	0.52993038	0.67061803	0.54688004	0.6621095	0.32362742	0.65870208	0.53456858	0.84748603	0.62791431	0.61967929	0.61438702	0.67917088	0.46174211	0.59778575	0.61629865	0.71900331	0.67590565	0.88830994	0.79837827	0.53559966	0.55761928	0.39790929	0.55648203	0.35690654	0.63116852	0.58484792	0.80940983	0.78071922	0.43474256	0.508584	0.5553882	0.6077492	0.71839989	-0.153414	0.18112357	0.64630235	0.5532136	0.67482089	0.54883123	0.62974358	0.69039	0.39433329	0.25516768	0.65080811	0.45470008	0.49175986	0.644965	0.62984895	0.56012153	0.45607255	0.60925898	0.48708777	-0.18306173	0.60331265	0.46573422	0.70964182	0.731007	0.3161847	0.29845386	0.31294081	0.45587869	0.31645589	0.12455857	0.43211608	0.65963945	0.2365084	0.59954745	0.53907094	0.54378639	0.41128797	0.23371741	0.38050772	0.42837244	0.58674034	0.68431277	0.50198374	0.68772833	0.69853171	0.61612117	0.38672754	0.36413662	0.089708934	0.69541092	0.2783741	0.31088848	0.54285721	0.70756685	0.55144936	0.20015134	0.50829312	0.10323548	0.64151473	0.43557755	0.24226415	0.49275819	0.67959184
0.77130319	0.478064	0.86290364	0.83951971	0.74450591	0.89497397	0.84406749	0.87807966	0.80364163	0.75309061	0.68724807	0.89359939	0.75595022	0.79481244	0.8244849	0	0.69491714	0.71313229	0.48624417	0.63984382	0.53857605	0.72374134	0.25877088	0.67580514	0.58638052	0.81489897	0.65008772	0.73663634	0.83442533	0.80196373	0.35222783	0.74434828	0.80757511	0.70843607	0.64685335	0.74918601	0.6696143	0.83838906	0.85711149	0.70221148	0.8549553	0.52519357	0.69964526	0.79348333	0.80062845	0.83324535	0.61740357	0.74868328	0.76589453	0.021738151	0.54002799	0.76081049	0.86374947	0.7516583	0.51788519	0.43672949	0.43476123	0.57080609	0.5734517	0.41420931	0.33060193	0.55224329	-0.27696158	0.69919836	0.62453141	0.80757797	0.55821213	0.38441823	0.63134972	0.68380119	0.7844384	0.57162198	0.71517827	0.7445064	0.59092508	0.44391238	0.86347824	0.6774448	0.6956357	0.77001991	0.81763961	0.79350885	0.7676113	0.44273273	0.64418267	0.78145071	0.61501001	0.80315248	0.75027748	0.9292024	0.71516537	0.71575688	0.44527621	0.58184139	0.43319071	0.68575713	0.75558931	0.90386244	0.63681263	0.58464511	0.60835996	0.67302025	0.79700903	0.75357853	-0.071411979	0.31121407	0.84400063	0.73705875	0.76796333	0.78517841	0.66197993	0.74145865	0.5784294	0.20382641	0.85193805	0.49955327	0.60171624	0.74961439	0.81259659	0.73025542	0.61463803	0.80131568	0.71542039	-0.1363854	0.61095248	0.52459491	0.74208354	0.71085335	0.33931857	0.14416017	0.38548458	0.43453855	0.511725	0.18761498	0.4517639	0.44902279	0.36714221	0.69053003	0.59589176	0.73129297	0.4966909	0.26250407	0.56141641	0.65812209	0.64504573	0.64516551	0.66865846	0.84899234	0.72964275	0.74191731	0.49457399	0.51005327	0.13365211	0.782513	0.45626345	0.38865061	0.68906185	0.73911574	0.73486374	0.15410442	0.61597444	0.27087465	0.75911186	0.64030605	0.41823804	0.61838376	0.83368712
0.53051742	0.310807	0.70002934	0.81169168	0.59785544	0.68803259	0.69734296	0.71563231	0.61654071	0.57124163	0.44361697	0.61552391	0.48575472	0.47158161	0.61516742	0.69491714	0	0.65269328	0.34328461	0.41180985	0.39822145	0.49185554	0.23887364	0.45597933	0.4894802	0.53761444	0.44712797	0.62809148	0.67331176	0.58162891	0.24481119	0.51870921	0.63987971	0.45394559	0.47546345	0.43431877	0.44919055	0.52127012	0.54323978	0.44596392	0.63221293	0.34889483	0.46717104	0.54656191	0.72103163	0.66758639	0.38689879	0.63754618	0.72008855	-0.051944583	0.42715739	0.51787475	0.62464643	0.4942837	0.39614722	0.30505474	0.33024779	0.43306407	0.25553696	0.2122564	0.26097536	0.42832562	-0.10442764	0.59676014	0.4492113	0.58374259	0.3555123	0.13255046	0.37053948	0.54571556	0.54185687	0.30762504	0.43385289	0.51764324	0.45136312	0.26494941	0.68383015	0.74878439	0.58598242	0.62030107	0.66390795	0.66632088	0.61054831	0.259406	0.41435914	0.591415	0.42926617	0.46506427	0.56441604	0.63063375	0.73419279	0.61550727	0.24921899	0.371572	0.26328637	0.46462773	0.57255174	0.5926789	0.48122065	0.41840002	0.40802566	0.62345567	0.67597141	0.53743806	-0.097155596	0.24920318	0.69548841	0.46896467	0.57952182	0.55770303	0.42902381	0.42624076	0.34690256	0.18218864	0.7433229	0.31304175	0.35788772	0.51400191	0.74843982	0.54981925	0.41281825	0.68803869	0.62429378	-0.25325269	0.4708034	0.34694687	0.54874875	0.47438485	0.28066059	0.09452689	0.29101986	0.31826784	0.22864649	0.016090402	0.31715861	0.38180612	0.17783038	0.53137123	0.4099134	0.5457609	0.34575111	0.050335101	0.31080042	0.35737094	0.39326592	0.4060874	0.34308746	0.70373277	0.59964764	0.62808124	0.26456472	0.41417794	0.20992454	0.62497532	0.39965167	0.35622802	0.57117825	0.57744602	0.62352464	-0.13082817	0.46189461	0.32017342	0.54022212	0.50708183	0.36824342	0.52008912	0.68880404
0.49800379	0.3616171	0.65649448	0.70870856	0.4675951	0.77229721	0.77222558	0.73037372	0.54250698	0.51997676	0.42905437	0.732044	0.47155334	0.61141674	0.58680804	0.71313229	0.65269328	0	0.42464456	0.42083994	0.47058023	0.47329486	0.33767388	0.4501192	0.33298731	0.72467612	0.51895394	0.54008544	0.65384729	0.55489994	0.2279837	0.59230628	0.68362572	0.57530045	0.59921808	0.53526121	0.44440865	0.60257107	0.58954683	0.61825169	0.69201846	0.3092974	0.53456233	0.55867249	0.6284219	0.70211183	0.61152308	0.7377932	0.82536038	0.0023164751	0.41246691	0.66158041	0.69558938	0.57944458	0.33307334	0.43051073	0.33350952	0.49553659	0.32311257	0.32390537	0.35354608	0.39479044	-0.10440594	0.57802839	0.45863844	0.62566354	0.40461724	0.39796522	0.63374563	0.43683606	0.52842451	0.31054831	0.44204022	0.63372044	0.49955511	0.34606795	0.66471003	0.58672973	0.55494035	0.65259882	0.79490794	0.73983743	0.52182212	0.28041094	0.38192035	0.73748675	0.39775159	0.62567757	0.60363586	0.67515764	0.64603623	0.7652636	0.35220202	0.38326473	0.37827031	0.443078	0.59340693	0.6474684	0.46985029	0.56534184	0.50665971	0.59057964	0.67850391	0.57101238	-0.010156278	0.19810441	0.71218506	0.57069445	0.64798205	0.68375204	0.49098851	0.49687753	0.5370227	0.37863358	0.70084744	0.30187529	0.39768879	0.49970185	0.65972382	0.69260543	0.59685603	0.73706292	0.79586167	0.0074912988	0.48786604	0.60505757	0.6192335	0.55112626	0.50652572	0.18131192	0.3739736	0.37321522	0.32417494	0.18412296	0.42448716	0.38867261	0.35439258	0.54067621	0.3955526	0.62389144	0.42418452	0.39522253	0.50607953	0.43413942	0.49767427	0.43084719	0.48511374	0.70372939	0.57892488	0.56547646	0.35275196	0.44536023	0.20428603	0.67716691	0.36709147	0.35729303	0.57679253	0.51436198	0.60027375	0.081268779	0.52009323	0.3326052	0.58168785	0.51974546	0.39620397	0.56403453	0.69806007
0.37983614	0.75662763	0.52949264	0.40250637	0.46152815	0.46091039	0.4401849	0.54247014	0.47128839	0.45257545	0.61418277	0.37798075	0.31576378	0.31067127	0.47151397	0.48624417	0.34328461	0.42464456	0	0.73542927	0.90288792	0.65483439	0.4682334	0.26104071	0.30732106	0.56122612	0.80626036	0.45553679	0.42229589	0.69575511	0.34440086	0.54920395	0.44658059	0.33669154	0.36898157	0.39292315	0.60182702	0.62409025	0.36530577	0.37796812	0.54632571	0.52923219	0.35526337	0.60022276	0.44196142	0.59461086	0.37534742	0.46447597	0.41143156	0.14083887	0.82499099	0.58699125	0.53604563	0.65501331	0.1120041	0.77614806	0.70959623	0.88263438	0.6656116	0.7886517	0.79902299	0.2554906	-0.10657669	0.49240399	0.56771461	0.58094598	0.45164171	0.40030279	0.58015173	0.42322457	0.50036311	0.47417753	0.35727885	0.37950122	0.26961775	0.78163348	0.46295229	0.29518346	0.45525727	0.28025104	0.43667392	0.41348885	0.41010783	0.56900247	0.60223834	0.3847173	0.23630276	0.44364549	0.53606949	0.44959438	0.25659854	0.38110552	0.94165834	0.74956837	0.87253508	0.67503027	0.61420573	0.49864197	0.36975052	0.4831084	0.75952642	0.42333261	0.39168286	0.72770332	-0.11441626	0.18588331	0.39415198	0.39197688	0.5092749	0.60092868	0.69954374	0.44415261	0.23007351	0.16722317	0.46889752	0.52862345	0.40581485	0.6175636	0.39928731	0.64622011	0.2444757	0.48775992	0.41601464	0.32518639	0.83085191	0.56143074	0.39698722	0.63938646	0.40816462	0.57514351	0.80791529	0.85925168	0.74102512	0.69614542	0.8576745	0.23919791	0.25668859	0.52007479	0.64733642	0.47066309	0.43301282	0.3659741	0.54329018	0.37392091	0.61300787	0.61309889	0.52048461	0.48574525	0.64049273	0.46690029	0.27403821	0.10590689	0.055046025	0.56917085	0.20329813	0.15921952	0.44229192	0.58995285	0.42704938	0.071537857	0.2374089	-0.068321239	0.47270996	0.45784407	0.22108937	0.32028257	0.57828131
0.56276289	0.46317108	0.68741945	0.56522708	0.49223963	0.56936068	0.52994489	0.66695168	0.59840605	0.54162221	0.93614558	0.45224252	0.46353276	0.36042274	0.60667021	0.63984382	0.41180985	0.42083994	0.73542927	0	0.67636053	0.89988958	0.27320752	0.35248147	0.41552049	0.63755794	0.87736305	0.68332365	0.6032164	0.83615175	0.32579169	0.61400391	0.62742228	0.41407099	0.3679925	0.4890722	0.69017624	0.681362	0.48128142	0.35848095	0.64126119	0.3587199	0.52895079	0.81492654	0.58237178	0.72465686	0.32775384	0.57954727	0.4485294	-0.078053133	0.68395242	0.58510612	0.65883186	0.71880922	0.30049897	0.70128197	0.41345219	0.83743859	0.64815148	0.64342576	0.58806271	0.30367477	-0.13173928	0.47550812	0.73079841	0.66564119	0.68431734	0.33968376	0.47899124	0.40651445	0.66842256	0.55860568	0.44419022	0.57545128	0.43262591	0.44176709	0.649706	0.43623128	0.55199806	0.40017136	0.51904226	0.49862928	0.45345755	0.51117818	0.93966317	0.42327857	0.33436925	0.50017211	0.59139917	0.56902224	0.45386921	0.44392384	0.71474153	0.95383582	0.57739122	0.92818667	0.61764563	0.65435907	0.4955858	0.59338789	0.81788219	0.5158287	0.52051925	0.86657041	-0.10219121	0.23876814	0.59533577	0.51805816	0.57914706	0.66158528	0.79495411	0.55796279	0.26954977	0.04487595	0.61741086	0.33561744	0.50892018	0.83117921	0.54485495	0.61026027	0.30453626	0.60283221	0.45300674	-0.013424292	0.6761123	0.46547527	0.55586552	0.65960135	0.39640033	0.37320386	0.48177526	0.7691357	0.66585273	0.49877311	0.64719599	0.25089906	0.21174387	0.55401749	0.80228692	0.50150949	0.53965229	0.19810741	0.44914841	0.36119559	0.58657231	0.70723672	0.55674555	0.66447973	0.73660774	0.60092372	0.34269421	0.19606943	0.037473196	0.60086244	0.1990589	0.29222233	0.54007132	0.75701553	0.53372577	0.037145534	0.38528259	0.074100209	0.52749152	0.46069006	0.22404864	0.4213418	0.68805511
0.3844704	0.84493674	0.59029554	0.44477625	0.41899697	0.48741053	0.52092566	0.55753788	0.45734048	0.47718033	0.62668853	0.44601722	0.31966863	0.35356152	0.46976923	0.53857605	0.39822145	0.47058023	0.90288792	0.67636053	0	0.65263672	0.50380479	0.30052566	0.29148988	0.54570034	0.75262675	0.48350189	0.47589716	0.65117922	0.33014606	0.56132042	0.45623952	0.33703298	0.41015508	0.3936724	0.60532162	0.58481736	0.38449958	0.36361746	0.55331849	0.64717479	0.38457994	0.65072628	0.48495297	0.6204684	0.39300686	0.48283313	0.48578979	0.11387676	0.83636254	0.65541558	0.55543859	0.61390063	0.087942165	0.77251958	0.77842641	0.85224618	0.6538013	0.77420983	0.77334157	0.25151904	-0.091783001	0.51785437	0.52916553	0.60719508	0.47152191	0.42372006	0.62905374	0.43968262	0.47490974	0.46758159	0.32714547	0.40845845	0.2754413	0.8615679	0.54218092	0.34103919	0.42906862	0.33512773	0.51510093	0.46538514	0.44256883	0.52036127	0.60609074	0.41295515	0.2234686	0.45177266	0.56364106	0.50223589	0.37456571	0.44487079	0.86683088	0.68837552	0.9259739	0.64100237	0.63321769	0.52802274	0.34770744	0.5138261	0.71392274	0.47232449	0.46823393	0.68358449	-0.091288134	0.25427359	0.4732458	0.38234265	0.5211048	0.62426517	0.68965709	0.39252638	0.23276313	0.24429121	0.52913086	0.64177773	0.36935752	0.66547893	0.46071156	0.6552824	0.28231909	0.52083767	0.49980562	0.33115189	0.86044246	0.62246279	0.41009281	0.60862726	0.41300859	0.62978836	0.79973118	0.83557408	0.71165034	0.71826588	0.84984273	0.27377448	0.30538576	0.59649354	0.62008487	0.53286756	0.50506133	0.44451433	0.63872022	0.40032349	0.57298984	0.5928257	0.47723766	0.53010681	0.61899884	0.51611076	0.23118104	0.099569751	0.023096867	0.63185707	0.27319823	0.12798241	0.47859215	0.54636341	0.49646099	0.042787552	0.21170926	-0.046024933	0.50965863	0.4653467	0.22048924	0.38038361	0.62223204
0.56301855	0.48101173	0.74381871	0.6291169	0.47780143	0.63466686	0.58309208	0.70764187	0.61754658	0.62751456	0.95343372	0.53733636	0.52501639	0.45426315	0.63434719	0.72374134	0.49185554	0.47329486	0.65483439	0.89988958	0.65263672	0	0.29849798	0.46482865	0.41541066	0.6444762	0.78336537	0.741499	0.66183286	0.81177859	0.32861554	0.62944419	0.69406943	0.48007155	0.449024	0.58496087	0.65233126	0.6882675	0.57698741	0.39006571	0.70105842	0.45490195	0.60307182	0.9472496	0.68157841	0.75242393	0.35365114	0.58032153	0.51179693	-0.12812558	0.73195096	0.61804069	0.67426841	0.70419432	0.30274199	0.58507352	0.44295381	0.77077584	0.66290683	0.64138243	0.63709521	0.33312603	-0.096019644	0.48816767	0.80839398	0.74005923	0.61152679	0.34379227	0.46553375	0.49993044	0.68406473	0.46229289	0.47897269	0.64369516	0.40946922	0.45637831	0.71250473	0.51551801	0.51547797	0.44920268	0.55011049	0.55012535	0.53057661	0.55140993	0.92489191	0.43708112	0.37282548	0.53835801	0.57246051	0.64265991	0.52104906	0.47296292	0.68121412	0.82392409	0.54991149	0.96754036	0.67247285	0.71133643	0.48733976	0.55290052	0.68072719	0.61211423	0.59706517	0.82291076	-0.094485857	0.2695856	0.70500248	0.57645573	0.60406601	0.68363489	0.71126526	0.55247925	0.31341575	0.019562876	0.69120432	0.41929172	0.51271099	0.94660359	0.65680659	0.6789886	0.38205403	0.62380226	0.47828073	-0.064132135	0.70193328	0.45223149	0.53048137	0.61070913	0.32752561	0.28106009	0.4577972	0.65465762	0.60107251	0.41874675	0.64166193	0.25982199	0.32703611	0.53285003	0.88126227	0.55577935	0.51871916	0.16758998	0.39293655	0.45327467	0.58651531	0.66077715	0.58188346	0.73346419	0.65967762	0.61011886	0.34434309	0.18244099	0.087640793	0.67451081	0.27864141	0.24382995	0.58281422	0.66107505	0.58784842	0.0023523795	0.3394338	0.070628527	0.57636812	0.45133615	0.22929607	0.44511863	0.71449029
