0	0.11088752	-0.0044915079	0.033397307	0.6790474	0.14547447	0.14882808	0.15691346	0.40829345	0.24324698	-0.086053865	0.060195699	-0.14228476	-0.11229784	0.56362102	0.21432732	0.058536025	0.051409957	0.033635107	-0.011481457	0.028457398	-0.11685411	-0.057604853	0.157351	0.50052647	0.14181306	0.11066425	-0.08715767	-0.018381042	0.26271438	-0.24723146	-0.19077561	-0.12014651	-0.13425842	-0.15225612	0.010598222	0.32304486	0.13947273	-0.13764517	0.052509331	-0.069379804	0.24408725	-0.016795634	-0.13104718	-0.026110838	0.2147304	0.034532419	0.016908289	-0.057690104	0.31146126	-0.14079156	0.12062268	0.1700226	0.16229244	0.57279856	0.21154473	0.10660312	0.019867415	-0.11792158	0.2193544	-0.19832106	0.19997417	0.2516137	0.14848129	0.018830252	0.2110558	-0.064993769	0.13784022	-0.030646392	-0.22081378	0.081439001	0.33658771	-0.039963672	-0.17001429	0.55791128	0.096928446	-0.048116735	0.030247657	0.42583793	0.091313071	0.22939179	0.1300038	0.43117335	0.1121899	-0.15862329	0.16913789	0.098238458	0.042584783	0.553289	0.17327229	-0.063877154	0.0054423865	0.016421009	-0.17766811	-0.054261451	-0.1088368	-0.16244813	0.13671696	0.47951249	0.095528486	-0.012033509	-0.0031437961	0.039413248	0.16638361	-0.36197324	-0.045534774	-0.12470495	-0.02169512	-0.15142313	-0.21315786	0.22057295	0.36054889	-0.10384721	0.32246953	0.020014029	0.1500497	-0.075083162	-0.062571057	0.03333502	0.1084187	0.18958256	0.11177434	0.020343345	-0.065110124	-0.12297376	0.0094539818	0.46841724	0.15749036	0.30353262	0.092965758	0.10615759	-0.095325727	-0.2371372	-0.023621583	-0.12731737	0.40058026	-0.060159264	0.056496959	0.058403967	0.09792549	-0.036969689	-0.085836554	-0.096462746	-0.35553742	0.44613843	0.25090152	-0.026248028	-0.13975175	0.27490846	0.15924334	0.072746622	0.1230814	-0.1648952	-0.17782138	-0.089654136	-0.14946321	0.10613901	0.29868593	0.23228125	0.21273483	0.12791895	-0.2718527	-0.12574768	-0.18725983	-0.058810431	0.035051508	0.2092152
0.11088752	0	0.13952327	-0.1331919	0.090416754	0.017780754	0.014510118	0.037428172	0.12187043	0.2335926	0.34779152	-0.30121905	-0.16418734	-0.16084161	0.10498305	-0.15412877	0.080543192	-0.1486393	0.74423498	0.58117378	0.87409569	0.40299358	0.16931464	-0.25725808	0.15021627	-0.16099063	0.44756448	-0.040561764	-0.10519241	0.31140428	-0.29628334	-0.019796738	-0.079005025	0.022963094	0.096341683	-0.066735831	0.30561951	0.041639131	-0.22179139	-0.34663209	-0.12026975	0.86068913	0.067504543	0.25572283	-0.14561482	0.12746024	-0.099535097	0.15618217	-0.16488045	0.22609353	0.74577899	0.12464544	0.07887141	0.2718337	-0.059216768	0.70694508	0.96707863	0.77345803	0.45006074	0.55663429	0.56053212	-0.24422598	-0.19331647	-0.018502213	0.10985057	0.18003876	0.0041306048	-0.30125837	0.1399854	-0.14325212	0.12388113	0.24445107	0.015696163	0.0046291906	0.021308908	0.93395254	0.029373961	-0.093295763	0.16032291	-0.10492255	-0.080082346	-0.14592208	0.26232939	0.18077845	0.38496077	-0.075097257	-0.1714868	-0.14581995	0.071939471	-0.10565576	0.003739035	-0.27236858	0.58830787	0.64454503	0.85898728	0.35892345	0.11538415	-0.32285331	0.20746768	-0.079523978	0.48582847	0.013044198	-0.091894396	0.32769648	-0.30959696	-0.014815678	-0.091653882	0.065392666	-0.10475949	-0.19437501	0.29343042	0.23552003	-0.21596768	-0.15496165	-0.052467861	0.88733876	0.076288079	0.35209467	-0.11293073	0.085773986	-0.2368298	0.0066481478	-0.26786176	0.037295922	0.83268097	0.43374573	-0.062540652	0.22903569	-0.11613315	0.58359499	0.92548854	0.75704354	0.33083411	0.24564561	0.52469359	-0.2280136	-0.085795936	0.073136095	0.18247154	-0.04291386	-0.057438234	0.21497416	-0.0059350673	-0.033865144	0.26876354	0.32000404	0.056726288	-0.060940816	0.42279555	0.122091	0.21539982	0.21337711	-0.22323047	-0.11575933	-0.0041669695	0.083115344	-0.22245633	0.38416834	0.15866804	0.32303084	0.053295185	-0.029222487	-0.029301156	-0.13224464	-0.022873921	-0.08291079	0.1811437
-0.0044915079	0.13952327	0	0.48795167	0.088217129	0.25763769	0.53338388	0.59957482	0.14047116	0.52708032	0.57441568	0.19043179	-0.039306989	-0.071615531	0.2406505	0.23083776	0.45639292	0.16325178	0.11530769	0.43410504	0.25435224	0.48850176	0.23394292	-0.25556272	0.11179411	0.26609857	0.40512203	0.41926906	0.55475059	0.54288214	-0.27860134	0.19532405	0.094071997	0.10760069	0.071207949	0.31362693	0.050435281	-0.026994943	0.10229788	-0.30502562	0.53662107	0.16467617	-0.16151886	0.53832964	0.69594022	0.753385	0.14758703	0.36310481	0.34825281	0.11846263	0.11028509	0.1012991	0.20088055	0.36951447	-0.056691827	0.20571868	0.14897404	0.24286637	0.10925793	0.11253554	0.34154105	-0.25953667	-0.4009639	0.20463527	0.61050901	0.34800003	0.22866958	-0.04900592	0.33961719	-0.16899027	0.19506449	-0.012200952	-0.0010169206	0.06352998	-0.23183259	0.078741013	0.91197634	0.46820021	-0.033716691	0.092785465	0.3563196	0.59497783	0.32512428	0.4492994	0.50250686	0.34766297	-0.16975925	-0.095328694	-0.14476849	0.24170314	0.43172245	0.11271353	0.048695627	0.30159925	0.27713654	0.52168933	0.15886281	-0.29559975	-0.00063125082	0.28010562	0.36905139	0.37072637	0.58653845	0.50745384	-0.28048039	0.079973203	0.1434769	0.10317369	-0.074904257	0.28171756	0.098126778	-0.028270416	-0.11591401	-0.23422147	0.65289896	0.089942805	-0.18385198	0.54551905	0.69617849	0.69845866	0.092441854	0.31964722	0.28135971	-0.16782736	0.09813517	-0.04359509	-0.029252304	0.21693034	-0.015637328	0.0027932025	0.02811298	0.16940772	-0.015939797	0.070058145	0.28551485	-0.31969333	-0.15056136	0.13765386	0.56542738	0.22162705	0.21542788	0.047844215	0.27029928	-0.058796331	0.25413554	0.0025993462	0.081212905	0.11150866	0.39341952	0.69007053	0.50164117	0.32947476	0.32887617	0.18772943	0.28402483	-0.11200876	0.39743308	0.44271222	0.6926842	0.46387865	0.44750323	0.25405146	0.26655304	0.079860635	0.12336217	0.34414842	0.48113128
0.033397307	-0.1331919	0.48795167	0	0.20197284	0.34025137	0.58911466	0.63439673	0.22144051	0.37340156	0.20989751	0.31357967	-0.019302134	-0.050121905	0.20694487	0.30298694	0.76803815	0.44877685	-0.1761713	0.08740829	-0.045843882	0.22064479	0.32627394	0.070883319	0.1085953	0.39017644	0.1245885	0.64896032	0.70618962	0.25131835	-0.1190058	0.42975841	0.41745361	0.25147837	0.35089832	0.42235067	-0.011968472	0.024336403	0.12233568	-0.088064093	0.58535025	0.0013416629	-0.083597362	0.26807676	0.79277937	0.41822248	0.21049911	0.51524866	0.59096317	0.046727542	-0.060332634	0.11138123	0.12506495	0.19931592	0.066794572	-0.0030529707	-0.10079482	-0.041814352	-0.07443908	-0.043287595	0.14203911	-0.02164573	-0.12534808	0.2878817	0.2836869	0.35197812	0.41776868	0.21750194	0.28762725	0.12188289	0.15852503	-0.0034696211	-0.030889535	0.35992516	0.0060436882	-0.12687244	0.49716049	0.9085293	-0.088096504	0.30946467	0.54603243	0.64405208	0.30046576	0.36081768	0.16246352	0.6721962	0.032690135	-0.070553487	0.043217564	0.33436664	0.73417615	0.49995555	-0.14794873	-0.026581423	0.0355292	0.22108655	0.1921322	0.022817023	-0.00097730171	0.41117703	0.035056191	0.59574365	0.71778009	0.20564447	-0.13388247	0.27310427	0.52578652	0.27937413	0.19482022	0.54221944	0.018019005	0.069963388	0.041367117	0.04627857	0.70166138	-0.067811559	0.020588601	0.26287695	0.74181352	0.48257731	0.14651789	0.55340301	0.58958863	-0.0078886867	-0.067600778	0.043274076	-0.041440218	0.059563403	0.023483441	-0.086045464	-0.18102431	-0.082947578	-0.069494926	-0.028372692	0.17304518	0.018416282	-0.032912392	0.36545623	0.25627324	0.35793374	0.38929964	0.21831857	0.24276037	0.12988468	0.18442154	0.039913807	0.010314554	0.44658322	0.20112667	0.62494356	0.22442847	0.1884695	0.16234578	0.46273264	0.36481491	-0.25206191	0.35294271	0.23490779	0.53269108	0.2974695	0.40547559	0.18775507	0.52568436	0.21253636	-0.1308572	0.42109873	0.3074376
0.6790474	0.090416754	0.088217129	0.20197284	0	0.31466279	0.092556424	0.18807734	0.6129439	0.35994593	0.039326811	0.010531864	-0.14037409	-0.12664009	0.37946952	0.32351352	0.087790386	-0.0049106719	-0.13339634	0.058760666	-0.055426413	0.16412663	0.055287152	0.042384015	0.47249105	-0.044938465	0.10971558	0.18130468	0.20861556	0.32229961	-0.2029557	-0.010732732	0.026389576	-0.030217746	0.0049906934	-0.0027684209	0.12478441	0.11647077	-0.21789739	0.0112831	0.049883083	0.18464989	0.026372088	0.087059283	0.14661278	0.18601456	0.075982771	0.0017334825	-0.11648876	0.03190912	0.099153745	0.0064277657	0.13854379	0.32485258	0.36221355	0.15770385	0.096832876	0.059486322	-0.12775187	-0.053438531	-0.079090046	0.066417765	0.204732	0.08360407	0.19808289	0.33544129	0.11001659	-0.11819987	0.023306051	-0.10630176	0.2552031	0.23028015	0.0060014278	-0.075182389	0.56401584	0.015750946	0.041769804	0.22365351	0.47279494	0.33304928	0.11708014	0.27036886	0.52883775	0.24681051	-0.0091849551	0.10742289	-0.069276734	-0.17774127	0.31451245	0.19999851	-0.015618937	0.021606627	-0.13483312	-0.054174914	-0.069527227	0.10858531	-0.1300311	-0.015320798	0.24084327	-0.029489105	0.023828801	0.26403727	0.25399874	0.1336266	-0.23039701	0.063835049	0.099304297	0.1327851	-0.054855439	-0.090563356	0.13304268	0.21262308	-0.25973388	0.15362011	0.15365677	0.10667514	-0.068590232	0.1432047	0.22571485	0.059591658	0.064425942	0.050493038	-0.072902735	-0.26011085	0.040514542	-0.012688396	0.14255932	0.196048	-0.12579219	0.040557829	0.035844811	-0.054398329	-0.18694028	-0.2526357	-0.054996007	0.10414387	-0.097674841	0.093577337	0.15324676	0.31857215	0.18468323	-0.039284563	0.049775533	-0.27722228	0.51287092	0.08942384	-0.12359615	-0.010509214	0.13739321	0.19178468	0.11757203	0.074887426	-0.093976499	0.020064443	0.011006793	-0.16546499	0.077944211	0.20118488	0.20824609	0.17170631	0.14413016	-0.12392913	0.067748375	-0.097967354	-0.029033162	0.072864234	0.27744504
0.14547447	0.017780754	0.25763769	0.34025137	0.31466279	0	0.5809122	0.47424761	0.38418082	0.2745763	0.21889806	0.45873671	0.39088848	0.20644973	0.21724674	0.52496449	0.34416864	0.61243397	-0.074296636	-0.0029485775	0.04305193	0.24866933	0.30068419	0.2080984	0.16682686	0.161705	-0.072023444	0.19975665	0.37228471	0.25507797	-0.053005793	0.48972162	0.40576232	0.29323646	0.25733927	0.44022433	0.0029514084	0.15092814	0.48877956	0.15055472	0.44966726	0.052754239	0.16471644	0.32236857	0.32234682	0.28143173	0.7286617	0.39188809	0.47748583	-0.004603193	0.066059375	0.21387902	0.50728151	0.40302177	0.1052499	0.04737842	-0.015382944	-0.050684049	-0.12738737	-0.013885242	0.13984681	0.029867718	-0.0023910173	0.12204537	0.35590948	0.56390879	0.084655477	0.14400323	0.42431287	0.19029164	0.37977535	-0.040066828	0.15093447	0.34435166	-0.032551738	0.046766646	0.25764177	0.22984464	0.10081592	0.83808379	0.59372688	0.47008301	0.29833852	0.24472741	0.11630876	0.45366794	0.17338148	0.19470382	-0.072170781	0.39184984	0.31693043	0.50010374	-0.085793648	-0.050542623	0.031847461	0.19584746	0.015309881	0.17865398	0.034139667	0.098582859	-0.066286232	0.10027981	0.25078147	0.12976491	-0.30816698	0.25856092	0.413287	0.30329385	0.11410973	0.42340331	-0.00087992617	0.045965667	0.24348833	0.17677346	0.41639032	-0.0060897289	0.17830497	0.29342433	0.31267538	0.25154251	0.57839362	0.30131162	0.43812813	-0.15125345	0.040476275	0.096254399	0.34070537	0.033694236	0.0068669455	-0.059631955	-0.046612599	-0.056295953	-0.19011745	-0.1559878	0.075626773	-0.17257749	-0.028306232	0.027933814	0.30053876	0.58480841	0.022538394	0.083385912	-0.027735207	0.045289296	0.33817412	0.0040366082	0.13729551	0.38951538	0.068775754	0.38328284	0.46128712	0.3286691	0.15199457	0.29698786	0.2098843	0.028651977	0.21403314	0.13936078	0.35268224	0.37793869	0.3921242	0.052139663	0.28969375	0.064698545	0.10255717	0.52545738	0.31086098
0.14882808	0.014510118	0.53338388	0.58911466	0.092556424	0.5809122	0	0.89983358	0.31325221	0.49722388	0.18830881	0.56555019	0.099851352	0.093610305	0.48299294	0.50357877	0.7532938	0.65572804	-0.083086179	0.12272989	0.13105094	0.17099612	0.29485622	-0.014735728	0.2285148	0.63597195	0.20650684	0.37129619	0.63095187	0.38647798	-0.38794819	0.47952492	0.4016316	0.33134334	0.2790575	0.6325919	0.23241328	0.11577819	0.30498459	-0.17742928	0.57054823	0.13122061	0.088017548	0.26111887	0.49112779	0.55886309	0.35819888	0.68730392	0.69860178	0.21343239	-0.1336029	0.29460803	0.40086944	0.27368397	0.19902846	0.16282429	-0.022047579	0.026164873	0.0028906017	0.21415854	0.061074604	-0.088389543	-0.26831095	0.39817728	0.34182087	0.63093468	0.40152162	0.38001068	0.45430551	-0.10942368	0.24976528	0.1251601	0.088738084	0.32405387	-0.049537071	0.094006204	0.49573097	0.40901407	-0.14298869	0.36426021	0.87859044	0.73089569	0.44826352	0.3909126	0.1209039	0.74365188	-0.034445425	0.027597225	0.18256464	0.39151808	0.69333442	0.46355609	-0.073319285	-0.041480544	0.16299875	0.20927943	0.088718824	-0.10230258	0.17888111	0.59011986	0.10316018	0.29294368	0.51838937	0.28464381	-0.43036398	0.14683915	0.35644278	0.28135047	0.058968436	0.50671285	0.29432809	0.18249822	-0.034589359	-0.016189392	0.70880683	0.042075404	0.065557602	0.28707528	0.481315	0.5555966	0.30679292	0.70216016	0.55515032	-0.18879291	-0.082914561	0.035646383	0.28038744	0.0015323797	0.27858559	0.044567043	-0.059722438	-0.057958866	-0.13328146	0.090918057	0.054558657	-0.071181827	-0.24419981	0.168147	0.29768516	0.41234306	0.29433515	0.14872545	0.24048962	-0.034491633	0.3463798	0.14161517	0.17388491	0.35486279	0.44418139	0.82744897	0.56706867	0.46075394	0.28901917	0.26560365	0.32922997	-0.19105518	0.34801526	0.51266325	0.74459997	0.57810889	0.51676898	0.1390389	0.36423351	0.059212009	0.10276764	0.6403297	0.57901049
0.15691346	0.037428172	0.59957482	0.63439673	0.18807734	0.47424761	0.89983358	0	0.32984299	0.56981708	0.23085569	0.49949647	0.036877685	0.050918759	0.51554128	0.52704273	0.7690109	0.51050597	-0.041489023	0.22704337	0.18208235	0.28216867	0.37513631	-0.037807831	0.28216759	0.70117278	0.35674808	0.46694842	0.70725181	0.47121695	-0.42133549	0.49543439	0.38879426	0.33628054	0.27846295	0.662153	0.24169344	0.13267148	0.19576909	-0.25753152	0.60400954	0.13914769	0.08769578	0.33481379	0.56291819	0.65610957	0.27526736	0.7090463	0.62564511	0.18153194	-0.03816534	0.21835321	0.38467799	0.341083	0.22027512	0.16555861	0.033816456	0.11845651	0.086875674	0.19836833	0.17473309	-0.10939633	-0.28765783	0.35814822	0.42621032	0.57789125	0.52929402	0.31047609	0.51535952	-0.082047667	0.27357029	0.19738045	0.1056988	0.27662753	0.052284732	0.08889294	0.521429	0.5085501	-0.052389455	0.29382619	0.79677845	0.85951261	0.50379815	0.52639746	0.16598917	0.75566633	-0.044987834	-0.00583446	0.22708383	0.46562934	0.73069193	0.40138286	-0.030615009	0.069231606	0.23444811	0.30936895	0.12698161	-0.09156384	0.20295793	0.66776468	0.23353132	0.42561168	0.63059771	0.37952908	-0.39773244	0.15209436	0.38845254	0.33340488	0.0098829175	0.56692579	0.32785942	0.22503499	-0.096044639	-0.036916532	0.77366444	0.06173828	0.077809549	0.35855272	0.54567245	0.68390431	0.23354173	0.7483664	0.53724952	-0.17575729	-0.0042949035	0.042562501	0.27651245	0.13625629	0.29915908	0.091330753	-0.029982243	0.056345067	-0.056224724	0.13962572	0.16034366	-0.029236755	-0.25827436	0.2026996	0.37324067	0.32515083	0.44696393	0.23945972	0.38181889	-0.0057360026	0.40046351	0.16892628	0.17902415	0.35823516	0.51551082	0.86894124	0.59242543	0.39386612	0.24424962	0.3251149	0.32994343	-0.26376219	0.41977082	0.58134826	0.7737565	0.57396886	0.53600383	0.16700082	0.40806745	0.080376566	0.092416832	0.61579263	0.70126784
0.40829345	0.12187043	0.14047116	0.22144051	0.6129439	0.38418082	0.31325221	0.32984299	0	0.61854226	-0.039976676	0.081853657	-0.020017733	0.022653536	0.34503071	0.42682546	0.29650661	0.20751307	-0.017759737	-0.060685758	0.1178477	0.089273718	0.23437415	0.063188349	0.60708216	-0.027573452	0.00064527436	0.043824927	0.17901324	0.55310299	-0.18678688	0.29129683	0.24414179	0.29837941	0.37812324	0.18698305	0.19280662	0.38400361	-0.12123398	0.113728	-0.027972313	0.30158136	0.13928012	0.14303064	0.095649112	0.23992669	0.099283184	0.27939475	-0.0087996474	0.15827632	0.027651764	0.11024273	0.23619115	0.35234046	0.47098577	0.12207221	0.11370671	-0.020359335	-0.13299984	0.05632056	0.0012338254	0.16678181	-0.058387531	-0.004839278	0.31327374	0.60013174	-0.023922141	-0.076410201	0.13056648	0.15481721	0.68103917	0.29756851	0.34064501	0.18583301	0.43643086	0.0893233	0.039447687	0.23047171	0.27723197	0.37809035	0.36739671	0.25962516	0.82089083	0.54239751	-0.092593402	0.21942278	-0.028571553	-0.12414319	0.37218609	0.29266507	0.20452128	0.15792868	0.027843719	-0.14920738	0.057399056	0.031695804	-0.0011831973	-0.026205382	0.41149344	0.044947052	-0.05546604	0.04713435	0.12441211	0.35534682	-0.11925514	0.34779206	0.2607863	0.3907723	0.2158325	0.11720088	0.20875534	0.43484875	-0.091720266	0.10342592	0.087625028	0.21435443	0.1698749	0.19121037	0.12342227	0.034970615	0.086658462	0.22184657	0.037603031	-0.21443451	0.0013623094	0.15266406	0.10105312	0.17784306	-0.029819578	0.056100118	0.060026547	-0.057774527	-0.24418644	-0.110414	0.00075929365	0.15347753	-0.24000199	0.15969856	0.21383228	0.57583375	0.005216724	-0.019798753	-0.15122288	0.058885924	0.80085675	0.17463149	0.17035942	0.21296689	0.21793669	0.34644893	0.25421677	0.11944622	-0.11369108	0.20552351	0.4069411	-0.017595567	0.17746302	0.25886265	0.35417401	0.31979098	0.168826	0.091058223	0.34149951	0.069456446	0.12345006	0.27354765	0.45380338
0.24324698	0.2335926	0.52708032	0.37340156	0.35994593	0.2745763	0.49722388	0.56981708	0.61854226	0	0.51990336	0.12426157	-0.13470581	-0.11478495	0.46947297	0.33463196	0.51037127	0.2004678	0.17107216	0.47266279	0.377829	0.54998338	0.28758702	-0.248317	0.51739698	0.28017889	0.4668805	0.2987848	0.41481098	0.81353927	-0.46998109	0.32841408	0.15721071	0.24874923	0.21093183	0.35522822	0.28980336	0.24092361	-0.11208876	-0.21521698	0.28687282	0.33404705	0.086127118	0.60736408	0.35736745	0.69253049	0.019138204	0.4389019	0.20570208	0.1677583	0.1161942	0.21168784	0.25727887	0.60097748	0.28536184	0.33277572	0.2590261	0.33731597	0.21095338	0.21468671	0.42628489	-0.16705205	-0.24626799	0.21860745	0.72468993	0.62582338	0.2511283	-0.084629891	0.32184206	-0.12449135	0.50886165	0.30705296	0.23914363	0.16764006	0.1162606	0.20187205	0.43424303	0.32215098	0.25627043	0.14486721	0.36572348	0.47136427	0.75667456	0.78199718	0.49014175	0.31372692	-0.21842888	-0.23642798	0.28960589	0.20803121	0.34618982	0.08442806	0.20871122	0.34853209	0.40919567	0.57558457	0.22789519	-0.30205854	0.3424263	0.33225678	0.43310369	0.25582451	0.37785433	0.72491559	-0.40533978	0.042217879	0.13061767	0.27817916	0.0018119283	0.16816629	0.38794374	0.36996671	-0.23095148	-0.10625383	0.43969882	0.25206058	0.11145148	0.64905543	0.37808858	0.50691704	-0.0075695652	0.30252192	0.075797638	-0.25628482	0.20855333	0.19077364	0.075156026	0.43519064	0.063284254	0.22158343	0.1728671	0.27349115	0.025702407	0.14907276	0.39717728	-0.083067293	-0.38192689	0.27377716	0.64808919	0.45895865	0.19013622	0.12142904	0.13263176	-0.094678534	0.68263275	0.23920667	0.21383068	0.15359325	0.56675122	0.64593939	0.4558905	0.28106613	0.065106564	0.17838658	0.32479404	-0.099072507	0.27301651	0.56627065	0.62393136	0.49082529	0.40447722	0.18675422	0.25472201	0.012243365	0.14396628	0.34948473	0.65888307
-0.086053865	0.34779152	0.57441568	0.20989751	0.039326811	0.21889806	0.18830881	0.23085569	-0.039976676	0.51990336	0	-0.052151371	-0.098694088	-0.18889269	0.022941616	-0.035636672	0.21806362	0.01504236	0.3730822	0.77232116	0.45323541	0.89828949	0.23352696	-0.35731199	0.020148554	-0.021543364	0.41172845	0.37568634	0.3168434	0.48990849	-0.28013107	0.16325231	-0.034874153	-0.0022292573	-0.095183362	0.11811529	0.047066098	-0.085077184	-0.0011942243	-0.33133037	0.35901097	0.24209282	-0.14196139	0.90412153	0.43949905	0.54431716	0.10932055	0.1070552	0.12484326	-0.10186074	0.34699539	0.039610677	0.083738758	0.43363222	-0.20962132	0.27994678	0.37622873	0.48805264	0.42561119	0.095626848	0.71360278	-0.44839269	-0.24825488	0.095300206	0.77914151	0.2461458	0.17602373	-0.31987858	0.23254332	-0.19949052	0.1049126	-0.019026009	-0.027188355	0.030549345	-0.27604784	0.2818242	0.57442716	0.20134256	0.085971534	0.079853728	0.017916433	0.29149714	0.17746723	0.44187402	0.95455747	0.010086991	-0.21257867	-0.13949892	-0.25340623	-0.026589661	0.076665777	-0.043820288	0.33465735	0.71035056	0.54136106	0.91845908	0.19375944	-0.37598397	-0.075116611	0.026118205	0.51733484	0.2882347	0.34935319	0.5459686	-0.35166064	-0.11028985	-0.027672599	0.0013305252	-0.22197744	0.048402743	0.11006393	-0.061472759	-0.13540593	-0.22135153	0.42276262	0.22516823	-0.082430292	0.8854474	0.46311054	0.50218057	-0.0014251284	-0.039092471	-0.010477063	-0.1371671	0.45454022	0.11665042	-0.11031495	0.34146224	-0.19563256	0.13960219	0.31546225	0.46546988	0.33956726	0.14578187	0.62286807	-0.41660901	-0.20140585	0.14109671	0.79799519	0.2141294	0.12729809	0.098770112	0.16116669	-0.11051123	0.1469264	0.068418383	0.10467633	0.013593053	0.35458469	0.32622513	0.29522809	0.1763209	0.22749053	0.033205448	-0.031756607	0.072564384	-0.034454196	0.31428478	0.34049824	0.24118231	0.28615498	0.12099501	0.070285722	-0.060925897	0.10110127	0.1639154	0.25089927
0.060195699	-0.30121905	0.19043179	0.31357967	0.010531864	0.45873671	0.56555019	0.49949647	0.081853657	0.12426157	-0.052151371	0	0.67997163	0.72196242	0.35868613	0.78787481	0.35745675	0.5609818	-0.3186088	-0.19864936	-0.21753421	-0.058321703	0.077375023	0.51623683	0.14555358	0.42203076	-0.12032446	0.15903265	0.52690893	0.033593212	0.081834679	0.28325989	0.42184473	0.46352279	0.29845879	0.68011079	0.1604885	0.36999553	0.69562874	0.4380865	0.50127413	-0.20579081	0.43564266	0.037598848	0.36995011	0.071702858	0.46939999	0.41151768	0.52668113	0.16816882	-0.32985092	0.53284666	0.54622084	0.011833113	0.19773487	-0.17631033	-0.36306857	-0.29142982	-0.14460966	0.02546044	-0.18962181	0.41411712	0.031625875	0.37175784	0.048326865	0.10723491	0.14121252	0.65826503	0.56124418	0.28286204	0.26226267	0.10370304	0.42390477	0.3658687	-0.10634662	-0.20362129	0.21088007	0.14781283	-0.38518592	0.308619	0.55098746	0.53987471	-0.036170153	0.008059199	-0.13856458	0.60345262	0.3261809	0.40925708	0.086051359	0.454433	0.32509194	0.41949385	-0.27010183	-0.30015478	-0.21593192	-0.10087956	-0.022449838	0.31020985	0.016641936	0.30305917	-0.172515	0.086141352	0.34500033	-0.11433255	-0.098819568	0.084458929	0.39614776	0.34476649	0.042242466	0.44722753	0.13270296	0.10562753	0.28290712	0.28743403	0.51230063	-0.27205308	0.19696677	-0.049147722	0.35129	0.14553911	0.54069836	0.33641162	0.46987639	-0.23144522	-0.36297637	-0.01429816	0.34601226	-0.24952793	0.23991632	-0.17741917	-0.32818508	-0.36394066	-0.1706986	-0.028239978	-0.27520163	0.11735799	-0.080182333	0.083552189	-0.023438049	0.12640067	0.12429295	0.052344202	0.089277366	0.20175537	0.0068918221	0.053038038	0.28444006	0.42019399	0.091667208	0.44367917	0.36068553	0.23685769	0.27011076	0.26300695	0.2235705	-0.27301186	0.24864879	0.22808064	0.37382907	0.28143839	0.38171133	0.15755997	0.20348089	0.025970367	-0.11905761	0.44541038	0.25746742
-0.14228476	-0.16418734	-0.039306989	-0.019302134	-0.14037409	0.39088848	0.099851352	0.036877685	-0.020017733	-0.13470581	-0.098694088	0.67997163	0	0.86572081	0.11537655	0.63893473	0.0053047606	0.35563899	-0.091745215	-0.22376216	-0.093506745	-0.10875817	-0.059489658	0.66218239	0.093693716	0.047442307	-0.17329457	-0.10635416	0.095853757	-0.027499243	0.39166897	0.1528396	0.36009302	0.49063451	0.35386274	0.47342236	0.06385867	0.46789863	0.83187776	0.66198445	0.25702975	-0.13456868	0.44587429	-0.044569297	0.093104366	-0.17643586	0.54766016	0.18846403	0.1309526	0.047041501	-0.13913988	0.50719924	0.64373285	0.019082718	0.17864434	-0.12230797	-0.21458662	-0.19957018	-0.076569097	0.040287128	-0.054153033	0.58999467	0.062206575	0.04442513	-0.045544076	-0.14881876	-0.13638882	0.40201874	0.56032164	0.57187651	0.38170557	0.063225456	0.59058833	0.43488224	-0.19119044	-0.075278076	-0.0053430059	-0.009063513	-0.36945255	0.27726445	0.14681493	0.10425781	-0.25651411	-0.10479649	-0.1633177	0.2206469	0.60015095	0.6229593	-0.062686501	0.39165853	0.045461435	0.25897747	-0.059864576	-0.16899222	-0.14102202	-0.16542942	-0.13984027	0.50030408	-0.0038869423	-0.032414938	-0.12605376	-0.098452804	0.015391409	-0.15822165	0.15612	0.1361791	0.37454731	0.33460434	0.09525164	0.37532833	0.0061021652	0.093048155	0.56814528	0.35009154	0.12222523	-0.1246941	0.38396083	-0.14642607	0.081601398	-0.17697778	0.55868996	-0.00446494	0.2193096	-0.083990882	-0.18271568	0.16986406	0.27978885	-0.22504116	0.12779092	-0.063498896	-0.14728601	-0.1766033	-0.035135534	-0.010323649	-0.17010408	0.079895688	0.10356441	-0.016803607	-0.11150298	-0.0055574163	-0.069856451	0.089844381	-0.08924314	0.43507479	-0.038585534	0.074638623	0.4043353	0.4638833	-0.11436734	-0.022365691	0.15979648	-0.026118629	0.04837749	0.086218743	0.19067633	-0.047293189	0.070201221	-0.013284335	-0.063352564	0.089826028	0.10023671	-0.0051681456	0.027996764	0.11938442	-0.18612221	0.098608302	-0.082052418
-0.11229784	-0.16084161	-0.071615531	-0.050121905	-0.12664009	0.20644973	0.093610305	0.050918759	0.022653536	-0.11478495	-0.18889269	0.72196242	0.86572081	0	0.18525861	0.68090107	0.018527356	0.28927701	-0.090369975	-0.26650157	-0.084630627	-0.12997008	-0.037286899	0.7400374	0.18212655	0.019080668	-0.20201195	-0.21365053	0.060389717	-0.087571337	0.2931035	0.12999208	0.407587	0.6008303	0.46889449	0.5420339	0.22788761	0.58528593	0.6844546	0.64445831	0.18962216	-0.13773169	0.6180208	-0.10658637	0.039127671	-0.21728908	0.30478515	0.25752113	0.00026751375	0.13828739	-0.14885508	0.58537409	0.54804025	-0.16375693	0.2231422	-0.16832249	-0.20679602	-0.21471298	-0.079525411	0.093406284	-0.097399817	0.66256701	0.049749799	0.19088986	-0.11795338	-0.21433504	-0.20432754	0.43620637	0.46897842	0.52031698	0.33194989	0.23480456	0.68896473	0.42069336	-0.090851586	-0.083104608	-0.06769442	-0.057353702	-0.49055392	0.11696518	0.12172012	0.06736697	-0.19957973	-0.078940976	-0.25658795	0.21178912	0.5527528	0.60833723	0.047806629	0.36461058	0.021829517	0.16022603	-0.049218711	-0.22874897	-0.1409432	-0.20364228	-0.14459093	0.4910566	0.073791996	-0.037953013	-0.177344	-0.18483355	-0.022676285	-0.20221663	0.16488511	0.15317195	0.3292172	0.45103952	0.11961739	0.27438064	0.11368031	0.22079842	0.47264706	0.3166558	0.064314144	-0.13412073	0.47531575	-0.19544613	0.047263332	-0.16495908	0.40720917	0.030783297	0.13419229	-0.064915367	-0.20978888	0.14823638	0.20512665	-0.2979125	0.16232255	-0.06391225	-0.14477169	-0.18271462	-0.049184893	0.046289128	-0.18440533	0.21897925	-0.018691096	0.074954046	-0.1841977	-0.096658724	-0.14171565	-0.021982851	-0.18839873	0.42633308	-0.048802275	0.15561305	0.48181976	0.43437776	-0.026731461	-0.0075726	0.12454045	-0.055355035	-0.051279911	0.063469361	0.22452473	-0.13741171	0.086975671	0.075562831	-0.013300221	0.115438	0.034261148	0.064220547	0.038207631	0.13363932	-0.19121961	0.091230108	-0.015570946
0.56362102	0.10498305	0.2406505	0.20694487	0.37946952	0.21724674	0.48299294	0.51554128	0.34503071	0.46947297	0.022941616	0.35868613	0.11537655	0.18525861	0	0.53197361	0.44422373	0.32336125	0.19827165	0.19928376	0.26027729	0.016272136	0.036450761	0.19001161	0.78161427	0.58640778	0.45031945	-0.018152134	0.15419849	0.6097725	-0.47410276	0.18881176	0.10448024	0.29055777	0.10662806	0.527014	0.71057162	0.44698746	0.18120811	-0.025344394	0.22946	0.16288339	0.18271917	0.0020197846	0.096032455	0.55144893	0.19136948	0.47238259	0.13233909	0.38669711	-0.15046656	0.60008734	0.59596958	0.46932589	0.70548944	0.44356212	0.12947581	0.23542341	0.19398433	0.55272077	0.047159911	0.21939475	-0.11964686	0.43958933	0.23303114	0.25689061	0.18678104	0.46304654	0.44748257	-0.15005991	0.35779172	0.66492939	0.34781875	0.11909672	0.31097309	0.2118886	0.17082937	0.15312212	0.19952506	0.0524988	0.44105127	0.32517306	0.53422652	0.41060949	-0.044296396	0.45152236	0.21513332	0.28069822	0.74188404	0.48925613	0.27625301	0.14656417	0.29060085	0.025005092	0.20640225	0.072364447	-0.17313734	0.1540759	0.73954447	0.52636038	0.32026293	0.073048886	0.18727732	0.51857709	-0.44607568	-0.060685059	0.0032564894	0.24776248	-0.22103498	0.12611299	0.63088834	0.64039778	0.056659701	0.2225936	0.32975026	0.11723847	0.34454153	0.060116381	0.15727232	0.41381676	0.3313601	0.39918534	0.17113817	-0.1082486	-0.094427692	0.29427636	0.65796314	0.40966597	0.64276514	0.33047176	0.16102693	0.13516926	0.032446293	0.40525854	0.084282461	0.30924827	-0.28811404	0.27811163	0.26531482	0.022053029	0.1132608	0.1668989	0.070081611	-0.093602595	0.57990276	0.62025089	0.45616527	0.09336838	0.68638645	0.49476758	0.48504536	0.21814297	-0.20091367	-0.20002722	0.25107067	-0.1853061	0.25456231	0.72081644	0.39038349	0.61397888	0.29465016	-0.19639968	-0.058539522	0.11157062	0.032467863	0.1639783	0.52867828
0.21432732	-0.15412877	0.23083776	0.30298694	0.32351352	0.52496449	0.50357877	0.52704273	0.42682546	0.33463196	-0.035636672	0.78787481	0.63893473	0.68090107	0.53197361	0	0.41885379	0.44595152	-0.14260949	-0.12420896	-0.043869854	0.053661729	0.12600908	0.53229955	0.5303433	0.38646749	0.015298538	0.10650682	0.42809352	0.34389578	0.017445068	0.30966294	0.46904641	0.61115321	0.45404087	0.69138832	0.31795512	0.64675413	0.58480388	0.38162433	0.39675906	-0.051941803	0.55256329	0.096489763	0.32492225	0.2005206	0.40841555	0.45515646	0.22452832	0.24177983	-0.20572758	0.52347068	0.737338	0.28762658	0.42380948	-0.038874758	-0.18299475	-0.16744192	-0.049861373	0.099460572	-0.067820251	0.46666611	-0.028867349	0.29899257	0.18204292	0.18042046	0.14935949	0.40750745	0.69126784	0.40631193	0.61572264	0.39831229	0.67391824	0.39138102	0.17115414	-0.047309394	0.20966531	0.21585063	-0.21809872	0.39558772	0.50421193	0.52287876	0.2909538	0.27152046	-0.12706687	0.50707522	0.3738159	0.34577203	0.29828672	0.69099912	0.3406647	0.31412011	-0.056270594	-0.22152637	-0.059532726	-0.015387214	-0.063772439	0.38647244	0.29708561	0.30288164	-0.052680387	0.12485671	0.34075761	0.12396785	-0.11541134	0.19991897	0.3940112	0.49558299	0.039471097	0.36968985	0.35581423	0.39652331	0.20212816	0.31671264	0.44686304	-0.096969214	0.44409176	0.041763575	0.3473692	0.14835101	0.42548297	0.30393265	0.28172642	-0.25045627	-0.22494519	0.10572879	0.36969653	-0.024092063	0.21181318	-0.049592153	-0.15275308	-0.21930717	-0.11308774	0.07716517	-0.15977108	0.21926405	-0.10958928	0.1616459	0.083917711	0.20286278	0.17299475	0.11124231	0.073486372	0.27165352	0.38207967	0.28209714	0.44275915	0.41394501	0.28116819	0.46478369	0.43952894	0.13626459	0.034892323	0.16698178	0.31495685	-0.32713406	0.22591832	0.41768879	0.42314318	0.41064746	0.36686604	0.06627544	0.22773836	0.087905483	-0.14633011	0.39123981	0.41273779
0.058536025	0.080543192	0.45639292	0.76803815	0.087790386	0.34416864	0.7532938	0.7690109	0.29650661	0.51037127	0.21806362	0.35745675	0.0053047606	0.018527356	0.44422373	0.41885379	0	0.61735435	0.041319902	0.25202384	0.24814813	0.22737438	0.34143871	0.048735393	0.34556648	0.64433925	0.36002592	0.53568754	0.63148417	0.43616066	-0.31008602	0.51797524	0.48100402	0.41659863	0.42690228	0.58253482	0.31835185	0.24018481	0.10801468	-0.18516022	0.5075749	0.180646	0.11194582	0.27760013	0.57265173	0.50723207	0.21164252	0.73925305	0.58742867	0.14876437	-0.032805853	0.28634245	0.33219717	0.34735576	0.27197048	0.28238029	0.093093454	0.20178698	0.21960406	0.29732264	0.23503245	-0.001733737	-0.32646066	0.35615827	0.30315054	0.44561921	0.56721069	0.30685059	0.48916916	0.036999117	0.33374379	0.33308165	0.19173567	0.43928187	0.059385453	0.17842745	0.43070266	0.67445739	-0.16391435	0.22874668	0.68073793	0.64192314	0.45682367	0.47341161	0.16090383	0.71301953	0.032649162	-0.066666761	0.33523321	0.42286328	0.86857011	0.52465876	0.072302566	0.11364664	0.3198129	0.24607311	0.04660274	-0.043045814	0.27167212	0.69296531	0.26579049	0.51753177	0.60233182	0.37071643	-0.31810891	0.23018745	0.45855823	0.37007568	0.10496291	0.51617688	0.42819629	0.31445188	-0.067661675	0.030706169	0.69986349	0.12709626	0.24322492	0.28683222	0.55206918	0.49514117	0.094387892	0.72005617	0.59036384	0.0051926682	0.024959226	0.26840796	0.1331575	0.16067001	0.27001355	0.27554761	0.05128135	0.10394706	0.14278608	0.26228756	0.26069013	0.1288297	-0.24895046	0.41203381	0.2708489	0.29321981	0.48134443	0.46370891	0.34214085	0.12241715	0.37730186	0.33900741	0.20859136	0.45843746	0.5527091	0.77896936	0.45303071	0.38631546	0.12204541	0.33796328	0.39842944	-0.22701125	0.351943	0.57037357	0.64943284	0.5464235	0.50955424	0.084458779	0.41812473	0.099431372	-0.080710703	0.54748456	0.52483335
0.051409957	-0.1486393	0.16325178	0.44877685	-0.0049106719	0.61243397	0.65572804	0.51050597	0.20751307	0.2004678	0.01504236	0.5609818	0.35563899	0.28927701	0.32336125	0.44595152	0.61735435	0	-0.18894788	-0.15234548	-0.061809867	-0.021899991	0.24743881	0.32858146	0.16422957	0.46994183	-0.085138525	0.2052263	0.38670316	0.12974533	0.0039008238	0.4618012	0.51948622	0.37839869	0.33397623	0.57104289	0.14377828	0.20381782	0.46124622	0.23742527	0.46976453	-0.0037358101	0.19246492	0.11894843	0.28863923	0.23092492	0.58771322	0.53270518	0.67881006	-0.01999134	-0.16890107	0.43948581	0.39765095	0.16712873	0.33015284	0.073409905	-0.19488233	-0.14379307	-0.097593886	0.137868	-0.036369395	0.24723265	-0.11574925	0.23675353	0.15424752	0.41579186	0.22388856	0.47670882	0.4224887	0.16429597	0.25333391	0.086561854	0.19325701	0.49213854	-0.026392382	-0.059369182	0.19481386	0.32765149	-0.21881393	0.46309842	0.69574089	0.47626367	0.19846241	0.12247795	-0.059316129	0.63742435	0.23078683	0.22852239	0.17746485	0.33475043	0.56835974	0.76689772	-0.17738933	-0.23237799	-0.05547098	-0.038656243	-0.012255218	0.22657949	0.15114721	0.4304527	-0.10535007	0.16639289	0.31363182	0.067922965	-0.24704121	0.22090411	0.5062238	0.33038469	0.24065895	0.52935182	0.13899097	0.10896255	0.32068716	0.27924337	0.4704791	-0.090568295	0.19438516	0.064286126	0.29841907	0.25163636	0.53657468	0.53800823	0.64524226	0.015901861	-0.20118075	0.25215631	0.30158725	-0.10103953	0.30595125	0.091051836	-0.20079516	-0.18597601	-0.16013604	0.0028640959	-0.071564017	0.16376569	-0.097469204	0.21033527	0.10164331	0.40690408	0.16422175	0.27516839	0.047247346	0.12651912	0.24813657	0.1203621	0.18983616	0.50418311	0.12283488	0.45803802	0.32764026	0.30337132	0.21137477	0.27936714	0.28142993	-0.10629487	0.23533223	0.15207555	0.38685072	0.36999299	0.42035503	0.18246948	0.26437345	0.15478616	-0.0094121288	0.52350799	0.23091649
0.033635107	0.74423498	0.11530769	-0.1761713	-0.13339634	-0.074296636	-0.083086179	-0.041489023	-0.017759737	0.17107216	0.3730822	-0.3186088	-0.091745215	-0.090369975	0.19827165	-0.14260949	0.041319902	-0.18894788	0	0.5586169	0.88191384	0.36568214	0.10433463	-0.19550069	0.31739106	-0.10196181	0.45036736	-0.18545812	-0.25458301	0.44552158	-0.23812891	0.076261418	-0.10825681	0.15329475	0.072730866	0.078988146	0.46332776	0.29389861	-0.048743801	-0.36334264	-0.18524234	0.54844696	0.0098426923	0.25620361	-0.19259432	0.23437571	-0.021323665	0.17422111	-0.31106586	0.28207231	0.44709477	0.15831823	0.24298417	0.31161564	0.011508147	0.57723494	0.79429008	0.64129878	0.66641783	0.6267829	0.59893784	-0.22059159	-0.32134328	-0.0957282	0.19253162	-0.0053366026	-0.082259957	-0.23280901	0.24247408	-0.014662175	0.24461826	0.40498801	0.25084321	0.014686383	-0.021862895	0.79208211	0.00076514492	-0.094138636	0.07787969	-0.17199407	-0.15052837	-0.25234166	0.22870334	0.27421798	0.36708963	-0.099303667	0.075115369	0.16441762	0.16581052	0.087758128	-0.05697939	-0.30692327	0.92556239	0.56531796	0.81186229	0.34390745	0.016190879	-0.10226902	0.46744989	-0.0040310512	0.49043739	-0.14109517	-0.18146267	0.57562171	-0.21387304	0.0076655299	-0.1775989	0.20150704	-0.12292337	-0.090020217	0.40656241	0.49646963	0.047117941	-0.14838487	-0.16250794	0.59612708	0.32943271	0.30132665	-0.17548142	0.16869985	-0.12779883	-0.040845747	-0.26973772	0.25789284	0.59477885	0.47186032	0.13212547	0.42618642	0.17637506	0.48183549	0.82914949	0.71327091	0.53103681	0.65393654	0.55924805	-0.10848649	-0.17192227	0.062548799	0.31626524	-0.16089455	-0.1759119	0.1997553	-0.1029869	0.19250531	0.30412668	0.60782004	0.49566742	-0.061592841	0.53726966	0.024796235	0.25212544	0.048780958	-0.34064605	-0.31164641	0.059391546	0.17719325	-0.26247173	0.45152759	-0.0021101954	0.29894846	-0.060958175	-0.19819056	-0.1302047	0.068253509	0.050558745	-0.22389884	0.16177598
-0.011481457	0.58117378	0.43410504	0.08740829	0.058760666	-0.0029485775	0.12272989	0.22704337	-0.060685758	0.47266279	0.77232116	-0.19864936	-0.22376216	-0.26650157	0.19928376	-0.12420896	0.25202384	-0.15234548	0.5586169	0	0.64553479	0.72316368	0.065186267	-0.49600282	0.16747622	0.11838896	0.7964949	0.287871	0.23121441	0.52436294	-0.51750337	0.057314277	-0.25521839	-0.10749094	-0.20376366	0.0036649818	0.31237675	-0.084245986	-0.19040283	-0.54977814	0.1220321	0.40290284	-0.14039432	0.58699683	0.212147	0.49578395	-0.11316451	0.11035319	-0.029880585	0.018160653	0.43799654	0.0053341661	0.12707688	0.43413466	-0.15678234	0.61364365	0.62838652	0.84541081	0.71712382	0.46335673	0.68230224	-0.51456628	-0.31444685	0.077049684	0.50602173	0.14714439	0.34622821	-0.24876695	0.2328515	-0.37628943	0.042471271	0.24369619	-0.075306518	-0.15136236	-0.17702195	0.56264115	0.37780733	0.13123578	0.14356696	-0.15640157	-0.048769547	0.15639031	0.22951886	0.43640816	0.78709829	-0.050984466	-0.2549863	-0.15367918	-0.01013933	-0.0407633	0.099846418	-0.24080521	0.53618477	0.92362851	0.74660889	0.78827532	0.046345465	-0.44537266	0.1217786	0.23278123	0.82822666	0.3108385	0.27447365	0.58414527	-0.39311496	-0.22908119	-0.23715398	-0.1058172	-0.41822338	-0.11258087	0.43928592	0.10883004	-0.324705	-0.31081637	0.2862154	0.43867803	0.014466109	0.64471516	0.23932334	0.44317448	-0.22428928	-0.0077816759	-0.16198441	-0.11660861	0.60320162	0.19362347	-0.00028720693	0.42928832	0.011829566	0.53542934	0.61185482	0.75429887	0.62447853	0.4083253	0.63866972	-0.35609223	-0.29957626	0.15454933	0.58426446	-0.096662006	0.27103786	0.32924253	0.34920625	-0.23908434	0.18879764	0.33372662	0.12083313	-0.1686418	0.61106229	0.33021313	0.3260856	0.22377924	0.060516015	-0.20717523	-0.073566446	0.02761848	-0.056182423	0.57541928	0.26038916	0.32348437	0.15140849	-0.061309115	-0.17720534	-0.14761003	0.033424106	-0.032271578	0.3266272
0.028457398	0.87409569	0.25435224	-0.045843882	-0.055426413	0.04305193	0.13105094	0.18208235	0.1178477	0.377829	0.45323541	-0.21753421	-0.093506745	-0.084630627	0.26027729	-0.043869854	0.24814813	-0.061809867	0.88191384	0.64553479	0	0.46706629	0.27872901	-0.21720684	0.30179645	0.014557775	0.5640501	0.011233714	-0.038067513	0.50405178	-0.34181132	0.19514067	-0.018070409	0.17466693	0.18566206	0.14974062	0.45973706	0.20921925	-0.10647731	-0.37946286	-0.024442331	0.70114015	0.084885564	0.37124824	-0.049090902	0.328355	-0.01312742	0.32081369	-0.14063481	0.3109539	0.59304975	0.24046611	0.25037826	0.41504826	0.025590185	0.7199	0.88495191	0.76984306	0.61676517	0.67723254	0.72815752	-0.22295417	-0.34755647	0.057120427	0.28841965	0.16968095	0.094722789	-0.19953752	0.33199615	-0.074774949	0.26976176	0.39041714	0.19972518	0.10437419	-0.03971581	0.89512921	0.15554582	0.0053488319	0.087875169	-0.11453903	0.0027373907	-0.040785977	0.33805994	0.40642304	0.44884002	0.033742013	-0.04414113	-0.010053974	0.17922992	0.080254827	0.13365392	-0.22448525	0.7746695	0.66942434	0.95166863	0.45943027	0.076355719	-0.23831773	0.38267994	0.11447037	0.60778648	0.049814071	-0.005882721	0.57005909	-0.3398116	0.040153734	-0.060612808	0.19309746	-0.12735435	0.0033122661	0.44725112	0.43343533	-0.097333029	-0.19777187	0.074047093	0.73465849	0.27250179	0.43492489	-0.026952128	0.2720319	-0.16758087	0.11353445	-0.16560776	0.14893247	0.72542018	0.52943647	0.057447408	0.38326156	0.070151968	0.6084613	0.86338549	0.7705732	0.46807545	0.51065415	0.67826867	-0.17584634	-0.18641229	0.18650625	0.36102977	-0.057039271	-0.0043790395	0.30568557	0.067027952	0.1223239	0.36705881	0.52294387	0.34014853	0.061946944	0.6202871	0.24409749	0.37898094	0.20749039	-0.23700203	-0.10807822	0.11392702	0.13284627	-0.10280998	0.55441051	0.20532697	0.46259229	0.12786255	-0.090744204	0.059807159	-0.00011330332	0.03337874	-0.02520983	0.29207256
