0	0.37617987	0.22180103	-0.1052031	0.43731905	0.14531379	0.098147655	-0.0065850742	0.25737854	0.29860423	0.050104811	0.30363074	0.33529947	0.38957662	0.67932874	0.3422532	-0.004636525	0.21101783	0.25421175	0.045937946	0.41374542	0.081813602	0.33635436	0.47222792	0.47326761	0.068315243	0.2585246	0.0049178532	0.10949672	0.33190813	0.17158694	-0.042528009	0.092004255	0.23634215	0.031265645	0.14970615	0.6921934	0.48580148	0.29906425	0.5126028	0.12646129	0.22837814	0.0983005	0.040106403	-0.04482625	-0.11323704	0.30491852	0.023280027	0.1435116	0.43695064	0.18994388	0.68956656	0.19247919	0.47659461	0.397982	0.63280072	0.31308833	0.26541775	0.12492161	0.47619568	0.20712364	0.72960332	0.0092804236	0.33222791	0.10026285	-0.01380521	0.22845534	0.46589368	0.34952467	0.092283357	0.27714038	0.61634052	0.34953139	0.14960596	0.71164397	0.098673547	0.21433075	-0.037325206	0.49942243	0.20336005	0.1277377	0.066472543	0.2602934	0.1919241	0.026042616	0.22485345	0.43969965	-0.006583011	0.61427418	0.29607844	0.043098468	0.014630495	0.13225529	-0.049833286	0.22139907	0.064578401	0.1273191	0.49134669	0.53776808	-0.076031739	0.18309054	0.0011660556	0.073697607	0.32686079	-0.084672043	0.010260664	0.044831692	0.080516766	-0.092698806	-0.01681926	0.51953806	0.45245727	0.35885198	0.38247435	0.067798249	-0.058893135	0.075258209	0.029179335	-0.015538548	-0.056417697	0.45822662	0.11199362	0.14268324	0.48192839	-0.023031871	0.49988011	0.35725397	0.47763863	0.28776332	0.37884264	0.095557841	0.086671414	0.088321756	0.1764623	0.10652391	0.66030687	0.22777716	0.41074535	0.1128611	0.045792057	0.27646921	0.2357816	0.24229449	0.063504384	0.29451535	0.52348162	0.11192245	0.28297035	0.49829815	0.14126737	0.33928556	0.28778545	0.010730046	0.13823058	0.25247436	-0.10986451	0.1983617	0.59447316	0.24514651	0.43666277	0.27134614	-0.068282715	0.18541957	-0.043921202	-0.020936083	0.2105715	0.27316692
0.37617987	0	0.42903527	0.14675677	0.10900332	0.32374366	0.15952806	0.30961602	0.22465387	0.47137621	0.26085679	0.3256128	0.42322812	0.39100432	0.38334464	0.37965026	0.25640215	0.15853514	0.66339647	0.29814975	0.53020144	0.3570728	0.40834323	0.49254863	0.35778576	0.23723538	0.30367895	0.25047463	0.29321709	0.30395652	0.36869708	0.062355992	0.27571269	0.31901494	0.10708907	0.29455497	0.5078473	0.4127671	0.19748976	0.36322173	0.35032003	0.80525202	0.24916345	0.34941615	0.26074999	0.2579796	0.16897603	0.15090396	0.23843492	0.39563675	0.60415967	0.35810775	0.12976596	0.30724219	0.29654085	0.35744271	0.76854902	0.55957187	0.35397007	0.35658617	0.31022552	0.44048902	0.44985336	0.080968225	0.24742685	0.1752426	0.2536457	0.29413817	0.34819064	0.3148545	0.28471162	0.48524796	0.39246626	0.33175671	0.40038203	0.53870418	0.40774459	0.14919754	0.23277078	0.23306457	0.22229994	0.22974018	0.21386267	0.34505142	0.2600328	0.3492626	0.31531789	0.17299978	0.37134629	0.36215184	0.33111442	-0.0066500776	0.41605705	0.27976626	0.47662618	0.2490312	-0.058829338	0.34464969	0.33071158	0.1319195	0.22628149	0.22996753	0.27629648	0.2649507	0.029023557	0.097094524	0.32741291	0.23898833	0.27544434	0.17846273	0.38541718	0.34753409	0.28148509	0.21594546	0.40848181	0.38001751	0.3876383	0.33256523	0.29132562	0.094150583	0.21900535	0.14454476	0.14278371	0.26971123	0.28121253	0.33589576	0.21449636	0.24900507	0.19916022	0.29183017	0.56961657	0.3645093	0.25794177	0.28362032	0.19987566	0.37448765	0.092243646	0.19980045	0.20897729	0.1720778	0.3256912	0.25543626	0.27483407	0.19144023	0.29926032	0.38409914	0.26242259	0.35367751	0.46862449	0.35495291	0.34700911	0.39238625	0.19046317	0.32025419	0.12713216	-0.065264867	0.22959194	0.48965887	0.29134019	0.3566713	0.26751906	0.19346158	0.17680607	0.17932111	0.25424828	0.26418256	0.37508807
0.22180103	0.42903527	0	0.092501472	0.27936356	0.50151267	0.31758919	0.49225996	0.45623906	0.50151087	0.2380321	0.40760654	0.40849335	0.35074579	0.39382458	0.54208902	0.31370227	0.18476299	0.47310809	0.23652778	0.49762612	0.22727468	0.45998027	0.41703352	0.39063177	0.41662902	0.27667876	0.36661884	0.31748539	0.57276836	0.2712353	0.18070803	0.48514589	0.52530034	0.35761916	0.47751759	0.40877632	0.39883675	0.1446798	0.26869439	0.49922478	0.23690635	0.37663545	0.24149352	0.10393699	0.36236637	0.26512189	0.33452017	0.21493924	0.31626619	0.19565034	0.18026625	0.27789606	0.43326482	0.43502963	0.31525707	0.35231445	0.32555275	0.35865178	0.36205149	0.38261119	0.17767609	0.22750263	0.15350678	0.45236507	0.47587108	0.37032941	0.31881344	0.33356002	0.24220147	0.41712421	0.3964702	0.49866931	0.54313994	0.27681554	0.42814327	0.90328722	0.16346326	0.33962067	0.4337559	0.29587422	0.53192864	0.4933381	0.3660166	0.2589895	0.37600359	0.23038437	0.31969993	0.43067111	0.57725875	0.37735317	0.15029522	0.38755454	0.26088185	0.45617838	0.24677227	0.26108123	0.40448489	0.42725478	0.37105785	0.25221287	0.3389383	0.37466355	0.44958508	0.083733891	0.11723856	0.52402981	0.57345969	0.26811186	0.44236977	0.44720887	0.39750116	0.14779716	0.30764273	0.5310353	0.27251815	0.31984843	0.30979384	0.10365194	0.19597986	0.24993455	0.43848543	0.1677308	0.33290594	0.22649157	0.2616275	0.3666524	0.37662051	0.38897018	0.30423711	0.33891877	0.2732805	0.37123855	0.35888079	0.33239564	0.22988485	0.16808797	0.32938767	0.46069416	0.44239624	0.394191	0.32373073	0.3564106	0.12614302	0.33133564	0.40967616	0.42531243	0.50189379	0.48901691	0.42100275	0.23006667	0.4249156	0.28675446	0.42327785	0.21170739	0.26822502	0.27759286	0.50658568	0.3393065	0.36202006	0.3632599	0.098440264	0.44011299	0.26506905	0.38517908	0.29357695	0.44743953
-0.1052031	0.14675677	0.092501472	0	0.046754467	0.072218288	0.37704377	0.49106509	0.027705178	0.19436738	0.40571209	0.44144823	0.16881384	0.11197105	-0.03362469	0.17324981	0.6272655	0.23675926	0.16856557	0.4056759	0.1452475	0.42153426	0.013620727	0.13894948	-0.08558639	0.58411098	-0.073427277	0.61828074	0.75278443	0.018346778	0.230989	0.30028605	0.49145174	0.34938337	0.21606772	0.43111182	-0.063473256	0.090319677	0.12807324	0.062366579	0.59380503	0.15088812	0.029224187	0.46079923	0.86532491	0.29129766	0.038747555	0.36796875	0.56088064	0.13875901	0.3346734	-0.095115065	0.2333428	-0.0071597663	-0.00097062345	-0.21235042	0.25072762	0.01912587	0.29140104	-0.009806593	0.12502634	0.017937994	0.19900386	-0.05581359	0.19297064	0.1696871	0.40622719	0.026379726	0.092821153	0.11105084	0.04499485	-0.058556578	0.1545535	0.39856159	0.017246284	0.21329111	0.04380373	0.87749671	-0.079548258	-0.014161097	0.27109146	0.34657636	-0.062020426	0.040446161	0.41650347	0.30045689	-0.067675775	-0.038016616	-0.15966263	0.085955335	0.33398824	0.10424203	-0.0098920005	0.44395177	0.18588624	0.43855803	-0.044621889	-0.12262143	-0.18609365	0.41598188	-0.11580537	0.67951052	0.76835135	-0.1359319	-0.17211858	0.16266644	0.42842537	0.42828881	0.21349846	0.40053399	-0.19561174	-0.084395224	0.0020469372	-0.22467798	0.59317141	0.40219759	0.10653002	0.42135069	0.87178539	0.11143329	-0.12155911	0.10281504	0.54027368	-0.087735694	0.36315677	-0.20070343	0.10992701	-0.1825433	-0.061714249	-0.23596214	0.26767862	0.031578837	0.23519324	0.023054871	0.10994972	-0.10064522	0.14246018	-0.21500199	0.12918078	0.0085867467	0.16594216	-0.054525908	0.055819228	0.09778617	-0.049541425	-0.21368457	0.095846384	0.35924158	0.098078998	0.40012477	0.1652185	0.36857217	0.39408302	0.02769037	0.20605827	0.26995591	0.28313197	0.21680254	0.2254636	0.031013639	0.36316775	0.30282976	0.039066185	0.21746015	0.25248951	0.15284209	0.24008723
0.43731905	0.10900332	0.27936356	0.046754467	0	0.58454047	0.30639322	0.37230907	0.66431432	0.41496356	0.20494623	0.34674422	0.3898365	0.4099284	0.48071387	0.59626914	0.14250684	0.29434622	0.13768559	0.17269284	0.40525416	0.15457956	0.40935994	0.39944388	0.52226869	0.20905503	0.15009668	0.10434352	0.14527202	0.60126264	0.28282925	0.13845255	0.40940793	0.50113859	0.38009999	0.29765003	0.41278338	0.53732793	0.22923446	0.33939232	0.29103863	0.016949509	0.40072261	0.1309295	-0.0044361169	0.17911106	0.46319621	0.31248625	0.20250813	0.14418335	0.16919718	0.10563616	0.32169543	0.6100828	0.54334004	0.10853805	0.11445949	0.057059607	0.28193297	0.13228872	0.30636671	0.13793296	0.046768558	0.30185968	0.3040069	0.50567812	0.32109976	0.12704999	0.15650296	0.32822047	0.63985152	0.46566823	0.55822518	0.32360591	0.20130773	0.18265531	0.21833021	0.1783142	0.59495028	0.63608146	0.25165692	0.48313279	0.63230184	0.28900232	0.19936452	0.23912608	0.32696545	0.25776895	0.37374091	0.52590832	0.046760384	0.25295497	0.096815969	0.10330073	0.27919773	0.17845654	0.38620767	0.43785862	0.37396193	0.16059662	0.081960746	0.076209085	0.19006066	0.42949345	-0.010260879	0.081694737	0.29984829	0.48131054	0.18771362	0.31896213	0.27158551	0.4522102	0.1753109	0.33219743	0.26970206	-0.019622723	0.089361798	0.14739287	-0.019437038	0.16382337	0.35005741	0.47543734	0.2448699	0.41853809	0.077703831	0.031953689	0.34291184	0.42450467	0.23531211	0.026538782	0.080076439	0.061897253	0.13747712	0.15824876	0.19547835	0.11954911	0.1404378	0.35019662	0.34055233	0.46318057	0.18247043	0.10143597	0.18130918	0.12643278	0.46203061	0.28623993	0.40539433	0.44784031	0.43069433	0.34223916	0.22098309	0.32912952	0.090526231	0.4478574	0.27532665	0.29833542	0.3051817	0.49837633	0.32850072	0.31419317	0.34464269	-0.030316681	0.55728568	0.15895519	0.24474315	0.27757125	0.45981686
0.14531379	0.32374366	0.50151267	0.072218288	0.58454047	0	0.21241886	0.5497743	0.83718977	0.67449415	0.095594505	0.29163675	0.63700772	0.51546838	0.44996705	0.76559946	0.25694678	0.19583364	0.33529274	0.043387912	0.38111921	0.1102227	0.68906862	0.64569034	0.75488596	0.17733231	0.24781195	0.18899007	0.22003167	0.79446199	0.5814017	0.34598169	0.48716492	0.53040202	0.51868543	0.3128533	0.56848431	0.65134897	0.092206441	0.40407579	0.35684477	0.23521023	0.62654024	0.12326308	0.14438162	0.363587	0.45017131	0.24299034	0.14368776	0.26532504	0.11003594	-0.008957487	0.1979397	0.76782985	0.63767129	0.046424845	0.30965072	0.18288188	0.33625906	0.093592004	0.32625918	0.11877064	0.39089611	0.088133069	0.40108005	0.66520374	0.28571291	0.10507211	0.19197071	0.66518385	0.83489579	0.63719323	0.69741927	0.48822311	0.15829747	0.37690119	0.45963452	0.24383654	0.63026131	0.90287387	0.17134349	0.62292068	0.70934523	0.57978573	0.12147111	0.2390007	0.34622249	0.41207917	0.4096973	0.77719728	0.25051045	0.18266542	0.31813637	0.10086419	0.36842586	0.099074743	0.40641205	0.574382	0.45635358	0.16285059	0.16688113	0.25973763	0.34041883	0.61231774	0.097851109	0.26246302	0.38195254	0.54344551	0.46130404	0.44583055	0.32740922	0.63340403	-0.0019649535	0.28400887	0.36793217	0.098878272	0.45335671	0.19091386	0.15941363	0.20073792	0.35720517	0.32419756	-0.0084968795	0.5613395	0.076091533	-0.0037157183	0.29990841	0.5168638	0.25556322	0.04449126	0.2544376	0.11509113	0.32863501	0.20062138	0.19069457	0.031744562	-0.023102379	0.38389035	0.39876972	0.68755459	0.23973094	0.094162935	0.33420764	0.39062601	0.66905734	0.39445315	0.65018274	0.47269468	0.55876143	0.40529003	0.24691922	0.42032411	0.28539977	0.76663947	0.30823436	0.22263318	0.31805642	0.5537513	0.39896168	0.34588745	0.38156789	0.10410634	0.72174981	0.37682661	0.50648965	0.23727114	0.58131291
0.098147655	0.15952806	0.31758919	0.37704377	0.30639322	0.21241886	0	0.68171832	0.10419974	0.39640067	0.73114752	0.78446117	0.18367571	0.23483454	0.53609857	0.50688708	0.56439911	0.63503954	0.38225112	0.62129789	0.46610616	0.72177484	0.10800342	0.1557124	-0.10289131	0.77056752	0.3120928	0.45725579	0.59459758	0.32554787	-0.084441421	0.18236778	0.59867216	0.4996064	0.22571696	0.71220188	0.0012837282	0.04028656	0.25273599	0.37769487	0.67507999	0.19087588	0.064281597	0.78372563	0.36692123	0.59310434	0.44252254	0.73123609	0.7985289	0.25939015	0.51153503	0.28284892	0.83391573	0.35427321	0.28449542	0.16663252	0.18754628	0.098883441	0.51549036	0.42573151	0.51135269	0.02570733	0.12373137	0.37857152	0.58512474	0.61910686	0.50785122	0.55386092	0.58294129	-0.11767102	0.01300541	-0.087514684	0.22561088	0.58600955	-0.075430368	0.28641515	0.23028321	0.30520826	0.074784127	0.23589934	0.90283014	0.63278748	0.11103844	0.15063112	0.71194418	0.7484871	-0.1376547	0.34368728	0.2285776	0.24783894	0.28933062	0.5977801	0.23272161	0.62479602	0.50571348	0.79414782	0.1531216	0.032401743	-0.11847118	0.69474588	0.22823665	0.38185476	0.52452374	0.10294111	-0.066174833	-0.12132994	0.53990144	0.5938912	0.15761078	0.37968457	0.068672365	-0.20180153	0.19491765	0.19329407	0.64970466	0.53293755	-0.042114089	0.74761695	0.33648104	0.52996694	0.37623066	0.62936412	0.67965057	0.16156041	0.63892253	0.15292593	0.6514263	0.20864362	0.34521693	0.1198866	0.2673191	0.27952756	0.41265781	0.44463911	0.52075048	-0.074660526	0.2096522	0.081200598	0.50649848	0.47480941	0.48826984	0.54410833	0.39236505	-0.32661373	-0.2871794	-0.040058853	0.070818934	0.72972165	0.27244368	0.69872259	0.35976274	0.48018238	0.22498292	0.059165612	0.14344311	0.24221139	0.18083416	0.48284369	0.36890052	0.25793103	0.57637165	0.1339593	0.22121216	-0.00028074835	0.33162705	0.28142777	0.39824527
-0.0065850742	0.30961602	0.49225996	0.49106509	0.37230907	0.5497743	0.68171832	0	0.43064341	0.48532478	0.52531643	0.68526567	0.51013176	0.43356633	0.36805502	0.67331906	0.68325584	0.44099212	0.47365258	0.53715985	0.50706599	0.49694684	0.37727575	0.38401674	0.16439555	0.76740373	0.31663116	0.68750959	0.68211454	0.43943734	0.33046895	0.41797403	0.72328417	0.65463701	0.49196519	0.72524672	0.18833288	0.37562155	0.26314634	0.33232236	0.7549195	0.22722356	0.43118511	0.55322525	0.50270418	0.73147983	0.43221216	0.72693275	0.62149274	0.30527736	0.42658304	-0.015275731	0.57333731	0.40489513	0.42389124	-0.099961074	0.36473042	0.1809113	0.67232513	0.22446067	0.41234596	0.008470555	0.35018382	0.11932374	0.46125912	0.68879805	0.70459299	0.26006849	0.43637403	0.24379609	0.40260431	0.15650997	0.49650208	0.69080976	-0.010561179	0.50961733	0.42635536	0.4750157	0.31569898	0.464378	0.63757753	0.88229599	0.35654833	0.27978446	0.54381614	0.56629878	0.067819961	0.45946087	0.22553925	0.58593981	0.44476401	0.37963548	0.31174223	0.58370842	0.4973849	0.59109617	0.16690099	0.26414929	0.043080634	0.68061013	0.2346152	0.67026783	0.68602196	0.2197724	-0.090189235	0.11357949	0.63735625	0.70270991	0.43490873	0.57684334	0.084635938	0.19273455	0.11293626	0.15841403	0.78435533	0.52843531	0.29259576	0.57113806	0.457383	0.47095496	0.16839745	0.63144597	0.46576448	0.29153599	0.54486882	-0.071834664	0.49084244	0.18743759	0.28632678	-0.089382308	0.49712915	0.27406393	0.5934181	0.38948062	0.36751535	-0.084061546	0.17844825	0.043474895	0.39756765	0.55369858	0.47945843	0.2463979	0.52977775	0.042016748	0.16048384	0.036753359	0.43296901	0.7557083	0.42401675	0.71126021	0.30913377	0.57859396	0.2994921	0.44521026	0.3150333	0.27926702	0.1903755	0.53784836	0.46247083	0.29491943	0.59470889	0.14102067	0.47237246	0.26952491	0.46042449	0.36312693	0.55735123
0.25737854	0.22465387	0.45623906	0.027705178	0.66431432	0.83718977	0.10419974	0.43064341	0	0.65412344	-0.0077194874	0.20130017	0.53182914	0.44014168	0.36977314	0.62740973	0.13617839	0.14185366	0.19508725	-0.046808372	0.29585694	-0.034356721	0.65485857	0.58546969	0.74638274	0.076642292	0.075922018	0.18091447	0.17462349	0.80837196	0.49604234	0.25322326	0.35448173	0.44090106	0.45662414	0.23703503	0.57442285	0.58121728	0.056318622	0.32231198	0.23753316	0.16444971	0.52963139	-0.026049742	0.070221298	0.13972458	0.42893526	0.093364844	0.046696207	0.21603391	-0.026105086	0.013630237	0.083623173	0.64077867	0.52165471	0.090851673	0.26891358	0.10280664	0.19583766	0.074232671	0.20368181	0.16984262	0.25364438	0.20313317	0.3752003	0.5607582	0.21899808	0.016787919	0.034466066	0.61525795	0.86484677	0.61436217	0.60049822	0.34655606	0.27691359	0.22920783	0.44719565	0.20868619	0.62031234	0.80735785	0.036394248	0.54352706	0.87559146	0.56015924	-0.0034779575	0.13519498	0.40209768	0.24467539	0.38143575	0.67819012	0.12731427	0.072098075	0.18357336	-0.0075924693	0.2192209	-0.017333125	0.43552239	0.60066227	0.5364868	-0.0016957405	0.036829036	0.23005657	0.26038696	0.61528415	0.093961019	0.20644171	0.33660783	0.41947824	0.33680687	0.32851214	0.31561157	0.64793146	0.035232945	0.2863124	0.24736151	-0.047368042	0.39216568	0.046548497	0.056929222	-0.023748527	0.37168792	0.25613728	-0.060354516	0.45207018	-0.067054678	0.007820455	0.19145809	0.40730416	0.16127623	0.010624375	0.14762499	0.0048133413	0.16111781	0.074604132	0.11808223	0.18890819	0.068094417	0.44987065	0.39346373	0.61478622	0.092384352	-0.040239556	0.19018233	0.31723605	0.75283575	0.40757064	0.53757718	0.35298286	0.51073127	0.27085307	0.18640861	0.34160808	0.23264252	0.74882106	0.32010035	0.17695034	0.3213337	0.47763638	0.27724351	0.32022762	0.27809715	0.0061483276	0.75865522	0.33304764	0.39114661	0.21386477	0.48749831
0.29860423	0.47137621	0.50151087	0.19436738	0.41496356	0.67449415	0.39640067	0.48532478	0.65412344	0	0.27944378	0.33772031	0.38550939	0.27195531	0.49688458	0.55898699	0.2943179	0.28527621	0.49339762	0.15883328	0.47405441	0.38180345	0.63634976	0.56262604	0.63602686	0.33382358	0.36542573	0.30383997	0.36736512	0.83286492	0.37672651	0.31705733	0.46175008	0.39037021	0.24617664	0.36783802	0.53227279	0.41343772	0.010099059	0.38875979	0.4668928	0.4211776	0.28595949	0.43057578	0.2224459	0.41315897	0.33769679	0.28660373	0.3037939	0.31183244	0.35286298	0.30002658	0.37228253	0.70238487	0.41782593	0.31812787	0.44225787	0.29709448	0.34011369	0.28769749	0.49321528	0.25527646	0.25306977	0.29198462	0.68844122	0.54021091	0.31451078	0.2582329	0.38315211	0.50253322	0.60861188	0.50562222	0.43818362	0.48411839	0.3501882	0.26820852	0.50486551	0.34134394	0.42929401	0.62426307	0.38745227	0.54663369	0.6205045	0.77832192	0.28204176	0.4495064	0.29353047	0.16611246	0.47806843	0.55105276	0.29320295	0.20889853	0.35046735	0.1954387	0.45697495	0.33737344	0.46161857	0.46276721	0.48575379	0.27116413	0.33235684	0.34484132	0.48358055	0.69553733	0.18741453	0.18833649	0.43033573	0.42919149	0.26418645	0.41211706	0.34855749	0.43043616	0.13188756	0.22418815	0.4964745	0.22666031	0.28883154	0.45513981	0.27032149	0.28559396	0.44518569	0.33253952	0.24072595	0.49475765	0.18822535	0.34317813	0.44990334	0.55875823	0.28502844	0.24838993	0.22116909	0.20758367	0.28129855	0.24371484	0.40485712	0.30182123	0.13011009	0.42188436	0.66644618	0.58268567	0.40212561	0.26144144	0.40112361	0.1717483	0.48510632	0.3844491	0.42789823	0.56366684	0.66215231	0.48398813	0.35461264	0.43939422	0.31915361	0.6023104	0.22520317	0.11045668	0.32954132	0.60113405	0.43514387	0.48292193	0.43861402	0.16759947	0.59487392	0.24364902	0.44682195	0.29342191	0.53105884
0.050104811	0.26085679	0.2380321	0.40571209	0.20494623	0.095594505	0.73114752	0.52531643	-0.0077194874	0.27944378	0	0.54297657	0.015116371	0.086453686	0.37226663	0.29230779	0.54271339	0.44887051	0.53791673	0.92100607	0.54919602	0.93433561	0.068635969	0.018483329	-0.14240161	0.55803061	0.22777268	0.47152551	0.497149	0.23906178	-0.1509974	0.013437022	0.61895649	0.38141112	0.075795615	0.45551326	-0.089831967	-0.016225306	0.088592964	0.11613349	0.52224557	0.2739248	-0.090046377	0.90708787	0.37811083	0.49351705	0.18544097	0.5419114	0.58552314	0.23934559	0.76377713	0.10164737	0.69056752	0.22694843	0.28473355	0.075486901	0.32900344	0.29081006	0.50266621	0.2701651	0.60962501	-0.047105331	0.028102463	0.24354402	0.5605485	0.4312302	0.32932395	0.2942327	0.36562488	-0.17426258	-0.05237369	-0.078325728	0.14247236	0.5139008	-0.13008971	0.45653807	0.18720766	0.37654596	0.033569936	0.10609209	0.70319944	0.49469158	0.059411729	0.15883737	0.97817187	0.52068711	-0.19380249	0.18893293	0.18859516	0.11010677	0.29965839	0.37184002	0.35140456	0.89250359	0.68934883	0.93723334	0.040840838	-0.10037615	-0.080697163	0.62004367	0.18745393	0.42879613	0.52405234	0.06412023	-0.25009674	-0.136486	0.57119764	0.50134455	0.15532213	0.32518162	0.073211698	-0.22151203	-0.010602255	0.08103863	0.63908924	0.78240189	-0.059752225	0.90010579	0.3961323	0.51363838	0.16564638	0.51514969	0.58455969	0.078467354	0.82752693	0.082744056	0.57703932	0.1289975	0.341377	0.094329861	0.48082023	0.46757901	0.29782519	0.4475279	0.60019024	-0.043859269	0.17917858	-0.013635658	0.50225917	0.28799125	0.357766	0.36268818	0.14275918	-0.38141132	-0.25456784	-0.05228305	0.081148829	0.58923928	0.27047968	0.59933634	0.22763684	0.2914508	0.15036355	0.01722405	0.017481017	0.2326857	0.15821384	0.39633993	0.32296995	0.075343001	0.38959871	0.2239623	0.065365082	-0.029480734	0.26062494	0.098576131	0.24062525
0.30363074	0.3256128	0.40760654	0.44144823	0.34674422	0.29163675	0.78446117	0.68526567	0.20130017	0.33772031	0.54297657	0	0.58176625	0.65155614	0.62604413	0.73087939	0.5085993	0.51220573	0.38697367	0.52834553	0.49683507	0.55021042	0.22370816	0.4538557	0.1164955	0.76894127	0.23324111	0.52056803	0.70282134	0.29325172	0.2681015	0.22911227	0.57746968	0.70464912	0.32380794	0.80244419	0.26647881	0.41875132	0.56349779	0.63977419	0.68162945	0.29651736	0.32182139	0.57212101	0.4919342	0.46067919	0.56428832	0.64671729	0.75997662	0.50654418	0.45009239	0.45285289	0.58175268	0.39363385	0.40275198	0.24825111	0.36964684	0.16493453	0.44029434	0.468118	0.37202525	0.35488551	0.30066643	0.27403636	0.36856848	0.44955115	0.54607533	0.67539822	0.54695735	0.11261795	0.21881302	0.16902655	0.55587995	0.55240824	0.17622828	0.32678151	0.31168504	0.34844647	0.25175477	0.28875643	0.68521275	0.55464039	0.12953081	0.10180911	0.53176571	0.64662393	0.1971922	0.48048366	0.31523708	0.49879106	0.33357139	0.37368258	0.18888552	0.48459106	0.43085531	0.59558833	0.072596947	0.27842459	0.052572062	0.52596803	0.09816335	0.43982756	0.53753927	0.084784079	-0.097115371	-0.010954779	0.51898965	0.67620368	0.23892673	0.3345692	0.15827618	0.12758094	0.38326006	0.27697519	0.61767834	0.39880508	0.13396491	0.54015214	0.45922163	0.27870455	0.35339352	0.51048462	0.54399526	0.27314626	0.50496098	0.17699532	0.4921344	0.1880621	0.28536418	0.071085667	0.33194723	0.19145899	0.37575903	0.30867276	0.31154606	0.15082978	0.19041609	0.12006226	0.27792207	0.35276529	0.37569981	0.44416099	0.36187101	-0.052781768	-0.022673963	0.11149793	0.28273313	0.71421066	0.35653385	0.6667311	0.5254216	0.62915931	0.35365148	0.094366045	0.27497759	0.23434059	0.30785782	0.65548256	0.40348098	0.46521709	0.61997441	0.20508426	0.17929598	0.065541393	0.29962529	0.30953804	0.46285746
0.33529947	0.42322812	0.40849335	0.16881384	0.3898365	0.63700772	0.18367571	0.51013176	0.53182914	0.38550939	0.015116371	0.58176625	0	0.88996438	0.42049522	0.77902822	0.17661106	0.11543077	0.28598993	0.11214065	0.36650597	0.04690524	0.58060955	0.79961066	0.54359775	0.32616622	0.1307616	0.27906712	0.39881423	0.38116193	0.78188195	0.27473692	0.3426343	0.61896697	0.49844822	0.49615587	0.60194466	0.77793269	0.64820488	0.64968675	0.39624587	0.31825837	0.72508268	0.03054195	0.25195375	0.21454199	0.52489241	0.25854469	0.24307838	0.52825783	0.1361566	0.31536997	0.015586655	0.4731954	0.44835795	0.072713007	0.44878386	0.23745176	0.26335172	0.27780995	0.13265234	0.48071701	0.48126703	0.03128428	-0.003938012	0.3235351	0.40311579	0.2925351	0.25501094	0.65103792	0.68352519	0.52990219	0.8112458	0.33792362	0.38503668	0.33963911	0.38122505	0.22288945	0.52934656	0.50692904	0.10457249	0.42973801	0.3341802	0.25629249	0.036742617	0.15710722	0.58077448	0.53454999	0.28618737	0.77319362	0.2570305	-0.062159382	0.17861232	0.11334121	0.23336739	0.043963194	0.1353217	0.60817896	0.29992072	0.083678697	0.01962951	0.34273369	0.35926144	0.2454509	0.075587153	0.23682286	0.24619147	0.52743213	0.46656083	0.3158018	0.17452579	0.62471849	0.37271432	0.1997361	0.34634959	0.071875176	0.42239588	0.035062418	0.29161715	-0.061203235	0.15149255	0.191402	-0.017595713	0.41360913	0.091211707	0.047176115	0.073237258	0.19793471	0.016545197	-0.10412907	0.34075043	0.080366841	0.28884693	0.04796601	-0.00026008683	0.22739223	-0.018463255	0.19596488	-0.035095352	0.31457531	0.13293837	0.013342922	0.33938184	0.49707906	0.57873785	0.28391511	0.61814302	0.44738591	0.4461429	0.38072493	0.50189087	0.62919259	0.34492284	0.46037516	0.51985366	0.14511756	0.35652118	0.59498507	0.40327161	0.51714968	0.45166423	0.10124852	0.36934888	0.38490919	0.34773397	0.22559355	0.4917243
0.38957662	0.39100432	0.35074579	0.11197105	0.4099284	0.51546838	0.23483454	0.43356633	0.44014168	0.27195531	0.086453686	0.65155614	0.88996438	0	0.54456352	0.80421	0.11898247	0.10096662	0.26485172	0.15465311	0.32512062	0.092946769	0.47024429	0.71810064	0.49839775	0.27206292	0.05626471	0.20911861	0.36082146	0.31808279	0.62608415	0.20370282	0.31623855	0.64057355	0.40479353	0.47893514	0.54596854	0.78059301	0.64926534	0.68541237	0.31652901	0.33278054	0.65458178	0.075719591	0.25586617	0.14873639	0.52393353	0.25263504	0.23638722	0.54051719	0.15934223	0.34408156	0.071950784	0.44385594	0.55478501	0.1514373	0.43874412	0.18536497	0.16986863	0.26483908	0.1132418	0.55870259	0.41651021	0.027067855	0.028482527	0.28902199	0.27774339	0.41332659	0.21901096	0.44278551	0.5714412	0.52387629	0.82305339	0.28467169	0.33659461	0.3125586	0.28586415	0.12065171	0.51524242	0.43918106	0.13598566	0.34775814	0.27495112	0.16220729	0.097531178	0.18967226	0.56459662	0.60743104	0.35116621	0.75197775	0.19822603	-0.028313518	0.14973136	0.12240531	0.22979926	0.085410442	0.037939828	0.55463186	0.30518787	0.058247239	-0.06821977	0.22021901	0.24966126	0.18045922	-0.076643606	0.09288125	0.2074414	0.5137557	0.33923748	0.19322535	0.23851361	0.56721899	0.34017605	0.32541214	0.25809797	0.087041151	0.32971187	0.055536651	0.27426089	-0.056155449	0.19639548	0.18366876	0.0077280676	0.42471825	0.10669142	0.059544618	0.13353994	0.19319791	0.16041779	-0.044264365	0.31695398	0.054356104	0.1501406	0.0688327	-0.013228246	0.26821806	0.043652534	0.1624789	-0.0066154776	0.29465941	0.068363586	0.12410129	0.211934	0.31524189	0.4448909	0.33397805	0.58813526	0.41281585	0.39124743	0.36793744	0.4675113	0.56441472	0.29581929	0.30677232	0.33292374	0.1333653	0.26695123	0.58858247	0.33224239	0.49107871	0.41881515	0.10619455	0.23999767	0.23914201	0.24169421	0.19542904	0.43613677
0.67932874	0.38334464	0.39382458	-0.03362469	0.48071387	0.44996705	0.53609857	0.36805502	0.36977314	0.49688458	0.37226663	0.62604413	0.42049522	0.54456352	0	0.70469392	0.27305056	0.36174148	0.44411216	0.27566446	0.54666839	0.4264861	0.40162059	0.56067793	0.53461035	0.35902136	0.40900193	0.14954846	0.33343509	0.58930775	0.10689984	0.068364694	0.39621333	0.45313293	0.10275557	0.44626331	0.65363756	0.51099548	0.20096638	0.67117959	0.31646925	0.32677559	0.18295908	0.39532932	0.15205409	0.32111991	0.49126061	0.32291629	0.41947368	0.50759912	0.35992632	0.61516584	0.58004361	0.75564412	0.70710908	0.64156622	0.35565434	0.23087228	0.31000964	0.5419757	0.45942668	0.55374254	0.18751342	0.30413836	0.44952685	0.38961194	0.30793116	0.75341664	0.57934659	0.057036841	0.32105565	0.63728403	0.51405195	0.45763388	0.43547987	0.29957448	0.31071517	0.022184205	0.59232036	0.49369019	0.49704325	0.40476864	0.3407292	0.34950133	0.35612968	0.54591587	0.25171206	0.36063837	0.77112405	0.53381209	0.28242495	0.30320077	0.28218404	0.23979349	0.49577157	0.41207431	0.18683144	0.4918428	0.52668677	0.2628834	0.25305483	0.09172948	0.22755063	0.46221786	-0.1464521	-0.13438678	0.29129508	0.40838642	0.058381076	0.14466118	0.58212635	0.40945197	0.19231028	0.54639245	0.27394134	0.25027764	0.16014276	0.38930942	0.12570685	0.28066032	0.64591655	0.35822428	0.21169138	0.64241226	0.31432971	0.45255883	0.71500957	0.6823025	0.6109624	0.42255968	0.21448563	0.1586095	0.28704006	0.40944171	0.32538236	0.44666553	0.14781431	0.42566924	0.40607312	0.42404247	0.42536783	0.53954783	0.38741866	-0.11166079	0.17986863	0.55482774	0.28853904	0.57004596	0.61508106	0.50751073	0.44727759	0.46144658	0.23151605	0.20901753	0.06006648	0.00035085314	0.17399866	0.80150769	0.3282017	0.48348147	0.51784769	0.15986958	0.27713829	-0.086480232	0.27799389	0.21739735	0.46508073
0.3422532	0.37965026	0.54208902	0.17324981	0.59626914	0.76559946	0.50688708	0.67331906	0.62740973	0.55898699	0.29230779	0.73087939	0.77902822	0.80421	0.70469392	0	0.32775779	0.26800175	0.42590256	0.24734529	0.52165002	0.32899174	0.57637332	0.70003568	0.61676019	0.46116957	0.29089576	0.36626035	0.50705235	0.65009349	0.55279096	0.32642748	0.55212233	0.78883508	0.50401035	0.68106276	0.5731709	0.74542807	0.38343436	0.61826277	0.49591614	0.30393121	0.64496398	0.32930298	0.29303362	0.42780509	0.57107315	0.42872948	0.41010643	0.46431717	0.281215	0.28005443	0.38115384	0.7133018	0.65105057	0.23318301	0.37935332	0.19957731	0.39093665	0.32904785	0.36174603	0.34989357	0.40005386	0.12699038	0.40873269	0.58256992	0.45448932	0.52123445	0.44814915	0.49160735	0.69161887	0.58024643	0.86428093	0.5752786	0.2532608	0.39937038	0.45221546	0.21411727	0.61925375	0.70327458	0.4123591	0.61493301	0.50343408	0.42239103	0.29863945	0.43115404	0.40038856	0.55302667	0.51638097	0.8503674	0.332137	0.20773344	0.30244381	0.24569473	0.44314936	0.33638083	0.24803408	0.57046754	0.40500027	0.28333423	0.15868922	0.33785144	0.4144518	0.47052029	-0.031926804	0.11156818	0.42157854	0.6723061	0.41355703	0.33875621	0.35570683	0.58023409	0.20765642	0.36494862	0.47205721	0.23767392	0.34543407	0.34668749	0.2678954	0.19833413	0.36798409	0.42611633	0.20169249	0.53000705	0.27766846	0.11821059	0.419954	0.47151854	0.33128589	0.12423279	0.31286193	0.14938465	0.38321407	0.2481126	0.24646219	0.16370079	0.055266588	0.30958695	0.3693801	0.55823828	0.32051926	0.31092256	0.40981626	0.27393098	0.47023931	0.41311824	0.60415453	0.64077292	0.59541436	0.58193093	0.45166224	0.6168595	0.42072394	0.51369347	0.27945163	0.24834577	0.36138226	0.78526394	0.42087706	0.51208988	0.59061694	0.14756621	0.52546241	0.22750209	0.43826867	0.28243331	0.65131095
-0.004636525	0.25640215	0.31370227	0.6272655	0.14250684	0.25694678	0.56439911	0.68325584	0.13617839	0.2943179	0.54271339	0.5085993	0.17661106	0.11898247	0.27305056	0.32775779	0	0.42356873	0.42016243	0.49814462	0.38590257	0.53726922	0.2197805	0.24222271	-0.052070972	0.69339899	0.29949819	0.58541232	0.65212604	0.24883284	0.12737335	0.24862633	0.6460339	0.4370806	0.25426969	0.53637042	0.069289056	0.083388943	0.070818663	0.23399275	0.64483599	0.26461852	0.1343073	0.57528376	0.62625342	0.67670057	0.11561755	0.62747029	0.66019444	0.29878377	0.40057554	0.046910784	0.5173765	0.18104087	0.15327207	0.0098558134	0.24300875	0.12546758	0.55399879	0.23790969	0.43898426	0.042076615	0.32450235	0.082625476	0.41805906	0.43887321	0.57562572	0.25888689	0.41644308	-0.046716028	0.036130321	0.048368961	0.14967196	0.62962603	-0.007323173	0.40993267	0.26576631	0.55958994	0.094766098	0.16323298	0.5428298	0.62226839	0.11518702	0.16745906	0.56066514	0.55669379	-0.14366411	0.20669603	0.15899071	0.22641303	0.51500459	0.38083699	0.23567741	0.56093675	0.49664066	0.59669699	0.089955698	0.043515547	-0.036338784	0.65564542	0.19724949	0.56789158	0.64252071	0.1065526	-0.14552047	0.06632932	0.60170692	0.54875886	0.23154577	0.45635387	0.078379105	-0.028777206	0.077973707	0.026945846	0.67126671	0.59708024	0.281767	0.57656733	0.56995941	0.45679703	0.13072164	0.41644602	0.5312561	0.20007746	0.52202172	0.041320663	0.47080976	0.11014971	0.29889817	0.027323564	0.37359626	0.24327702	0.55308356	0.44102809	0.39567318	-0.025252432	0.15054799	0.0014719592	0.35528769	0.34938062	0.49652111	0.30007738	0.4237392	-0.094059606	-0.081436065	0.00050409687	0.16620652	0.58292823	0.28367277	0.57366988	0.13473672	0.40712097	0.30541762	0.16208105	0.10429932	0.21854137	0.16656149	0.41062934	0.35738088	0.11487059	0.41795418	0.24845676	0.22530009	0.19593435	0.38195498	0.29785287	0.33240394
0.21101783	0.15853514	0.18476299	0.23675926	0.29434622	0.19583364	0.63503954	0.44099212	0.14185366	0.28527621	0.44887051	0.51220573	0.11543077	0.10096662	0.36174148	0.26800175	0.42356873	0	0.28402359	0.35565409	0.33514227	0.41565489	0.046259523	0.11533671	-0.098804242	0.51408164	0.25435765	0.23068759	0.31150993	0.22870686	-0.023900499	0.16667715	0.40791536	0.28675239	0.22792507	0.45422382	0.0046751445	-0.026827266	0.28572505	0.37316146	0.50711894	0.16746698	0.095251972	0.48413874	0.20970464	0.3620867	0.53211636	0.61455134	0.62926744	0.14442328	0.30109832	0.28112159	0.57969724	0.28748325	0.1802901	0.11388665	0.14914409	0.15107453	0.437107	0.33811438	0.3787474	0.10931086	0.060031922	0.60964654	0.37743156	0.51065921	0.36589601	0.32310664	0.39649695	-0.10823733	0.019722396	-0.066807442	0.075567978	0.41561685	-0.065424145	0.21112019	0.12964071	0.21302589	0.055443519	0.27275279	0.64926114	0.42440044	0.1566438	0.028522073	0.41832768	0.58230133	-0.0034341892	0.28282325	0.15856061	0.11153879	0.20349711	0.65176539	0.20646309	0.33913772	0.3312968	0.48361771	0.27328641	0.13137647	-0.13672121	0.4958454	0.16305993	0.13134588	0.31558274	0.024691874	0.029713069	0.039776287	0.35818899	0.41951602	0.023624998	0.30188182	0.097878552	-0.17277103	0.24989137	0.24945022	0.39606475	0.28782744	-0.0027416219	0.46868908	0.21968194	0.4337359	0.42268975	0.5204259	0.5768058	0.10977873	0.35365485	0.20775571	0.48146443	0.13591964	0.26850372	0.081982389	0.19079908	0.26630533	0.25577212	0.42511515	0.40102957	-0.027834773	0.19143977	0.21196829	0.32507406	0.43701903	0.34735278	0.42404926	0.20345416	-0.27227478	-0.23223208	-0.085807727	0.023304505	0.51979499	0.1413455	0.41938264	0.18905378	0.32071203	-0.091484372	0.073468138	0.21619765	0.19524737	0.13560209	0.32489766	0.34094905	0.23111484	0.47580678	0.041768096	0.22411823	-0.020666116	0.13459317	0.35300753	0.33966499
0.25421175	0.66339647	0.47310809	0.16856557	0.13768559	0.33529274	0.38225112	0.47365258	0.19508725	0.49339762	0.53791673	0.38697367	0.28598993	0.26485172	0.44411216	0.42590256	0.42016243	0.28402359	0	0.56524532	0.81861537	0.59477086	0.43757658	0.35473748	0.25580149	0.37545369	0.67939078	0.48061676	0.42699732	0.44735147	0.17599976	0.22585483	0.49080441	0.42062712	0.081720619	0.45922956	0.3458617	0.25675185	0.13433049	0.20407018	0.43569753	0.50004158	0.20637233	0.57151039	0.24410329	0.56410253	0.19007904	0.34215154	0.3121298	0.48828914	0.60001954	0.35399409	0.46664554	0.40778027	0.34194907	0.43588334	0.71493073	0.82378022	0.69944076	0.56730436	0.73302156	0.20819513	0.26083288	0.25855772	0.55126729	0.32709685	0.42487595	0.43286257	0.60304132	0.11629652	0.19657741	0.34700777	0.37555209	0.48781036	0.22491522	0.72930842	0.47913681	0.16036019	0.24649228	0.26576854	0.46778032	0.44658631	0.30279762	0.44403988	0.56508541	0.42549316	0.14657902	0.22837737	0.48251962	0.32385525	0.36986615	0.14524739	0.81779752	0.60011996	0.82791215	0.58647225	0.1478423	0.25917686	0.27998491	0.41733435	0.61228469	0.4482602	0.4354241	0.43383935	-0.046440716	0.15952949	0.46106832	0.35542531	0.22216082	0.2322217	0.45092241	0.21491518	0.2042224	0.10850191	0.53794238	0.63763033	0.24196983	0.64354134	0.25299395	0.49333356	0.19650805	0.41002287	0.32423433	0.34455668	0.5955787	0.39133457	0.49328089	0.39027407	0.38709605	0.47020003	0.72731111	0.75779857	0.49343408	0.64019207	0.67240367	0.29208754	0.15316969	0.24877024	0.47491606	0.32741331	0.60126905	0.43607605	0.45180943	-0.069932226	0.1823925	0.38743685	0.29709152	0.48484156	0.63319309	0.4801753	0.3656512	0.36889724	0.16055786	0.32572665	0.11385361	0.13260669	0.16566682	0.64880144	0.35983781	0.35196645	0.39830953	0.0081460389	0.28754844	0.17795273	0.33045464	0.31416937	0.38916253
0.045937946	0.29814975	0.23652778	0.4056759	0.17269284	0.043387912	0.62129789	0.53715985	-0.046808372	0.15883328	0.92100607	0.52834553	0.11214065	0.15465311	0.27566446	0.24734529	0.49814462	0.35565409	0.56524532	0	0.58950095	0.82459792	0.06464349	0.045341788	-0.18941694	0.5650682	0.23119091	0.52976197	0.50024599	0.10532434	-0.084688213	0.00063341251	0.57994551	0.39856684	0.11834212	0.4481139	-0.080341276	0.045372518	0.21699089	0.097520153	0.51083496	0.22677729	-0.032160707	0.76497404	0.36044847	0.47737377	0.14717556	0.50574757	0.51494987	0.28522892	0.75349179	0.090311093	0.59020188	0.11663652	0.2703567	0.02277054	0.38356651	0.40353816	0.56385698	0.29292238	0.55493731	-0.0088380284	0.054190299	0.18844376	0.38489545	0.33972884	0.4089301	0.23133466	0.31504246	-0.14020463	-0.049532493	-0.078039239	0.1904485	0.43508168	-0.082813126	0.5536923	0.20550874	0.36558938	0.030532869	0.031545144	0.60284351	0.47491234	0.0022225203	0.045012208	0.91649818	0.40778356	-0.1244889	0.18256059	0.11937274	0.10004977	0.2613742	0.22875748	0.39522677	0.93439696	0.67319008	0.83957614	-0.061422997	-0.080418901	-0.11550823	0.59133359	0.19397677	0.50131133	0.5115068	-0.043648525	-0.27477565	-0.13485622	0.53676864	0.46748112	0.1542364	0.30267333	0.042041982	-0.17749408	0.083336798	0.032187439	0.61914003	0.77264695	-0.016759102	0.78240411	0.37234247	0.46521559	0.057784247	0.49235935	0.50204539	0.037781288	0.83720731	0.027327618	0.45403202	0.014749186	0.24471144	0.034550187	0.60663486	0.53900659	0.33995182	0.44503405	0.55068781	-0.0088702057	0.21373092	-0.067089847	0.32022504	0.18704014	0.35644494	0.23100091	0.15596742	-0.31080023	-0.21561361	-0.077244008	0.088419516	0.52036882	0.23915803	0.56301609	0.25642853	0.29895698	0.092534906	0.03530899	0.1415355	0.24994192	0.11893343	0.371739	0.34139132	0.052030776	0.34038425	0.15427405	0.029062543	0.043762975	0.21783155	0.12842178	0.20370048
0.41374542	0.53020144	0.49762612	0.1452475	0.40525416	0.38111921	0.46610616	0.50706599	0.29585694	0.47405441	0.54919602	0.49683507	0.36650597	0.32512062	0.54666839	0.52165002	0.38590257	0.33514227	0.81861537	0.58950095	0	0.58478419	0.47577033	0.38600116	0.30100468	0.47095951	0.65815213	0.45810015	0.42408524	0.50303563	0.18540923	0.19053752	0.58581918	0.55178038	0.24449531	0.52124874	0.40885665	0.39674203	0.26870778	0.31957889	0.53379974	0.29657152	0.33404093	0.52439056	0.1746443	0.51204351	0.32971502	0.46489076	0.36018534	0.49969493	0.58740025	0.40513668	0.52433138	0.4938568	0.45683426	0.46259854	0.52725411	0.70432555	0.70645965	0.60736228	0.78687296	0.23000124	0.17949035	0.33868761	0.54139699	0.41502898	0.57304211	0.47809504	0.62435758	0.14272327	0.31391937	0.39934765	0.49952578	0.55596303	0.32464884	0.66275504	0.49612068	0.19546068	0.42385386	0.39814114	0.55603634	0.56864421	0.39492619	0.41489968	0.57690024	0.50836137	0.29770359	0.32665591	0.57667367	0.44455234	0.36454993	0.27409637	0.70722086	0.56386413	0.85470419	0.60120924	0.3105632	0.41541142	0.38369486	0.49565384	0.60563723	0.42484325	0.47369341	0.5014447	-0.066734204	0.11760518	0.51190178	0.52680953	0.31089139	0.34015053	0.50976033	0.35850162	0.38683866	0.27443904	0.56664792	0.49485228	0.24618985	0.60571436	0.19526157	0.49865882	0.3413835	0.59620468	0.42454455	0.43809725	0.57916647	0.45123028	0.56265872	0.49682126	0.44234901	0.48284579	0.60057285	0.71259358	0.49399036	0.65546415	0.69632271	0.37029887	0.22683356	0.34904698	0.48497576	0.41449351	0.6627115	0.51205805	0.50368611	-0.062788482	0.25083086	0.47158992	0.39209	0.59463269	0.69932887	0.55151436	0.35504464	0.41185843	0.14106726	0.43207891	0.30604979	0.23970477	0.32512253	0.71676343	0.5001679	0.4058143	0.49735502	-0.020609942	0.43831236	0.26508314	0.36865873	0.37949123	0.51343112
