0	-0.01240137	0.18933895	-0.017222226	0.45163253	0.3650399	-0.050554967	0.21884541	0.5291958	0.29300388	-0.093725885	0.089169187	0.65057511	0.524039	0.74114486	0.68207826	-0.13824916	0.13827025	-0.14103224	-0.15754626	-0.094237286	-0.13967682	0.037937632	0.72971185	0.58148096	-0.17472752	-0.11680669	-0.071119981	0.029561648	0.45481912	0.38934093	0.31393103	-0.15432079	-0.013734975	-0.080000164	0.13522863	0.13395058	0.60600712	0.28735392	0.53015168	-0.030334447	0.36373467	0.42320263	-0.029275196	0.088310592	-0.00066588782	0.76925691	-0.20661875	0.032796582	-0.0031094184	-0.22461794	0.3766	0.59350673	0.16974839	0.60979428	0.10180634	0.028711022	-0.16944371	-0.022983976	0.073939379	-0.24272185	0.60892316	-0.22648945	-0.053856553	0.22292471	0.07027122	-0.24870929	0.095641582	-0.16148889	0.12736237	0.55340369	0.12636724	0.74244268	-0.098328057	0.49133158	0.11475328	0.10287061	-0.011088832	0.37836583	0.20171766	-0.093648162	0.1043257	0.32380664	0.049236377	-0.16220776	0.053440302	0.56651531	0.32569805	0.31735618	0.54733654	-0.25350486	-0.037092473	-0.1256271	-0.16534668	-0.11201189	-0.050007475	-0.081002303	0.62070986	0.1755305	-0.25514529	-0.19563888	-0.019479166	-0.060056684	0.16200376	-0.11331128	0.023251217	-0.15186293	-0.11943451	-0.067868402	-0.22819041	0.028308197	0.45837968	0.21318651	0.36560414	-0.099928206	0.1836515	0.17611341	-0.072836719	0.025764867	-0.24210325	0.5673313	-0.20586755	-0.15821168	-0.18075179	-0.08161272	0.1220019	0.36310644	0.14144472	-0.055160221	-0.18784973	0.01676272	-0.14423146	-0.12063038	-0.24449885	-0.27109863	0.3259246	0.40334818	0.17318536	0.0074780118	0.044685975	-0.19626413	-0.1249402	-0.26414652	0.080133366	0.27341086	0.22962784	0.31978014	-0.075958214	0.40175668	0.20937041	0.37845001	0.17102607	0.23488716	-0.024067574	-0.17286671	-0.15348383	0.27751415	0.62849528	0.075961318	0.45373122	0.10188737	0.067092506	-0.24366992	-0.11081379	-0.017027444	0.01255661	0.16652307
-0.01240137	0	0.35711221	0.096520863	0.10459547	0.083736162	0.19292068	0.22723337	0.024351921	0.16391384	0.38803261	0.13963178	0.0021759931	-0.0438271	-0.027347347	0.10329886	0.13887777	0.023310233	0.85062031	0.63929965	0.78695673	0.32177306	0.045806695	0.040261709	-0.13949376	-0.02125752	0.064408982	0.059053646	0.24235756	-0.066922997	-0.056259942	0.32458246	0.12902766	0.31685398	-0.022458679	0.14780521	0.31853995	0.042606674	-0.11110183	-0.13496107	0.16023812	0.65650866	-0.013118628	0.25537179	0.23613128	0.3018521	-0.094183503	0.091889532	0.09946677	0.065037225	0.61150324	0.027631653	0.11324421	-0.045934067	-0.15988784	0.18133803	0.8506409	0.81134261	0.87848232	0.70936288	0.31484804	0.02566509	0.014357269	0.16752825	-0.063736095	-0.03303131	0.17839778	0.13420102	0.14510053	0.18069055	-0.020418137	0.34549956	0.11317829	0.1967275	-0.11983801	0.87200364	0.32531211	0.11592753	-0.091796076	-0.11826059	0.15696338	0.22030509	-0.13567251	-0.008265245	0.25266052	0.37663665	-0.08778792	0.14097175	0.028073709	0.011266607	0.060275355	0.28863802	0.84887449	0.56815034	0.78163513	0.27645782	0.073811139	-0.058170205	-0.15274796	0.29298837	0.25821494	0.024081801	0.50117993	-0.14006924	0.0086428413	-0.06558656	0.21756514	0.22550069	-0.11940145	0.31910683	0.46740871	-0.16338811	0.10251788	-0.15739587	0.089228138	0.70276442	-0.073316241	0.2794027	0.28497881	0.18294958	-0.18717214	0.038327657	0.25352252	-0.045537914	0.29460298	0.35199838	-0.12817918	-0.15627527	0.44398693	0.38193844	0.84732207	0.80000031	0.65321724	0.63095979	0.4962664	0.18164885	-0.0048562643	0.12947546	-0.089063122	0.074428644	0.054761602	0.51929492	0.22833779	0.031430821	-0.1378915	0.0500089	0.0036339861	0.14505172	0.23014042	0.14126486	0.12698216	0.091559292	-0.0072092572	0.13067979	0.051561352	-0.012365251	0.01232788	0.15552443	0.11888864	0.066907687	0.20245221	0.20776626	0.042450585	-0.037211912	-0.12005601	0.13225304	-0.26616634
0.18933895	0.35711221	0	0.57989927	0.29732194	0.33757477	0.17920631	0.33982044	0.36379076	0.48849473	0.5043165	0.24966219	0.35815736	0.15084979	0.29703198	0.47765461	0.10405368	0.10082872	0.2631341	0.40143282	0.30191447	0.46494858	0.2819241	0.29208109	0.20597161	0.041402879	0.28400474	0.65496733	0.65138891	0.3231632	0.11831538	0.37052926	0.12515565	0.39132362	0.1656988	0.27730423	0.19280483	0.24012547	0.19620645	0.24641227	0.37115141	0.42110474	0.32961386	0.51006075	0.72417388	0.46549125	0.24166552	0.17241999	0.15421496	-0.066527069	0.35299893	0.18952605	0.31760296	0.20424131	0.17961306	0.21094783	0.20179686	0.37568501	0.46813517	0.34484072	0.18343319	0.25231158	0.096376205	0.0010695987	0.29416444	0.15564587	0.30589343	0.27997083	0.24675126	0.2948215	0.31404306	0.26221063	0.42720602	0.22923155	0.036148008	0.3354771	0.8550966	0.45442313	0.05854632	0.071791487	0.15361395	0.48102679	0.14977551	0.21173604	0.4639696	0.065451197	0.11863857	-0.0076376304	0.014415274	0.20762335	0.17745311	-0.022891688	0.29867684	0.38148451	0.35572772	0.47008269	-0.13540632	-0.013222819	0.015676565	0.073194242	0.17805419	0.57660547	0.55976846	0.17671641	-0.092098837	0.23712433	0.12309841	0.11777734	-0.1432175	0.048502853	0.29086218	0.094349545	-0.025107684	0.20135516	0.3729062	0.47158555	0.061255289	0.57524472	0.6753925	0.043970725	0.041503698	-0.13904697	0.074403894	0.092653329	0.22412011	-0.013474483	0.06945261	0.03326151	0.083938385	0.091469141	0.31455536	0.24912887	0.44760471	0.12802263	0.1206993	-0.057446281	-0.018556965	-0.15132086	0.096166614	0.16068663	0.26388484	0.1540763	0.10949951	0.28698022	0.11577557	0.083332216	0.1908767	0.15244669	0.28909107	0.47350097	0.36336843	0.21003999	-0.16965981	0.33757249	0.22295172	0.26155385	0.31232523	0.46402419	0.43757776	0.31052419	0.038533209	0.12919433	0.15045824	0.035779908	-0.027767485	0.22217278	0.16254258
-0.017222226	0.096520863	0.57989927	0	-0.0091923856	0.19432513	0.33348071	0.4186582	0.19758324	0.30286613	0.35449857	0.36775564	0.2324071	0.061492494	-0.009068621	0.25197429	0.38420663	0.19432365	0.026584117	0.24152016	0.078112846	0.34063997	0.2483267	0.045457944	-0.010359476	0.21115727	0.14998174	0.64123186	0.5678322	0.14193151	0.18822982	0.24212439	0.31982167	0.58030433	0.29924849	0.5493375	-0.071372378	0.081219964	0.26903483	0.042708173	0.62254219	0.12434587	0.14454432	0.39091912	0.6486792	0.33414834	0.11511169	0.46745415	0.40504675	-0.10739876	0.20886927	0.066492497	0.13186966	0.029407818	-0.087577151	-0.08986593	0.021348001	0.10324434	0.22827729	0.083129002	0.085248346	0.016702915	0.29789889	-0.0075401489	0.27392517	0.19883518	0.3055833	0.079055667	0.1928686	0.25330267	0.2212674	-0.036801708	0.2637788	0.36651354	-0.22096924	0.097380624	0.50217688	0.76328166	-0.10160308	0.085684885	0.34231363	0.62878876	0.096659115	0.23437658	0.34410765	0.055490624	-0.05919623	-0.24611466	-0.24169988	0.049443442	0.50240971	0.07752824	0.067707281	0.22579909	0.14741745	0.3258521	-0.073290333	-0.17427041	-0.14677063	0.19490756	0.045948419	0.533195	0.58424519	0.079020266	0.11376332	0.12994398	0.41230172	0.41535648	0.058265916	0.34693868	0.045352978	-0.073431933	0.071080612	0.058407602	0.71214821	0.24332014	0.093671433	0.49008246	0.64919629	0.10908043	0.038851642	0.29452781	0.31712243	0.18748751	0.17433581	-0.17232655	-0.12250661	-0.095313645	-0.10516114	-0.1289099	0.12188867	0.069475994	0.2581184	0.030684406	0.024872755	-0.3246577	-0.19940341	-0.31649268	0.077268537	0.19986593	0.37797482	-0.034172318	0.12326927	0.17231365	0.049949482	-0.19057878	0.12613405	0.41329013	-0.0050723681	0.43955331	0.30078251	0.34800913	-0.1341946	0.28961678	0.22439589	0.32420633	0.32125624	0.20960247	0.35840542	0.17476308	0.13965202	0.10075726	0.18384023	-0.0074428635	0.15694036	0.3917021	0.30264113
0.45163253	0.10459547	0.29732194	-0.0091923856	0	0.5147301	-0.10479898	0.15627699	0.66072043	0.4893525	-0.0021110232	-0.044741256	0.20636197	0.1782875	0.53973416	0.48084348	-0.10469025	0.031829421	0.0097650403	-0.12110752	-0.04081461	-0.064856072	0.17235191	0.34045135	0.66866829	-0.20713369	-0.025693193	0.039977165	0.061054756	0.61687773	0.13378444	0.32921947	-0.15885337	-0.02066172	-0.059024433	0.071693527	0.11850401	0.3991794	0.12416326	0.29690704	0.10064824	0.32592031	0.10673761	0.16274663	0.14694615	0.13320984	0.26809094	-0.05278906	-0.056189756	-0.067486544	-0.080423282	0.30911003	0.40789994	0.55324181	0.44909039	0.12237696	0.10220337	-0.071705191	0.078669636	0.16991643	0.017249843	0.15647781	-0.13499392	0.091945357	0.46052682	0.2935027	-0.18784683	0.030977773	-0.23422433	0.41058195	0.55826471	0.13417731	0.46428459	0.048268264	0.18760909	0.22185348	0.20186719	0.033472255	0.33561109	0.31660461	-0.08408278	0.23241078	0.44158396	0.34388902	-0.0567392	-0.16740935	0.088521423	-0.027727602	0.06870278	0.32189572	-0.20815171	-0.013130083	0.030989197	-0.088125971	0.10302537	0.0005277284	-0.0089814885	0.11051774	0.2700023	-0.29366847	-0.14521665	0.057750995	0.0041583801	0.33666843	-0.078495116	0.23641507	-0.19919184	-0.088090662	-0.070264531	-0.18794473	0.093482648	0.31965295	-0.030906146	0.1012528	-0.01262403	0.2158131	0.1362651	0.054287542	0.12057119	-0.29448394	0.30134883	-0.22463687	-0.090281071	0.012027516	0.10066977	-0.037075079	0.33850418	0.34689351	-0.177011	-0.19278135	0.13426576	-0.010579417	-0.031873235	-0.056009569	0.12324237	0.034539841	0.19131838	-0.06348218	0.23267933	0.26564645	-0.094127762	-0.16918603	-0.21749957	0.32864758	0.39894246	0.13665882	0.27904334	-0.0074195657	0.23813597	0.29918601	0.27525647	0.081569417	-0.048440265	0.2784236	0.080495026	0.27213982	0.29759986	0.48710849	0.35124469	0.36646775	-0.03096398	0.12745912	0.04813456	-0.053669625	0.078704848	0.034596074	0.26999928
0.3650399	0.083736162	0.33757477	0.19432513	0.5147301	0	0.10349518	0.26629401	0.66226032	0.64075758	0.14168272	-0.0217033	0.22479128	-0.015748272	0.3587872	0.59156658	-0.089899663	0.078046235	0.026813967	0.025724803	-0.010127308	0.085807513	0.25368176	0.23884425	0.47125926	-0.23923014	-0.0076445323	0.14328096	0.20808969	0.72329763	0.27674264	0.48810302	0.032132346	0.21177274	-0.0049520401	0.24968492	0.0045823851	0.22817957	0.068682708	0.35447794	0.098431593	0.31386191	0.26440973	0.35936441	0.23426579	0.12881203	0.36413474	0.12358128	0.03541672	-0.096098614	-0.069338621	-0.10152061	0.48678579	0.64379006	0.33645398	-0.29015154	0.040498694	-0.060087279	0.10725715	0.03533304	0.035438084	-0.0972314	0.05540153	-0.068115151	0.54988598	0.090034673	-0.1696358	-0.19623978	-0.232591	0.6100415	0.669251	0.16244134	0.47370747	0.1365839	0.35198707	0.15837095	0.26413297	0.10011633	0.60153961	0.75046801	0.050396851	0.32957069	0.60181518	0.52288864	0.10945825	-0.097043596	0.048250996	-0.031376121	0.26116067	0.68555723	-0.031288625	0.026885302	0.012186139	0.0093765756	0.030246795	0.12400607	0.19372015	0.1834588	0.39929043	-0.23286712	-0.042249654	0.10130857	0.07792937	0.56172674	-0.15635532	0.47993637	-0.10195073	0.038107221	0.04852227	-0.084017818	0.11591743	0.37779204	-0.12727564	0.19099253	0.091030041	0.22042071	0.24679532	0.28403762	0.18346411	-0.12656746	0.34222531	-0.093147079	-0.074044016	0.12525229	-0.016683271	-0.00018388342	0.61786669	0.56212347	-0.10364538	-0.2409494	0.073156154	-0.077727632	0.09883474	-0.16138336	0.018155553	0.24090002	0.1677539	-0.093395699	0.35018016	0.44548905	-0.029358168	-0.16853406	-0.16447509	0.58015762	0.53769979	0.24651479	0.47210364	0.17641688	0.40262776	0.25975189	0.43772485	0.17523037	0.027154886	0.39119347	0.13000595	0.1861899	0.46109502	0.45895156	0.33086391	0.52720338	0.046295748	-0.081406928	0.20360208	-0.14501133	0.22754996	0.14548562	0.33185599
-0.050554967	0.19292068	0.17920631	0.33348071	-0.10479898	0.10349518	0	0.71979839	-0.16580096	0.057128648	0.48131718	0.8103764	0.22208269	0.29698892	0.1815196	0.22579228	0.37067823	0.38304389	0.30367067	0.41116238	0.38440003	0.46950385	-0.022228452	-0.0082304744	-0.34316014	0.61517648	0.51413662	-0.055412224	0.32052682	-0.12725345	-0.27252679	0.21019868	0.35085097	0.39357737	0.13428026	0.5545397	0.25814493	0.12868386	0.22491979	0.36354092	0.49932911	0.1208868	-0.005982365	0.36248818	0.036152433	0.53287423	0.065492798	0.51377768	0.7912592	-0.13837116	0.35170182	0.22002275	0.41699502	-0.053076975	0.069654732	0.18242685	0.1132839	0.37724671	0.37420908	0.26293371	0.37047386	0.043315709	0.19154709	0.11850618	-0.0042244563	0.25585849	0.44195372	0.50489882	0.47482229	-0.16534503	-0.053341079	0.35134447	0.091018648	0.33131538	-0.17591609	0.16014092	0.12288214	0.29527179	-0.37941783	-0.1172088	0.88857897	0.5057556	-0.29575101	-0.21777097	0.42456036	0.54482875	-0.22177664	-0.051970094	0.058925864	0.020383341	0.49765602	0.45053906	0.29464289	0.43055325	0.27474862	0.43079964	-0.12237877	-0.25854864	-0.36676609	0.62050523	0.42301624	-0.1515041	0.33764059	-0.21765244	-0.090990471	-0.11150775	0.32718431	0.30960107	-0.07498324	0.70040453	0.31381758	-0.37309806	0.16321172	0.012298524	0.59453111	0.17217453	0.11797491	0.36927151	0.10723262	0.64569307	0.027376039	0.45277158	0.66016038	-0.084831012	0.13972407	0.26170262	-0.052346365	-0.2854244	0.50979564	0.26202103	0.15712337	0.30769472	0.36078368	0.31615485	0.1698827	0.069003714	-0.26817331	-0.22342947	-0.16106581	0.10516138	0.18831341	0.33565185	0.62331272	-0.28458145	-0.32547324	-0.1360512	-0.074745472	0.33934065	0.21162493	0.48350076	0.39721642	0.46212896	-0.12844228	-0.035367233	0.072677907	-0.075612416	0.26743286	0.31310964	0.25920307	0.26284485	0.47868428	0.19397021	-0.26140942	-0.29158851	-0.092719519	0.2763602	0.18051554
0.21884541	0.22723337	0.33982044	0.4186582	0.15627699	0.26629401	0.71979839	0	0.20674588	0.24790853	0.42990665	0.64724869	0.35169151	0.3749507	0.33987488	0.43784948	0.42060468	0.37583648	0.2536532	0.3125553	0.33015597	0.42642368	0.13710444	0.29310749	-0.022627928	0.50231169	0.3546874	0.046429265	0.25353571	0.14442691	-0.019261302	0.38054869	0.41390389	0.43289628	0.22525821	0.69120095	0.28183613	0.36587862	0.24507963	0.30813839	0.55155491	0.31719471	0.1924209	0.38884935	0.20447414	0.5694677	0.30304826	0.56672391	0.68332444	-0.085334738	0.22337908	0.27993452	0.45464418	0.010994674	0.26076691	0.14356619	0.1528768	0.25409399	0.3461379	0.27323198	0.28614226	0.20595275	0.13890735	0.14046525	0.20521406	0.36978169	0.31018654	0.37976055	0.30063198	-0.0080763457	0.20689158	0.33467369	0.3947459	0.42843627	-0.048438161	0.22866125	0.25152943	0.4233491	-0.10979247	0.076908731	0.73623505	0.66534529	0.058925762	-0.014941399	0.37929658	0.51769908	0.020837437	0.14289374	0.12084743	0.32460201	0.46353465	0.36732129	0.24133236	0.36160286	0.27030612	0.42221364	0.037905929	0.068513097	-0.17272137	0.49853417	0.2614173	-0.037289206	0.41506388	-0.0062194246	-0.043803819	0.10617767	0.41672908	0.41900124	0.02217076	0.61343006	0.37203835	-0.033366581	0.30051382	0.096312999	0.58998768	0.29511412	0.32919312	0.39750763	0.25607429	0.54232595	0.16398784	0.50342231	0.54975538	-0.027294825	0.10916392	0.32376177	0.065989278	-0.11674284	0.38108145	0.1434476	0.18294306	0.19747907	0.32575455	0.24557884	0.19062686	0.078583218	-0.036918399	-0.061396511	0.04204123	0.3254488	0.13868438	0.29896604	0.4160304	-0.086538396	0.0055140392	-0.0064364341	0.19979213	0.49000816	0.34805019	0.59777717	0.44096052	0.45201095	0.01586791	0.063302497	0.24548032	0.025108525	0.4152684	0.45755817	0.38437901	0.41007346	0.48006668	0.14815435	-0.090435296	-0.057944303	0.014303459	0.43668318	0.37625599
0.5291958	0.024351921	0.36379076	0.19758324	0.66072043	0.66226032	-0.16580096	0.20674588	0	0.72058393	0.011230546	-0.17494827	0.31389421	0.086418784	0.48175568	0.5877185	-0.13382402	-0.0529107	-0.10290781	-0.18140202	-0.080526244	0.067222555	0.28937676	0.37435863	0.81839243	-0.34280019	-0.03507648	0.17634742	0.14219547	0.86300599	0.39295396	0.40310143	-0.061669016	0.052020183	0.025157874	0.17069508	0.036182964	0.4276755	0.17067766	0.24183346	0.060937483	0.33057195	0.31667337	0.3303843	0.2883836	0.18323875	0.45856278	-0.065897115	-0.13458464	0.1054243	-0.16650159	0.10279089	0.38071964	0.55552658	0.39225597	0.016815883	-0.028374743	-0.18915286	-0.016283308	0.094829277	-0.021292469	0.10777016	-0.11476815	-0.073140866	0.76847866	0.39424249	-0.21595089	-0.16188985	-0.26755313	0.57310802	0.86209585	0.13734932	0.66908522	0.0058069718	0.32125458	0.12245147	0.28079499	0.17572602	0.58154641	0.59207151	-0.122053	0.29277732	0.84860225	0.66870141	-0.011939293	-0.27285796	0.23788444	-0.007330358	0.2144375	0.5830337	-0.14198961	-0.13651896	-0.099261872	-0.18882377	0.022309093	0.048406478	0.14909262	0.31465782	0.53300674	-0.37442563	-0.1713489	0.19888892	0.01004025	0.66695957	-0.19767384	0.44091865	-0.10358163	-0.013658593	-0.059543448	-0.25113006	0.13201857	0.64255009	-0.066317136	0.21096765	0.074662553	0.17296049	0.31003182	0.22157543	0.21583684	-0.30956059	0.32218122	-0.24369299	-0.21560173	0.26894451	-0.016512024	-0.065848896	0.51340412	0.55530847	-0.31571697	-0.23766464	-0.015096446	-0.17388671	-0.034920819	-0.15523746	0.047080011	0.061078912	0.23324433	-0.027515251	0.53461112	0.53020037	-0.039038044	-0.23918474	-0.36938055	0.53381381	0.76523567	0.37919772	0.58040945	0.1076426	0.37715497	0.36983226	0.37576058	0.012271567	0.0042603908	0.351342	0.042384106	0.24804828	0.47563055	0.50099854	0.35859826	0.54557472	-0.13743712	0.016273001	0.18959267	0.01559016	0.14790387	0.21897537	0.41649246
0.29300388	0.16391384	0.48849473	0.30286613	0.4893525	0.64075758	0.057128648	0.24790853	0.72058393	0	0.22975137	-0.024696325	0.16991411	-0.063452876	0.29541978	0.43433646	-0.12756645	-0.10172684	0.11279163	0.099806158	0.16159776	0.3489302	0.44698274	0.12959001	0.55695457	-0.21972211	0.19133898	0.22013021	0.2589246	0.77840306	0.18968621	0.46901923	0.1073726	0.1782158	0.25722711	0.25197055	0.11008639	0.22417622	0.21494587	0.18176183	0.086569182	0.31873064	0.27551719	0.54190288	0.29742287	0.282695	0.2490925	0.091221831	-0.019092255	-0.010319063	0.083223859	0.05033212	0.33146549	0.60256012	0.25184649	0.029180336	-0.010619573	0.084157334	0.17983744	0.22040692	0.25579284	-0.065470351	0.1269952	-0.12017117	0.70685033	0.33308805	-0.066099396	-0.012029253	0.027807298	0.57542206	0.71459341	0.22715665	0.47087828	0.016859892	0.25839856	0.1117279	0.35742867	0.1303288	0.44900311	0.50229093	0.04878702	0.33723512	0.60042205	0.74584348	0.25576516	-0.18504007	0.10359587	-0.034478733	0.25415083	0.46851396	0.026547913	-0.062183764	0.093402655	0.073581542	0.20590208	0.28151397	0.20995152	0.10310856	0.52431559	-0.21493329	0.063856581	0.17687621	0.085648985	0.66583506	-0.16024889	0.33561846	-0.011457827	0.029629626	-0.18154536	-0.046897163	0.24642704	0.48043549	-0.039007707	0.17676097	0.19894915	0.16147261	0.23503737	0.44227573	0.23809872	-0.078107123	0.068927618	-0.21371094	-0.1518187	0.3454525	-0.1060713	0.047933745	0.46819386	0.55934443	-0.20078951	-0.027502477	0.021735855	0.01287509	0.23277817	-0.0048718901	0.20140444	0.010964235	0.032478425	-0.07940707	0.54784329	0.55450855	0.041814436	-0.03632539	-0.13197981	0.59817462	0.64065384	0.39346293	0.56361958	0.18544791	0.50445088	0.34008488	0.50435942	0.14481651	-0.050905225	0.33876457	0.13682787	0.12166866	0.59288244	0.46866584	0.33308781	0.60029735	-0.013763267	0.087356997	0.23396467	-0.039880072	0.15993234	0.35522131	0.38879065
-0.093725885	0.38803261	0.5043165	0.35449857	-0.0021110232	0.14168272	0.48131718	0.42990665	0.011230546	0.22975137	0	0.39595819	0.21387418	0.22273685	0.099091132	0.21489444	0.14579798	0.1175649	0.59983928	0.8565591	0.59933636	0.79716741	0.028174326	0.11182212	-0.18557944	0.1865952	0.27486389	0.2320121	0.33048051	-0.0042333107	-0.10850276	0.24716206	0.14492578	0.32253016	0.049010363	0.27845639	0.17998898	0.10099886	0.047883659	0.19470988	0.39029424	0.14126546	0.051744136	0.80596632	0.39566536	0.63475621	0.10509428	0.29566877	0.33121798	0.12000206	0.65036312	0.1136667	0.18652864	-0.080126518	0.026356683	0.23279919	0.35762146	0.67273503	0.51126829	0.32890213	0.58959686	0.13525141	0.30788134	0.078924961	0.25821869	0.25129372	0.2602685	0.25270791	0.24493773	-0.014795951	-0.01141343	0.23303643	0.14299334	0.30635224	-0.20019453	0.32537145	0.50404885	0.39005757	-0.21192226	-0.05946343	0.41470522	0.43863323	-0.10133613	0.049614827	0.93457147	0.35566193	0.020236126	0.011929721	-0.042280757	0.099341001	0.35554269	0.27593074	0.58953375	0.86170487	0.60339381	0.88117279	-0.020626008	-0.12567815	-0.21006748	0.26740392	0.35735718	0.14624526	0.46126508	-0.034400345	0.032911803	0.053275504	0.17713604	0.1656821	0.0085329847	0.33672847	0.36080025	-0.19248624	0.096432972	-0.033830095	0.34922467	0.34688591	0.099767375	0.86719506	0.40840908	0.38659855	-0.012467429	0.10047063	0.29407675	-0.040299945	0.36888692	0.11122886	-0.10795497	-0.18089534	0.37651703	0.21602028	0.42777261	0.44959272	0.51839812	0.35939034	0.44044063	0.016436673	-0.21767951	-0.19552581	0.15506655	0.11380769	0.11507891	0.26319556	0.32605659	-0.026492271	-0.10713584	-0.14899658	0.1109111	0.2700581	0.12341176	0.27947336	0.18566682	0.081794933	-0.15086134	0.15277087	0.08545253	0.18368015	0.16243723	0.19757352	0.32149679	0.13124865	0.094633568	0.20262156	-0.021654416	-0.051469188	-0.17929537	0.21429033	0.050449128
0.089169187	0.13963178	0.24966219	0.36775564	-0.044741256	-0.0217033	0.8103764	0.64724869	-0.17494827	-0.024696325	0.39595819	0	0.47161023	0.59223062	0.3433145	0.3731455	0.35082385	0.47454347	0.17609134	0.33731808	0.22409901	0.3186463	-0.058969153	0.22433261	-0.25796243	0.61493922	0.36605781	-0.058165715	0.43412372	-0.18166724	-0.21505259	0.18893887	0.21440654	0.4995264	0.2344547	0.60180365	0.28872531	0.29421643	0.47296553	0.45877645	0.48432835	0.24365134	0.15246161	0.2967273	0.038079698	0.42303228	0.20259402	0.45785976	0.76250552	-0.12170599	0.16316853	0.50343369	0.52415254	-0.18731381	0.13240777	0.28384852	0.11363679	0.28880774	0.3231547	0.28231343	0.15102603	0.37526032	0.15706121	0.16189727	-0.16222562	0.208819	0.43452434	0.67818506	0.41312814	-0.18585698	-0.095325361	0.25669518	0.28808426	0.259931	-0.18246479	0.18642248	0.15779846	0.34850828	-0.47618193	-0.31069828	0.74114918	0.51193358	-0.36229042	-0.33342674	0.31014858	0.58095597	-0.0077679501	0.106497	-0.035900527	-0.046259683	0.47376369	0.45967252	0.22428361	0.3756114	0.15037933	0.37496434	-0.19822786	-0.1328196	-0.45006715	0.58300781	0.31536847	-0.098274089	0.45549233	-0.34403041	0.029702	-0.12492236	0.30189885	0.2997999	-0.060613827	0.59760854	0.28956216	-0.34403896	0.37815197	0.0909313	0.52440278	0.25723371	0.12509347	0.29692766	0.1470585	0.48113627	0.058110628	0.45793417	0.63257631	-0.14381972	0.063471844	0.31374785	-0.19316298	-0.42917856	0.51919578	0.23321727	0.19059066	0.28340768	0.33771941	0.22535231	0.036425719	0.026009438	-0.19345512	-0.13561922	-0.33807198	-0.10055404	0.20218416	0.39649672	0.49955336	-0.36822888	-0.40066565	-0.16257547	-0.1308479	0.25364363	0.19973795	0.47448039	0.39013783	0.52870696	-0.10873979	-0.047025062	0.15935213	-0.12690581	0.24167182	0.47188682	0.24438488	0.27958194	0.50245762	0.20114692	-0.35936816	-0.17362545	-0.15127185	0.3440164	0.1375214
0.65057511	0.0021759931	0.35815736	0.2324071	0.20636197	0.22479128	0.22208269	0.35169151	0.31389421	0.16991411	0.21387418	0.47161023	0	0.77675994	0.56224837	0.78718027	0.00017646674	0.33404239	-0.095510857	0.094206697	-0.026537157	0.10726412	0.037564301	0.68609611	0.29682171	7.9262272e-05	0.0044230442	0.14375089	0.41948727	0.20457843	0.28946145	0.24289849	-0.1245261	0.2865552	0.13535289	0.32967746	0.098692997	0.51170165	0.66168126	0.63057699	0.18446049	0.29635474	0.63470336	0.2190208	0.28285519	0.13853115	0.77095934	0.022276966	0.23849925	0.11291253	-0.068887726	0.48259252	0.59176116	-0.14134434	0.35775858	0.18504378	0.040733773	-0.013722308	0.099669377	0.17452047	-0.18082927	0.72211797	0.002130008	-0.096961821	0.062396436	0.047152062	0.056756674	0.34780548	0.061742186	0.013909039	0.36191721	0.073935508	0.79448401	-0.03169356	0.075020725	0.15251296	0.30901933	0.24844961	-0.031221964	-0.09415401	0.13767762	0.31889661	0.055684376	-0.079530372	0.13866662	0.13758821	0.54632758	0.27333785	-0.030180802	0.32651454	0.032599685	0.060302964	0.01253187	0.11726239	0.015412868	0.20394151	-0.14336153	0.41226352	-0.17509827	-0.0546988	-0.025394077	0.20102051	0.34487436	-0.087060413	-0.10678387	0.097402395	0.029819568	0.030789737	-0.039245598	-0.0098666917	0.1140393	0.20606845	0.40357537	0.24399427	0.21409315	0.22774207	0.3372092	0.21025207	0.33290215	-0.15117244	0.38909579	-0.014090455	0.035160473	-0.042723025	-0.016539137	-0.0027185366	-0.059314699	-0.22283763	0.065622042	-0.11619887	0.11071927	0.057155417	0.13392134	-0.057018255	-0.20020326	0.035488427	0.09949438	-0.099529521	-0.1976105	-0.10611609	0.034115379	0.01321171	-0.077861023	-0.058808329	-0.019235106	0.077309027	0.22375793	0.028229518	0.23720922	0.38249806	0.477438	0.37005272	0.080055465	0.042286701	0.071318618	-0.060514806	0.28420041	0.67715111	0.23074639	0.42777645	0.21318891	0.073494481	-0.26016057	-0.03993433	-0.070291217	0.14943	0.23386613
0.524039	-0.0438271	0.15084979	0.061492494	0.1782875	-0.015748272	0.29698892	0.3749507	0.086418784	-0.063452876	0.22273685	0.59223062	0.77675994	0	0.65573678	0.6269884	0.083709321	0.40554485	-0.0062676273	0.12536522	-0.04424842	0.084726826	-0.13929459	0.72142787	0.19144534	0.22567225	-0.028159441	-0.097022232	0.17672224	-0.0066139131	0.084974871	0.14239394	-0.10354539	0.20845422	0.011888591	0.39409806	0.20750892	0.58241003	0.53681995	0.57347607	0.26664061	0.29344101	0.3561717	0.12415559	0.061002888	0.21327301	0.58249817	0.13157696	0.40636453	0.11047384	-0.11192177	0.71713143	0.55758058	-0.25330456	0.45668876	0.34606857	0.095544566	0.029880011	0.04709633	0.086951372	-0.13091575	0.82386752	-0.037612598	0.20015956	-0.13879595	0.17343278	0.008453583	0.46615496	0.0064509436	-0.21726705	0.096520321	0.060214814	0.60871635	0.10741796	0.0058769114	0.12072514	0.13073644	0.20363785	-0.21408578	-0.30163504	0.21776024	0.24429454	-0.14313737	-0.35446674	0.10856516	0.37705697	0.50860229	0.40314112	-0.028227834	0.1518952	0.12715336	0.27632889	0.038333669	0.19019803	-0.027083742	0.22472065	-0.21016643	0.38430219	-0.31448523	0.09934139	-0.030827204	-0.045371936	0.2464396	-0.34266774	0.033519891	-0.06066387	0.018068219	0.12100014	0.024973112	0.15774587	0.044159033	-0.0028604364	0.55396398	0.20607861	0.14049919	0.249037	0.20596835	0.11491921	0.13865195	0.03495841	0.35569816	0.17824559	0.17824152	-0.27178635	0.057874381	0.20307388	-0.14167568	-0.38144265	0.29115277	-0.083247443	0.13738669	0.011716692	0.047995963	-0.10249455	-0.18163062	0.12983883	0.10135841	0.09249691	-0.355601	-0.22445572	-0.12959706	0.09184128	0.023760709	-0.345482	-0.22015879	-0.13075638	0.012500978	0.057668479	0.097406022	0.30130407	0.30072701	0.29276404	0.10834235	-0.099000372	-0.048809893	-0.13426781	0.10502358	0.55224547	0.13111092	0.21560339	0.27961069	0.13152736	-0.4629361	-0.10709675	-0.11611174	0.10266212	0.1340764
0.74114486	-0.027347347	0.29703198	-0.009068621	0.53973416	0.3587872	0.1815196	0.33987488	0.48175568	0.29541978	0.099091132	0.3433145	0.56224837	0.65573678	0	0.67623492	-0.075311215	0.22720413	-0.046769438	-0.086961244	-0.0055580218	0.076584741	0.0054673615	0.69973622	0.62002796	0.12059734	0.15039342	-0.058560459	0.15470871	0.4820978	0.10097605	0.32646192	-0.18035282	0.10370245	-0.094130705	0.26217734	0.35993818	0.74854939	0.332924	0.63270997	0.12080915	0.37408931	0.30929554	0.20484539	0.098175348	0.27079101	0.56597893	-0.038864859	0.2669533	0.064038906	-0.17057246	0.67371848	0.71001064	0.30611003	0.73448003	0.43427478	-0.029057155	-0.067429134	0.042775293	0.16740869	-0.072035079	0.62893947	-0.24192006	0.22952319	0.27370721	0.35914647	-0.031690342	0.42172184	-0.092710194	0.092284198	0.47480089	0.33303542	0.69265914	0.03985583	0.38492911	0.13963543	0.19874629	0.021737176	0.2406712	0.10333811	0.11250913	0.2378028	0.28627981	-0.0052401953	-0.010680665	0.17488429	0.43150941	0.27972871	0.36197841	0.43285221	-0.14838713	0.10170861	-0.069256547	-0.041465606	-0.064670263	0.14052476	-0.10647302	0.39396991	0.16042475	-0.059920249	6.2489471e-05	-0.047248187	0.0057290972	0.15837107	-0.11061327	0.10268859	-0.16732468	-0.039190186	-0.087614796	-0.078581474	0.1778965	0.33862825	0.24354475	0.39372293	-0.064708874	0.2520948	0.137103	0.10719978	0.038193475	-0.036680421	0.452872	-0.14202472	0.033511631	-0.24201635	-0.021421034	0.27621882	0.36497349	0.16120551	0.16519202	-0.039760328	-0.0015617389	-0.15340858	-0.034285694	-0.18393617	-0.15761059	0.3107689	0.28730335	0.14730082	0.01832756	0.10066267	-0.11176768	0.010806503	-0.057098072	-0.02921579	0.20982925	0.20993701	0.22818894	0.013197409	0.42728955	0.34831019	0.38554684	0.23131716	0.15823	0.066625888	-0.11831534	0.0065410954	0.2968084	0.77857003	0.26101226	0.44118287	0.17549831	0.19291332	-0.2948588	-0.13239812	-0.037925532	0.076924832	0.28053138
0.68207826	0.10329886	0.47765461	0.25197429	0.48084348	0.59156658	0.22579228	0.43784948	0.5877185	0.43433646	0.21489444	0.3731455	0.78718027	0.6269884	0.67623492	0	-0.023096519	0.19143979	0.0015807279	0.100262	0.0089093003	0.16286364	0.16931054	0.73191591	0.52942121	-0.10356692	0.012099995	0.2130123	0.47998059	0.49340227	0.37745048	0.37404274	-0.038702541	0.29486941	0.020972013	0.33556216	0.16675329	0.53646306	0.47485856	0.67431905	0.14618312	0.47353564	0.53522361	0.28205713	0.39155486	0.18878532	0.67186203	0.090619641	0.18183563	-0.061916886	-0.050896941	0.39576814	0.68890951	0.24368027	0.48947204	0.1130435	0.1179014	0.030705427	0.17209978	0.15211938	-0.10724076	0.58393779	-0.037532358	0.0046023326	0.24175661	0.12121593	-0.025370194	0.25328676	0.004347961	0.31814007	0.55894044	0.20218341	0.81927109	0.0038274684	0.18942354	0.24059642	0.4416391	0.27009181	0.23328833	0.21008592	0.094076173	0.35063307	0.2817213	0.14891991	0.13822942	0.040266314	0.35336729	0.17644092	0.08810924	0.52082604	-0.026686304	0.026623556	0.073139664	0.12900954	0.039861511	0.22180574	-0.040300875	0.37777417	0.0078328452	-0.15023207	-0.041560486	0.236019	0.33742168	0.11313359	-0.12785141	0.2689213	0.026612514	0.10751681	-0.050228336	-0.04876284	0.11639507	0.27292283	0.17328198	0.23691924	0.21174602	0.3836	0.32271787	0.25803713	0.36907005	-0.16754331	0.37922752	-0.0534754	-0.053744311	-0.071056361	0.087416334	-0.014139254	0.2086419	0.062113678	0.010771082	-0.19293503	0.19183304	0.048884892	0.1628553	-0.1328337	-0.14710162	0.13578334	0.19548131	-0.065357869	-0.090605742	0.094075383	-0.033205872	-0.062319663	-0.12386209	0.18401318	0.18788804	0.16345072	0.27055973	0.1360521	0.34879428	0.44598845	0.57903845	0.37619701	0.15469702	0.21026381	0.12303019	0.024374316	0.34442389	0.75432454	0.24732036	0.53143295	0.19487902	0.017910144	-0.10762474	-0.090998895	0.13651088	0.19879718	0.34869131
-0.13824916	0.13887777	0.10405368	0.38420663	-0.10469025	-0.089899663	0.37067823	0.42060468	-0.13382402	-0.12756645	0.14579798	0.35082385	0.00017646674	0.083709321	-0.075311215	-0.023096519	0	0.3289669	0.1806092	0.12556005	0.19112599	0.18102834	0.043141318	-0.0020782913	-0.24110408	0.61346875	0.24565823	0.21582283	0.16986392	-0.10648769	0.099905088	0.2681529	0.48834866	0.41599117	0.067747531	0.57399457	0.30984724	0.27354873	0.0019627256	-0.16360682	0.58533516	0.072695987	0.038507807	0.064135506	0.17735295	0.3102723	-0.066698418	0.69957224	0.52716777	0.1191127	0.13904144	0.11532634	-0.059996992	-0.047322681	-0.12660915	0.041205132	0.10863326	0.16346065	0.21593856	0.1625141	0.1772502	-0.096517671	0.18076704	0.34365692	-0.11048909	0.098254662	0.45799472	0.10952519	0.3075572	0.0011909358	-0.076415319	0.21279132	0.017899569	0.496601	-0.26161851	0.17408036	0.080097984	0.52751873	-0.25492465	-0.19107056	0.43765572	0.4639757	-0.18082909	-0.064652514	0.087389232	0.36638939	-0.14286519	-0.062135268	-0.17364007	-0.072847221	0.56728844	0.33180848	0.16773827	0.14946498	0.17466753	0.18039484	0.13716097	-0.01050355	-0.23912147	0.58419318	0.25554855	0.14234497	0.3825916	-0.14052743	0.096461226	0.072368707	0.57063438	0.53866348	0.40742123	0.56252835	0.24988042	-0.23364412	0.1600621	-0.19870543	0.50669391	0.26485221	0.076401273	0.15841285	0.21342358	0.44762648	-0.07502286	0.65913989	0.56664929	-0.13532959	0.25252572	0.14802598	-0.26198097	-0.21231236	0.18172466	0.11730302	0.14290199	0.1806823	0.1592771	0.30203266	0.19677579	-0.18021082	-0.11223168	0.11577056	-0.090901617	0.041326533	0.43250638	0.21630963	0.46947983	-0.14749043	-0.1455423	-0.3310426	-0.015893329	0.51324882	-0.004122347	0.30740595	0.010076885	0.2767391	0.05259692	0.1134492	0.26661683	0.17541865	0.16102165	0.091321382	0.2175629	-0.092111076	0.36913064	-0.043740338	0.1260075	0.16562022	-0.089867427	0.25377083	0.15925681
0.13827025	0.023310233	0.10082872	0.19432365	0.031829421	0.078046235	0.38304389	0.37583648	-0.0529107	-0.10172684	0.1175649	0.47454347	0.33404239	0.40554485	0.22720413	0.19143979	0.3289669	0	-0.020084031	0.071947471	-0.022840632	0.034787559	-0.057785404	0.16854683	-0.11948729	0.40622861	0.18738669	-0.051004376	0.22051827	-0.050102873	-0.15738914	0.37608097	0.085040561	0.23627759	0.17290452	0.39189586	0.07677356	0.26362882	0.30868858	0.23615179	0.4213826	0.1489262	0.12842813	0.096600866	0.02126771	0.2019974	0.27278979	0.26355702	0.56267593	0.068071371	-0.0099938909	0.37559914	0.33173824	-0.17339189	0.048680822	0.10767142	0.041868852	0.069336194	0.19852604	0.16276125	-0.065756303	0.20798048	0.041316858	0.12128692	-0.076722472	0.086989465	0.32721703	0.36182234	0.14119496	-0.13958362	-0.00194254	0.073143282	0.21915172	0.32047798	-0.052308491	0.051410306	-0.019766847	0.21460782	-0.24558556	-0.10758244	0.45730774	0.43899578	-0.10394618	-0.21509766	0.024335837	0.39553433	0.15919175	0.10883158	-0.028481145	0.064661252	0.28334761	0.38382095	-0.020492221	0.052990633	-0.063119501	0.11135276	-0.030729568	0.077872506	-0.23290898	0.3898997	0.16222482	-0.045599212	0.23782369	-0.13890877	-0.047803145	0.054092338	0.18876543	0.11212188	0.10464914	0.37029428	0.18323877	-0.15588929	0.34510797	0.20149982	0.31977602	0.10477361	0.15237563	0.04753099	0.10769979	0.19167175	0.30179786	0.28599774	0.51985854	-0.13180842	-0.018247712	0.22582105	-0.10373899	-0.24864039	0.27704131	0.035440253	0.057758563	0.04575903	0.062342838	0.0053889968	-0.061702571	0.10198521	0.051411646	0.0064744318	-0.15789448	0.031875865	0.21736978	0.18221209	0.27021219	-0.21505129	-0.17302202	-0.13848771	-0.076947557	0.13005979	0.11514588	0.25307024	0.15289413	0.34993354	-0.037499929	0.11986157	0.076416531	0.082322362	0.21202762	0.30843431	0.31097334	0.15022297	0.3324831	0.15875664	-0.18394961	-0.10243537	-0.23873509	0.25955046	0.1016666
-0.14103224	0.85062031	0.2631341	0.026584117	0.0097650403	0.026813967	0.30367067	0.2536532	-0.10290781	0.11279163	0.59983928	0.17609134	-0.095510857	-0.0062676273	-0.046769438	0.0015807279	0.1806092	-0.020084031	0	0.8056358	0.86295967	0.52728318	0.066542436	0.021441418	-0.22649758	0.064557144	0.14706809	-0.01755852	0.10379482	-0.10371114	-0.11480985	0.31354241	0.2357346	0.29526102	0.0044203662	0.16798325	0.35154105	0.049594407	-0.181813	-0.12788031	0.16253763	0.46649264	-0.089335446	0.38953032	0.12224558	0.43996466	-0.13748747	0.21909924	0.15122508	0.10808004	0.71180281	0.061059141	0.064767135	-0.0098243017	-0.12470842	0.22531399	0.80239195	0.89702054	0.76989632	0.57740028	0.60480318	-0.020859695	0.092204962	0.24977734	0.0039841788	0.059321755	0.14736342	0.11737842	0.1923521	0.074025605	-0.11233662	0.3615791	-0.02441457	0.29367156	-0.18888266	0.68453311	0.25607546	0.10788415	-0.1671146	-0.13526219	0.22199006	0.1808911	-0.2210835	-0.013410981	0.49741808	0.44802041	-0.11980681	0.13877017	0.019027949	0.012866291	0.21226857	0.36940911	0.88971762	0.75678761	0.81646777	0.52365921	0.14203799	-0.055320457	-0.14466284	0.28662541	0.33852123	-0.075033345	0.42321765	-0.13990952	0.11845341	-0.072176642	0.25641304	0.25687319	-0.0060607124	0.36062745	0.4255222	-0.22843672	0.13538548	-0.2176902	0.083891835	0.55793548	-0.06046705	0.42478728	0.15881725	0.36279303	-0.21756315	0.13154888	0.26733579	-0.053111049	0.33373129	0.37282136	-0.13378353	-0.13211589	0.48921257	0.3756445	0.74844833	0.72544594	0.57445039	0.56913301	0.67837328	0.1374438	-0.070167495	0.12856923	0.04442436	0.078076525	-0.046483613	0.48804852	0.27980466	-0.029459003	-0.14391371	-0.10131213	0.041498306	0.19941395	0.18363802	0.11696271	0.074097012	0.035844718	-0.00023798425	0.077030212	0.068344967	0.019504427	-0.040041068	0.064358051	0.034603907	-0.021450892	0.19587217	0.19219772	0.056098456	-0.0053069846	-0.14270451	0.11888466	-0.21707027
-0.15754626	0.63929965	0.40143282	0.24152016	-0.12110752	0.025724803	0.41116238	0.3125553	-0.18140202	0.099806158	0.8565591	0.33731808	0.094206697	0.12536522	-0.086961244	0.100262	0.12556005	0.071947471	0.8056358	0	0.725777	0.6530417	-0.011690661	0.063193717	-0.37538589	0.074598927	0.135086	0.12275743	0.27082533	-0.23422424	-0.14057268	0.19068588	0.17950398	0.35113104	0.083310421	0.19632094	0.13083543	-0.095715771	-0.032642986	0.051160515	0.24329806	0.29389903	-0.013456429	0.56686306	0.28662189	0.49126714	-0.024410911	0.24629616	0.24187448	-0.0400387	0.73000964	0.029415686	0.11606277	-0.23020463	-0.12795061	0.16209646	0.64258905	0.86601748	0.6964789	0.40291852	0.51394912	0.11809423	0.28251402	0.041449058	0.0018358914	0.063687521	0.16386238	0.19307509	0.26282748	-0.073038682	-0.19579396	0.20256302	0.0019224639	0.24076571	-0.24574846	0.52323818	0.44031943	0.26340432	-0.29536183	-0.15708486	0.31229061	0.28316185	-0.29354106	-0.11581435	0.78608546	0.42891367	-0.058836552	0.056031606	-0.079988388	-0.02262378	0.32796906	0.30798781	0.81079814	0.95511287	0.71093573	0.74056082	-0.064790417	-0.15294142	-0.33494746	0.27032747	0.30910088	0.031638415	0.51566006	-0.25223975	0.16226665	-0.096685123	0.24290429	0.22117756	-0.062893173	0.35935295	0.29111321	-0.35733765	0.116307	-0.10215411	0.23794033	0.50115534	-0.031065149	0.64839231	0.3250542	0.38133445	-0.14251337	0.14562931	0.28972954	-0.069148922	0.39418403	0.18322672	-0.21456782	-0.3224738	0.47201442	0.28932524	0.68839789	0.68260032	0.62801942	0.43106829	0.47762719	0.069555279	-0.1920191	-0.093236688	-0.052125178	-0.0045933163	-0.029018585	0.38831334	0.27933695	-0.093160326	-0.30197967	-0.20026535	-0.04659664	0.19788144	0.09872296	0.14691726	0.14001677	0.097892469	-0.12006532	0.084400772	0.086411385	0.0071540838	-0.01590334	0.05479939	0.077963209	0.008432735	0.15054701	0.1787072	-0.038438343	-0.070464001	-0.16785575	0.13912071	-0.13762554
-0.094237286	0.78695673	0.30191447	0.078112846	-0.04081461	-0.010127308	0.38440003	0.33015597	-0.080526244	0.16159776	0.59933636	0.22409901	-0.026537157	-0.04424842	-0.0055580218	0.0089093003	0.19112599	-0.022840632	0.86295967	0.725777	0	0.66757297	0.16010077	-0.015287239	-0.21710547	0.17911136	0.36530875	0.044656096	0.16875021	-0.061736427	-0.13056107	0.28718755	0.30789168	0.29541109	0.1082691	0.16052596	0.43587573	0.060012553	-0.096154421	-0.064825017	0.13583159	0.31130029	0.0063398059	0.44637463	0.16555856	0.50744069	-0.088405142	0.21802482	0.19820361	0.13482071	0.79162684	0.069755056	0.034441518	0.010900003	-0.12148606	0.3389384	0.58460296	0.85350523	0.73883627	0.6651636	0.67057405	-0.041801398	0.11970879	0.19114466	0.072626575	0.099919487	0.30554258	0.25518437	0.35702634	0.030634617	-0.071314629	0.48004425	0.0077900702	0.19039793	-0.13879301	0.60497477	0.29428854	0.082440352	-0.16271398	-0.13784936	0.33645169	0.1997846	-0.23579676	-0.0037306956	0.55977509	0.422983	-0.11970323	0.051824596	0.12374157	0.001772869	0.19227946	0.27606275	0.79644497	0.69948736	0.80875164	0.57934824	0.15279923	-0.075884626	-0.104244	0.38595588	0.48914737	-0.031029094	0.3650471	-0.053731273	0.039269862	-0.061578414	0.29598469	0.23857543	-0.13221365	0.37462455	0.53038793	-0.16188436	0.023744664	-0.14387041	0.14433453	0.42496888	-0.015271666	0.48539952	0.14189204	0.47121974	-0.2535473	0.074491477	0.27463672	-0.10420172	0.33767655	0.34310829	-0.094775419	-0.095974422	0.46601863	0.49840233	0.57955495	0.71420021	0.61786841	0.62002888	0.62223092	0.11554936	-0.07589006	0.090740512	0.08570956	0.14082906	0.082834441	0.51214912	0.42205226	-0.057165461	-0.13500014	0.013483201	0.06835094	0.25983511	0.31844114	0.20674864	0.16122635	0.065113091	-0.029412764	0.014407179	0.069472564	-0.0247536	0.10465926	0.13560158	0.10644404	0.10230766	0.2048517	0.19718516	0.020397046	-0.028643394	-0.20437439	0.20918592	-0.10017599
