0	0.4136584	0.3128918	-0.021106489	0.56576824	0.11043496	0.05541026	-0.041725989	0.15334222	0.23516814	-0.0059868879	0.26176698	0.15842176	0.26312034	0.68426407	0.23869867	-0.044043211	0.27572713	0.17838994	-0.10656964	0.31143836	0.044223768	0.12420771	0.67150591	0.4852131	0.23368423	0.18449948	0.087749042	0.13926905	0.17513375	-0.012311982	-0.25750427	0.24560882	0.2830268	0.26749775	0.26162311	0.70202615	0.44762935	0.22143892	0.43916842	0.17637431	0.33895017	0.097918032	0.040600815	0.14674328	0.055750744	0.030745157	0.23850052	0.21858689	0.36079001	-0.045659433	0.55429609	0.12916077	0.29127988	0.36742782	0.51295669	0.16397029	-0.11093072	0.010973118	0.29664731	0.020225375	0.72327111	-0.096592456	0.54548909	-0.012194687	-0.23776722	0.18919603	0.44376051	0.078460028	-0.038131687	0.026290178	0.72855851	0.12235883	0.15635872	0.74587367	0.038943784	0.22783023	-0.036925956	0.31723049	0.18096674	0.11167823	-0.022248575	0.28390474	0.20951198	0.020146796	0.35078898	0.21441577	0.023248588	0.69554268	0.10391703	0.16219574	0.29947686	0.1017738	-0.11229335	0.064236626	-0.056375947	-0.0011796722	0.52341806	0.66515277	0.025904691	0.090860784	-0.043712561	-0.042938426	0.18808956	0.25148753	-0.13080913	0.28293958	0.19250953	-0.037700005	0.16951168	0.62755026	0.42522279	0.25932683	0.41684484	0.0076160642	0.19429873	0.17008868	0.005926673	0.010459287	-0.074881719	0.58855863	0.083062667	0.14262707	0.23378611	-0.12592995	0.47504278	0.35911204	0.4377469	0.39079904	0.3361451	-0.0057386806	-0.13779816	0.11898747	0.090177183	0.029120941	0.64553181	0.22197271	0.50865224	0.059271734	-0.13142995	0.1341448	0.19743857	-0.00016671775	-0.035743736	0.10457535	0.65784216	-0.057479137	0.23971528	0.4890566	0.25286883	0.16368083	0.24086324	0.12756284	0.20022317	0.16265165	0.12659898	0.20448145	0.48875811	0.23328768	0.14855075	0.052036501	-0.033693959	-0.011446615	-0.14473512	0.10091323	0.10423566	0.3996625
0.4136584	0	0.35599075	0.041537876	0.33440385	0.1353	0.34196681	0.23567419	0.152719	0.28622023	0.27260477	0.37783686	0.28189265	0.32694974	0.51443795	0.36425295	0.18936598	0.31717589	0.68293797	0.33080789	0.50199592	0.3011165	0.29054538	0.42253352	0.23029636	0.36115377	0.38012141	0.35276896	0.30590466	0.22589735	0.077398436	-0.15734461	0.48220424	0.48152682	0.44382938	0.31202127	0.44607941	0.3007679	0.30921351	0.38175341	0.40721907	0.83595687	0.41321402	0.29172813	0.29480501	0.31698875	0.11606801	0.40036076	0.40745562	0.3531839	0.30144286	0.4616066	0.32533631	0.37664827	0.14425566	0.3285977	0.80056945	0.42432128	0.30403722	0.46906177	0.32222649	0.3459241	0.036394154	0.42347734	0.11005506	0.040729474	0.41297451	0.41264393	0.2417426	0.052518993	0.075483234	0.35925574	0.26232935	0.39762051	0.31046242	0.45433434	0.32596576	0.031730801	0.21960328	0.16018214	0.29552041	0.18117418	0.15844549	0.25544543	0.30480872	0.26015717	0.028324521	0.24377277	0.37526782	0.23680701	0.17014363	0.33317484	0.40700324	0.25690915	0.3904122	0.13623992	-0.07023824	0.27669525	0.25552322	0.26389766	0.32917177	0.19582145	0.20237033	0.20768006	0.058400128	-0.0039602341	0.36563185	0.33734369	-0.023472155	0.19675709	0.3502944	0.19865429	0.24456171	0.18592904	0.24575456	0.50221664	0.040259192	0.21214457	0.19984686	0.20546516	0.38453748	0.35209328	0.26072287	0.24626655	0.14080536	0.2985618	0.33138649	0.30841949	0.25221328	0.31464372	0.45376748	0.28508675	0.36804365	0.39977652	0.18497488	0.26445352	0.11033959	0.32276723	0.064806363	0.031137936	0.34728474	0.36700101	0.22857924	0.069274656	0.021382263	0.33428405	0.17086087	0.40591529	0.54910663	0.41019095	0.24527279	0.34492828	-0.090327077	0.10826015	0.3476829	0.20860108	0.28302129	0.54931828	0.5018635	0.41360992	0.21901945	-0.0886966	-0.018687397	-0.039991469	0.29865778	0.16232634	0.39042587
0.3128918	0.35599075	0	0.2083305	0.065982312	0.18377819	0.41275728	0.29139309	0.095558347	0.23894329	0.35815502	0.31288209	0.021035836	-0.032193298	0.41821256	0.28257746	0.13813964	0.415552	0.57596551	0.28276157	0.59763077	0.38103063	0.35781602	0.31286652	0.10548807	0.34571458	0.42800463	0.56834041	0.48403396	0.24846548	-0.06471446	-0.20851305	0.55214092	0.59228454	0.41584385	0.44052506	0.46290662	0.094021146	0.099972069	0.050468048	0.55037837	0.19505225	0.26998247	0.22989813	0.51876409	0.29390898	-0.19194602	0.28962335	0.44950556	0.33841282	0.253897	0.35539716	0.36933874	0.28719406	-0.068101558	0.38370078	0.29799883	0.45942785	0.34284412	0.44747086	0.37349479	0.12181313	-0.018498866	0.39215777	0.1660895	0.21909801	0.3913826	0.35629364	0.28276665	0.050993157	-0.1423267	0.28729273	0.023892671	0.52689064	0.3082557	0.43046705	0.89412784	0.18986808	-0.0053402964	0.19603233	0.3733324	0.19599268	0.16624105	0.34959001	0.46330864	0.40950212	-0.18226071	0.19378514	0.35473625	0.14501667	0.20761132	0.43952123	0.55791456	0.39676678	0.60873553	0.30919116	0.097580298	0.31511375	0.24304046	0.31883309	0.36224891	0.39812481	0.41145098	0.24959581	0.094258397	0.043840089	0.45236532	0.48895486	-0.027998305	0.36900444	0.38421285	0.022584503	0.06142932	0.049307452	0.41122075	0.35541862	-0.026142768	0.29192165	0.41083098	0.25456449	0.27286628	0.27552867	0.39966212	0.12863796	0.35954998	0.35034216	0.37568707	0.34785709	0.2250554	0.39766879	0.33110729	0.44149185	0.45115452	0.47278783	0.42426563	0.21739759	0.10173028	0.46713052	0.18697003	0.066380693	0.37936639	0.40916728	0.2497368	0.101531	-0.11092526	0.30115802	-0.012526687	0.43176659	0.50715346	0.35589572	0.12127493	0.35256899	-0.085558952	0.2982081	0.35062715	0.31570004	0.16991717	0.45731951	0.54669644	0.35424233	0.30208482	0.074575582	0.15004651	0.073953135	0.33661604	-0.043429272	0.49868729
-0.021106489	0.041537876	0.2083305	0	0.045630819	0.038217564	0.36869731	0.26744754	0.042543881	-0.13031281	0.30234806	0.3373723	-0.11629323	-0.20756118	-0.018230238	0.20109192	0.28580826	0.17570836	0.09719507	0.27353775	0.12597557	0.19684942	-0.0013124492	-0.11105557	-0.11640717	0.41617356	-0.065090706	0.43458785	0.6042163	0.015045402	0.019129895	-0.13841888	0.33390164	0.2857612	0.12887217	0.38851076	-0.093745466	0.002632734	-0.10518163	-0.22168614	0.4066699	-0.10550942	-0.00085315337	0.13166428	0.61974221	0.11409137	-0.081444452	0.2722336	0.43226753	-0.033103742	0.24088664	-0.20487427	0.30509674	0.07691012	-0.08257757	-0.21034456	0.08878606	-0.003058986	0.34626988	-0.10388384	-0.13349215	-0.18910648	0.16680732	-0.090587602	-0.034963875	0.15622483	0.31447946	-0.047222484	0.096783915	-0.00075618612	-0.03686351	-0.15506568	0.024733956	0.35138076	-0.0092101997	0.32724898	0.16067647	0.8095705	0.16043896	0.040770471	0.30924359	0.36415207	0.0094402376	-0.059141319	0.25189585	0.36401865	-0.088543654	0.033793217	0.031761874	0.23984891	0.23653155	0.11499635	0.029874944	0.30469294	0.18600368	0.2267346	-0.10477899	-0.00061699959	0.011763082	0.4596125	-0.11328212	0.53906775	0.6424071	-0.061820907	-0.088206782	-0.088109495	0.36565405	0.3188335	0.10385517	0.42710247	-0.050739058	0.058198202	0.010846526	-0.049295653	0.54035354	0.18475146	-0.16792	0.1234749	0.72532381	0.055469763	0.015283977	0.14761487	0.45937908	-0.093395502	0.27877093	-0.14747628	0.24693156	0.011130372	0.11543712	-0.14245107	0.28279381	-0.017272226	0.21175571	0.089881893	-0.13227949	-0.06190441	0.044169116	-0.15423614	-0.032588822	0.020575425	0.20310137	0.14436002	0.10977434	0.05781339	0.0036152679	-0.082945956	0.15515753	0.37505325	0.14397535	0.14062644	-0.096775169	0.20375976	0.088377009	0.15081162	-0.036961811	0.19107487	0.073836293	0.17826755	0.08234104	0.075985388	0.26147848	0.19681304	0.016131776	0.025876105	0.09560987	-0.19216061	0.13440905
0.56576824	0.33440385	0.065982312	0.045630819	0	0.52023114	-0.071916268	0.2373461	0.59365648	0.20115226	-0.013510666	0.049752122	0.45339588	0.4796924	0.43024661	0.52654957	-0.064780727	0.086748336	0.073094213	0.0014852619	0.17172205	-0.059040755	0.1782894	0.54181441	0.71827966	-0.070294161	-0.0147169	-0.0077569312	0.022585071	0.39317322	0.45631617	-0.021838963	0.0043400396	0.29554289	0.10014035	-0.11257377	0.47470016	0.75284046	0.23875811	0.33379996	-0.043872014	0.2913092	0.38776309	0.040273028	0.1076672	-0.10998676	0.17054458	-0.03811183	-0.10490274	0.21012765	-0.051192947	0.17435866	-0.012488496	0.43298103	0.58070883	0.11781385	0.14919968	-0.054837413	-0.046989314	0.12257949	-0.075251319	0.43487832	0.014339688	0.2602493	0.010948759	0.057886346	0.052005792	0.026337379	-0.18343903	0.35736573	0.63172662	0.5506305	0.59478196	-0.017872356	0.38874255	0.0843034	0.061210972	0.137554	0.5932924	0.41380885	-0.20439235	0.077440715	0.43581105	0.13609826	-0.080054647	-0.14727413	0.42151674	-0.012889478	0.29171225	0.39652069	-0.12897386	-0.11906374	-0.011336119	-0.056694874	0.034933339	-0.15439649	-0.072972417	0.44190847	0.43113523	-0.27283685	-0.077177263	-0.012355154	-0.10882289	0.12920248	0.3312406	0.12332968	-0.0026536088	0.22437711	0.068511131	-0.18358974	0.26410212	0.59647394	0.054753023	0.052986366	-0.078794489	0.067984641	0.32837219	-0.099436662	0.10472262	-0.26056211	0.28360736	-0.16797093	-0.16129413	0.10061227	-0.087754781	0.011758322	-0.043817736	0.10041265	-0.017054852	-0.012589959	0.042557123	-0.13253944	0.041364887	-0.11103584	-0.13975416	0.25797808	0.22076752	0.3000947	-7.3290139e-05	0.091168927	-0.090647592	-0.2302351	-0.12785591	0.31640375	0.60259392	0.41453487	0.44317321	0.025269094	0.23707096	0.14013585	0.33658333	0.044966208	0.049068703	0.22640014	0.1155575	0.019757353	0.35134234	0.40455551	0.10314058	0.19644125	-0.03302322	-0.1420373	0.098322918	-0.077265631	0.064731806	0.11679823	0.23818038
0.11043496	0.1353	0.18377819	0.038217564	0.52023114	0	0.10745187	0.41788255	0.74211886	0.5999029	0.12549029	-0.096509615	0.39374461	0.18658915	0.17997741	0.40533936	-0.093449992	0.27088746	0.18292085	0.013300581	0.26495148	0.097507832	0.51272428	0.44879741	0.60609126	-0.19359428	0.0075098464	0.020436818	0.0044945224	0.59936686	0.49051684	0.14375814	-0.013634389	0.23095015	0.08160239	-0.140267	0.23440775	0.40292315	0.08003701	0.2377996	-0.11724174	0.12917188	0.32207335	0.2389715	0.15512468	-0.0099994248	0.16620134	-0.067963638	-0.036495721	0.23669806	0.04615463	-0.060017979	0.074425455	0.56163053	0.3316969	-0.0554264	0.09943106	0.12982262	0.0026227391	0.033825079	0.19066948	0.12509572	0.0587482	0.36203547	0.35086769	0.60173367	-0.012797872	-0.22876419	-0.084632797	0.54086743	0.63477489	0.29572284	0.34462111	0.042843028	-0.058713442	0.078105604	0.20241091	0.10604877	0.27969782	0.86507177	-0.12140579	0.1730627	0.58429366	0.45092008	0.10422332	-0.25485945	0.22103974	0.00854234	-0.051563878	0.38938312	-0.20385194	0.083412099	0.16061872	0.015069009	0.18393304	0.056364307	0.24479974	0.41336598	0.070808525	-0.31266082	-0.03798249	-0.038382441	-0.087743178	0.27659596	0.32657361	0.44257473	-0.083912561	0.12790297	0.20008118	-0.19524121	-0.035809641	0.27353825	-0.053294719	-0.026111891	-0.11975607	-0.11005919	0.25569163	0.24640601	0.16053995	0.017621863	0.228269	-0.12709061	-0.1677051	0.021688755	-0.027133615	-0.077934982	-0.046441928	0.1546702	-0.26297784	-0.087924137	0.019176121	0.084988365	0.053836862	-0.1835755	0.17627967	-0.13383383	0.34595832	0.36848058	0.29696913	0.55067783	-0.18063848	-0.28615699	-0.13061489	0.35959357	0.55624216	0.08781795	0.37980386	-0.038849477	0.04057228	0.22416641	0.29683981	0.10573965	0.066098874	0.53043666	0.30015116	0.36448011	0.47956255	0.26258209	0.22451403	0.27784543	0.049249933	0.017831197	0.43224666	0.10560251	0.29140327	0.17822433	0.31621899
0.05541026	0.34196681	0.41275728	0.36869731	-0.071916268	0.10745187	0	0.651669	-0.0094566924	0.1410335	0.52938296	0.69866053	-0.041238398	-0.08859269	0.43999654	0.40684111	0.45770178	0.47641045	0.4841752	0.46476775	0.39112947	0.50809337	0.20475017	0.066498793	-0.25752873	0.7260501	0.39206159	0.48249316	0.60749749	0.20987778	-0.088911048	-0.10551115	0.57263042	0.47495053	0.29789913	0.63390198	0.15442759	-0.13749057	0.10892807	0.064494783	0.69168817	0.2149416	0.13704261	0.44827622	0.39841584	0.59204888	0.064854264	0.63526226	0.78746604	0.11087178	0.3967573	0.19918117	0.84196282	0.40845464	-0.16993827	0.086745241	0.41668172	0.31707346	0.65761616	0.311779	0.29752543	-0.16776315	0.0511106	0.27122621	0.20052587	0.47570339	0.49322495	0.41925778	0.59838549	-0.11084295	-0.29851981	-0.10158434	-0.014690903	0.628139	-0.093725436	0.51854679	0.45540918	0.28756332	-0.081015994	0.058159225	0.88139146	0.64987258	-0.0014261303	0.1391928	0.55814606	0.51525378	-0.36350852	0.32872112	0.11722039	0.15960464	0.4258618	0.50645038	0.3202891	0.50418572	0.48972173	0.49671592	-0.020813633	-0.084257102	-0.13123801	0.69939108	0.30576272	0.45467825	0.51101619	0.10245119	-0.09469656	0.12218299	0.58138053	0.49209029	-0.10393374	0.61850474	0.0077457656	-0.27456387	0.028844395	-0.019437688	0.7128029	0.44895133	-0.19657497	0.42750228	0.36224884	0.58079149	0.1344805	0.61395283	0.75009927	0.074502466	0.439039	0.031591295	0.64904486	0.30168091	0.18551876	0.084173544	0.43754868	0.31013752	0.56338036	0.43642945	0.20739423	-0.15885273	0.13562943	-0.014506467	0.11484563	0.21545951	0.44612206	0.44677606	0.48510997	0.082412811	-0.33495487	-0.095598009	0.061113023	0.61728593	0.38026263	0.52185037	0.42672718	0.62401062	0.23365832	0.14586482	0.24471654	0.34420622	0.20377475	0.49242153	0.48548742	0.51942737	0.64791734	0.20045982	0.022364601	-0.14485491	0.30049269	0.14390291	0.4089484
-0.041725989	0.23567419	0.29139309	0.26744754	0.2373461	0.41788255	0.651669	0	0.4302683	0.27954619	0.4068936	0.46962735	0.27139342	0.19043118	0.28053745	0.592126	0.37214338	0.29806055	0.36890895	0.36493667	0.37701242	0.41185946	0.27157721	0.22058834	0.078779476	0.47528551	0.3338024	0.42470229	0.46910134	0.40562562	0.33576849	0.079030345	0.32959613	0.43497422	0.33559469	0.28836706	0.18541816	0.26134615	0.21007115	0.17529388	0.40632574	0.1541028	0.44614337	0.4044303	0.34841381	0.487646	0.10682705	0.39114876	0.44932959	0.1830675	0.3382592	0.050761537	0.49477714	0.4465224	0.10528192	-0.096038193	0.30706818	0.28530472	0.56137877	0.30520095	0.288601	-0.12221094	0.092605949	0.22937274	0.23680677	0.57947974	0.46058142	0.15384389	0.409267	0.21723133	0.24600879	0.0045291761	0.38055534	0.3662277	-0.15355483	0.42302736	0.37836645	0.18162155	0.15529823	0.27810335	0.42645486	0.80096248	0.2402081	0.18924195	0.37675873	0.1128385	-0.00581358	0.24349002	-0.063677623	0.33705146	0.21424517	0.16228042	0.27559788	0.3956308	0.43665898	0.36904141	0.037233547	0.066300769	-0.12446977	0.30114403	0.23978904	0.44787314	0.3893952	0.13856516	0.019107979	0.25453526	0.28125339	0.40811908	0.099837323	0.13239596	-0.085259683	0.05905318	0.021860957	-0.088182979	0.46996701	0.31955193	0.1460259	0.34890165	0.32587526	0.36404857	0.015952306	0.29928111	0.36603499	0.04747091	0.34818704	-0.10526912	0.16854338	0.056464945	-0.13463552	-0.085719835	0.3367211	0.26882282	0.48265303	0.2616936	0.15165848	-0.1944999	0.16105866	0.040525165	0.14439285	0.29611818	0.33561517	0.084775887	0.44009603	0.20967991	0.15739676	-0.11372323	0.38248468	0.29762562	0.25128643	0.49260206	0.40531231	0.46325137	0.20086692	0.26633512	0.30903846	0.26309012	0.34098562	0.48646001	0.42705056	0.3870372	0.46622937	0.1925686	0.19719821	0.054056213	0.29491346	0.17753282	0.36667209
0.15334222	0.152719	0.095558347	0.042543881	0.59365648	0.74211886	-0.0094566924	0.4302683	0	0.53413193	0.044658471	-0.1589885	0.24318316	0.12022243	0.17473762	0.28262092	-0.10573842	0.24196793	0.14282528	-0.061071818	0.22733788	0.039261853	0.40716426	0.32293694	0.68658344	-0.16715864	0.061870819	-0.023996398	-0.045009593	0.793908	0.394976	0.0080192366	-0.040737413	0.21204997	0.12036311	-0.1786559	0.28373263	0.45874499	0.10026833	0.16740936	-0.183304	0.18853699	0.3632068	0.15845112	0.022550893	0.012435668	0.017318913	-0.13479999	-0.11352044	0.23684046	0.015379948	-0.0069963984	0.019172249	0.44449586	0.30998609	0.12587438	0.042430935	0.07826104	-0.071516477	0.081035853	0.17711417	0.12040998	0.13430556	0.35726278	0.4301231	0.42156195	-0.0037910786	-0.21167979	-0.13317092	0.40547019	0.70303265	0.3512627	0.40833537	-0.024293665	0.025376164	-0.045061442	0.11142435	0.082811814	0.30508589	0.67639313	-0.21227519	0.20745796	0.81885011	0.48970686	0.033819783	-0.24218334	0.22360348	-0.20276273	0.019803187	0.1908876	-0.13843185	0.021395549	0.12898976	-0.076639082	0.085680961	-0.048305089	0.15942611	0.31156883	0.3060397	-0.32696011	0.051512472	-0.011323077	-0.11509358	0.49923661	0.18215916	0.41335704	-0.037640464	0.085106645	0.11392693	-0.24379759	0.13433136	0.3581449	-0.064728757	-0.12295249	-0.12183475	-0.068035154	0.32187018	0.16379534	0.044436271	-0.10489489	0.21556949	-0.16130384	-0.15184068	0.033906632	-0.11201731	0.0072014246	-0.075229109	0.11522695	-0.18846948	0.11500524	-0.095077102	0.023865669	0.087898825	-0.17804988	0.14791417	-0.0057809723	0.15885975	0.35896745	0.44548433	0.4472141	-0.079877912	-0.24814786	-0.11808447	0.38660089	0.69218211	0.24439146	0.37910256	-0.074208254	0.1690703	0.18727389	0.19634534	0.047943314	0.067740316	0.49967152	0.16425003	0.22560572	0.47801665	0.29964164	0.27444499	0.15726169	0.02372571	0.056266851	0.32291112	0.094676597	0.21442927	0.1967682	0.29744283
0.23516814	0.28622023	0.23894329	-0.13031281	0.20115226	0.5999029	0.1410335	0.27954619	0.53413193	0	0.16085541	-0.026975936	0.20875447	0.030146215	0.25105154	0.10577612	-0.033955604	0.35629861	0.39123741	-0.11815105	0.47620018	0.34613029	0.53367747	0.45183743	0.5314123	-0.0023876274	0.3071216	0.032974202	-0.062720071	0.69608652	0.30310116	0.074454635	0.11643954	0.15508665	0.28453987	-0.076710074	0.37538138	0.17390784	0.19165164	0.44763301	-0.045805597	0.29432894	0.22002896	0.46682435	0.10948405	0.28467263	0.035049103	0.13486936	0.14430905	0.443915	0.069639372	0.36421726	-0.011163827	0.43476708	0.089815114	0.36214147	0.15461891	0.23937524	0.033175553	0.28800769	0.5564843	0.30048305	-0.044752112	0.57267227	0.70293515	0.40597753	0.057327091	0.056015629	0.24111373	0.39080514	0.33655106	0.35121187	0.10406123	0.13248433	0.12100136	-0.11646019	0.20375102	-0.16674403	-0.035985414	0.58403268	-0.036636063	0.14575645	0.57530118	0.7832783	0.17500772	-0.084040908	0.15235374	-0.085326385	0.096961632	0.021748586	0.010020829	0.21327721	0.41481197	-0.14515561	0.23445726	0.21912056	0.55000242	0.38330379	0.15487696	-0.18470632	0.28945238	-0.12805259	-0.12916175	0.59909616	0.24266956	0.31754214	-0.055349361	-0.073145733	0.16303406	-0.16853607	0.16956311	0.0726277	0.17653989	0.15840802	-0.15563317	-0.095279966	0.32411784	0.56833113	0.024491833	0.29234804	0.37404273	-0.0012269139	-0.02010819	0.20441935	-0.11362603	0.3733483	0.0063679316	0.36927179	-0.19773544	0.26384377	-0.16068758	0.2023392	0.21786259	-0.059141033	0.55670604	0.11184725	0.36866661	0.56440357	0.6794386	0.39517897	0.0631735	-0.0027588747	0.10398539	0.13834285	0.26438445	0.17682544	0.060004003	-0.049155223	0.22916977	0.44697573	0.16892716	0.22185775	0.082814205	0.58715598	0.38018411	0.3567326	0.46712077	0.3503223	0.4330195	0.15293439	0.10314774	0.11299371	0.41621859	0.20411074	0.38045643	0.31187396	0.37681263
-0.0059868879	0.27260477	0.35815502	0.30234806	-0.013510666	0.12549029	0.52938296	0.4068936	0.044658471	0.16085541	0	0.29340275	0.012336045	-0.004545022	0.15048645	0.24327174	0.29263231	0.24450063	0.58198061	0.8620413	0.52944103	0.85282762	0.21022773	0.095171723	-0.11342188	0.28604501	0.073954072	0.27005915	0.35251304	0.1472401	-0.015629006	0.083943542	0.28260292	0.29512909	0.073451859	0.20868856	0.028672678	-0.025554502	-0.028876597	0.010435502	0.47382275	0.016914572	0.13526671	0.80737394	0.3122356	0.23681566	0.09496814	0.30202639	0.46152004	-0.083243214	0.75413029	0.036994974	0.44293585	0.1706953	-0.047045159	-0.065441568	0.41910572	0.53736136	0.61483215	0.21638887	0.35617034	-0.09196566	0.073530919	0.080221966	0.2487197	0.27750772	0.17693433	0.071286006	0.19315248	0.04936046	-0.06411224	-0.10357683	0.13990577	0.34909439	-0.080137638	0.51998099	0.38882476	0.26129199	-0.0054913622	0.070117322	0.36884038	0.25495773	0.047821266	0.085741883	0.9307616	0.18545538	-0.16467431	0.12114835	-0.037774304	0.15620058	0.014744322	0.1160739	0.36664088	0.77782212	0.69747767	0.89842549	0.0065016006	-0.016705415	-0.14125906	0.28772772	0.060038057	0.2115946	0.33306252	-0.018908511	-0.12980139	0.12345671	0.28829569	0.23306159	-0.14359553	0.22894142	-0.13966254	-0.15153929	-0.04190452	-0.1304651	0.47365415	0.32419383	-0.14732406	0.70181891	0.32115823	0.31944542	-0.0010036558	0.31060892	0.29619539	0.018757885	0.79509606	-0.080222006	0.31607203	0.0047165465	-0.0046886259	-0.050676335	0.58755014	0.51070838	0.26717021	0.29416911	0.29337243	-0.14589135	-0.036329161	-0.09089948	0.18858848	0.15405467	0.093468522	0.14140956	0.099044936	0.11763591	-0.11079866	-0.13583499	0.1071476	0.28513043	0.12698492	0.21286143	0.1921625	0.22938191	-0.0016560519	0.046143189	0.14377349	0.2718753	0.10853902	0.15347524	0.2972561	0.2083302	0.29055147	0.0175836	0.059312919	0.087663347	0.20067315	0.0045102614	0.25379525
0.26176698	0.37783686	0.31288209	0.3373723	0.049752122	-0.096509615	0.69866053	0.46962735	-0.1589885	-0.026975936	0.29340275	0	0.28846583	0.34677285	0.55991321	0.64402862	0.38385965	0.38495571	0.25908293	0.29082957	0.27247714	0.25123474	0.067783886	0.30533894	-0.11157713	0.76760968	0.21233616	0.39734495	0.63284708	-0.053012095	0.089684525	-0.10779934	0.47107323	0.56364494	0.41993023	0.70316297	0.28113234	0.21087524	0.49100503	0.31794906	0.58219584	0.31107538	0.30254813	0.21247692	0.43733098	0.39480738	0.21374445	0.67456124	0.70865417	0.22933783	0.21418093	0.41152166	0.50971396	0.28381135	0.020145495	0.11852111	0.41614313	0.035357604	0.41487342	0.28467695	0.05754892	0.19652629	-0.069978786	0.21635168	-0.15815805	0.069300865	0.450307	0.66111279	0.42202314	-0.047425088	-0.15245073	0.089545086	0.2868561	0.51277794	0.18158483	0.39201191	0.341805	0.24816144	0.12568447	-0.14011029	0.71335876	0.45893294	-0.17700742	-0.1140954	0.29492693	0.62028912	-0.031440907	0.57578972	0.32117667	0.43771673	0.44191001	0.35615154	0.093406796	0.31140554	0.26405096	0.21579628	-0.13779449	0.12249262	0.079147848	0.6517916	0.11620451	0.3795688	0.46634151	-0.067345088	0.057496071	-0.23230063	0.49524796	0.50106857	0.059550552	0.4985316	0.14558263	0.086638948	0.30603517	0.24179623	0.55973126	0.46706628	0.074258226	0.11660334	0.35710155	0.29529412	0.2216075	0.58438461	0.59175431	0.17835717	0.18856878	0.16935941	0.3888441	0.20285268	0.32085012	-0.007937733	0.34765601	0.046659256	0.34512491	0.34781473	-0.061093379	0.17550964	0.084629636	-0.030943757	-0.18980792	-0.18005743	0.33550515	0.4461326	0.28725651	-0.01479747	-0.1909121	0.082393621	0.2269699	0.59147709	0.41418867	0.54514003	0.36060044	0.67129647	0.25739014	-0.029233549	0.28214123	0.19162072	0.25770954	0.5236681	0.40207722	0.42733741	0.54537432	0.099694685	-0.1506396	-0.092488571	0.13420042	0.13338512	0.3550407
0.15842176	0.28189265	0.021035836	-0.11629323	0.45339588	0.39374461	-0.041238398	0.27139342	0.24318316	0.20875447	0.012336045	0.28846583	0	0.83186232	0.21737968	0.62862002	-0.075818454	0.0052340822	0.052104715	0.12186282	0.20845061	-0.0079159094	0.17907931	0.57742781	0.42508765	-0.078205978	-0.080911531	-0.035133926	-0.038343797	0.032159597	0.63671474	0.1462201	-0.054705108	0.27467288	0.20742357	-0.17585173	0.19853735	0.68147539	0.60353776	0.47539244	-0.18680639	0.22338003	0.56325033	0.061296792	0.0094427699	-0.010171539	0.38513978	0.07203966	-0.10439547	0.19349683	0.054961793	0.14822754	-0.18272221	0.24639053	0.42404411	-0.21040075	0.26079496	0.045587172	-0.0188667	0.14686281	0.032051299	0.38418948	-0.0089840669	0.094471198	-0.18676613	0.082674153	-0.014548849	0.010479249	-0.17599809	0.47566667	0.5773397	0.25679244	0.71356461	-0.081084032	0.15835684	0.16815614	0.098455485	-0.12073221	0.35894225	0.23133591	-0.15345692	0.014170451	-0.037136498	-0.043837041	-0.014922776	-0.24977871	0.5009635	0.4572472	-0.016806548	0.63458761	-0.14426352	-0.26547593	0.0089380101	0.10296593	0.14280041	-0.080924455	-0.019804714	0.35453972	-0.036586745	-0.20065281	-0.10303888	-0.056081403	-0.13315199	-0.17584049	0.38900864	-0.056416242	-0.17474182	0.16646244	0.29876301	-0.3442757	-0.10050317	0.42348411	0.21366131	0.11205514	-0.14127702	0.11196924	0.4691772	-0.063564421	-0.0047396637	-0.11563623	-0.0035444113	-0.08977161	-0.35984995	0.19614375	0.0065590453	-0.13561989	-0.32066109	-0.19780457	-0.21985958	-0.34207355	0.20474127	0.0063566017	-0.047378755	-0.13866043	-0.09365889	0.059372297	0.16159944	0.037903097	-0.25830875	-0.05313906	-0.23683426	-0.31089001	-0.13838443	0.15035544	0.44934034	0.00053106165	0.64069728	-0.12023908	-0.041439113	0.1304508	0.2256026	0.075318078	0.038127401	0.08989555	0.29615449	0.034414807	0.31525455	0.19877964	0.090494362	0.10393873	-0.11727678	-0.24586449	0.076989759	0.20863715	-0.031096325	0.10645554	-0.0022747473
0.26312034	0.32694974	-0.032193298	-0.20756118	0.4796924	0.18658915	-0.08859269	0.19043118	0.12022243	0.030146215	-0.004545022	0.34677285	0.83186232	0	0.34179034	0.64017929	0.010252938	-0.060611657	-0.0092066146	0.12956022	0.078952334	-0.072458555	0.10891795	0.61147185	0.3950157	-0.031281286	-0.14219344	-0.065407358	-0.084426464	-0.12887869	0.56242742	0.083725965	-0.049225942	0.23407138	0.19757319	-0.1550133	0.25354634	0.7322629	0.64949664	0.56893645	-0.1462486	0.31722173	0.5452069	0.002534073	-0.044045541	-0.097121407	0.46894333	0.062960301	-0.078927622	0.12777321	0.015096966	0.26810685	-0.18554944	0.15189729	0.53840872	-0.11545938	0.27930832	-0.051758832	-0.11578691	0.19086786	-0.080397269	0.55149776	-0.068063425	0.10739514	-0.34895086	-0.13948025	-0.015745575	0.18184166	-0.21317117	0.28748986	0.49151866	0.32073319	0.7154909	-0.16510482	0.26690822	0.14202347	-0.00070504776	-0.20148438	0.43705276	0.06235182	-0.12838259	-0.024419092	-0.12732492	-0.21455344	-0.052739891	-0.11953	0.57094908	0.49013641	0.1655584	0.59258594	-0.08231506	-0.21458296	-0.12756362	0.078176004	0.011794359	-0.14417606	-0.15981899	0.33853951	0.10732835	-0.1601896	-0.15929071	-0.06777087	-0.15934817	-0.29187927	0.21026668	-0.1458399	-0.10267497	0.14070315	0.17742854	-0.34674826	0.021071929	0.48960902	0.28837204	0.23178343	-0.10043402	0.21427143	0.38657292	-0.17679576	-0.08372904	-0.22355287	0.10614364	0.018578861	-0.28140039	0.18102253	-0.027441186	-0.048372511	-0.26924086	-0.19639972	-0.0037124747	-0.28779715	0.19461905	-0.098039291	-0.11403748	-0.042550714	-0.27671886	0.25245519	-0.0055102402	0.025401365	-0.39958934	-0.21505314	-0.19304245	-0.21414421	-0.16673983	0.086612406	0.33333247	0.15348066	0.51436171	-0.065629717	0.043488992	0.089261559	0.22103709	0.05718731	0.022429751	-0.093176335	0.15431645	-0.1427396	0.20312776	0.19791249	0.041516782	0.11895068	-0.10949401	-0.30356917	-0.099538067	0.019373112	-0.13636941	0.1531881	0.05603822
0.68426407	0.51443795	0.41821256	-0.018230238	0.43024661	0.17997741	0.43999654	0.28053745	0.17473762	0.25105154	0.15048645	0.55991321	0.21737968	0.34179034	0	0.56517048	0.22112653	0.39391764	0.32542325	0.018875581	0.30274883	0.17068881	0.24236868	0.55584066	0.46253078	0.52305267	0.38485409	0.25508477	0.3356576	0.315067	0.023660886	-0.267092	0.33038004	0.45747417	0.25521294	0.46769862	0.75194189	0.46928442	0.30049579	0.42002474	0.36312275	0.57720249	0.26426037	0.19773885	0.24336571	0.30227059	0.1013471	0.4155148	0.45196031	0.39393638	0.029245833	0.584709	0.50357773	0.66546424	0.48939405	0.57726949	0.37659621	-0.0034584668	0.18682856	0.42799659	0.12831203	0.46112874	-0.038940236	0.55585958	0.019005954	0.0024545465	0.35550417	0.70751648	0.39116098	-0.096256804	0.016095154	0.74018707	0.23870457	0.33692498	0.381346	0.19940064	0.35686755	-0.067248889	0.25543439	0.15294482	0.44797731	0.20367989	0.23292199	0.14881568	0.18981322	0.43173739	-0.020746083	0.18883952	0.65358813	0.20703175	0.22867103	0.38776396	0.13613942	0.036372086	0.16754076	0.048499746	-0.16336573	0.27883623	0.49645115	0.25013106	0.23977213	0.076105488	0.058708025	0.20372721	0.1023231	-0.13420837	0.3522884	0.32439494	-0.13098412	0.24072205	0.54973743	0.29780169	0.087471802	0.38998755	0.17217203	0.39556466	0.10766174	0.09856712	0.07415893	0.16272302	0.4604532	0.34188172	0.36105669	0.34845376	-0.045547831	0.322468	0.5425817	0.59330136	0.42315724	0.32827511	0.082828913	-0.053691341	0.33651829	0.24329408	0.021774668	0.3793834	0.12221627	0.38617747	0.022277791	-0.13862114	0.27877758	0.34192324	0.19650075	-0.031582942	-0.016259943	0.58709309	0.045042918	0.41833218	0.56593809	0.47597478	0.42582411	0.54918586	0.1333667	0.10313389	0.24257144	0.21734918	0.33726177	0.70207716	0.41924001	0.45666754	0.37706467	-0.0061631146	-0.16188553	-0.31385092	0.22149026	0.21353835	0.54764865
0.23869867	0.36425295	0.28257746	0.20109192	0.52654957	0.40533936	0.40684111	0.592126	0.28262092	0.10577612	0.24327174	0.64402862	0.62862002	0.64017929	0.56517048	0	0.18361421	0.18692093	0.19268315	0.27941538	0.28247809	0.14874524	0.19173106	0.49801755	0.37034644	0.36949611	0.10903572	0.33684865	0.50977611	0.16565449	0.512929	0.020132287	0.20183487	0.60694136	0.34787843	0.3329586	0.37704811	0.69274974	0.46721367	0.28433566	0.30381015	0.32938046	0.57561437	0.1858293	0.43024745	0.13549572	0.27814537	0.25112864	0.26701365	0.21377084	0.14573669	0.18331602	0.26128351	0.53429132	0.39902173	-0.047500858	0.36913527	0.059070553	0.26310033	0.2178326	-0.0017217357	0.21856122	-0.031399715	0.13792058	-0.19813702	0.18692792	0.34068465	0.37357944	0.15230247	0.38672603	0.44126515	0.32968283	0.74243726	0.24469394	0.1510051	0.35787265	0.30909573	0.25421794	0.4805522	0.24693673	0.29113631	0.36311024	0.057339214	-0.085349307	0.2004388	0.16947062	0.23834577	0.4638387	0.22839726	0.76331962	0.061221921	0.020440751	0.047190191	0.26094812	0.28175453	0.080638402	-0.17929711	0.30859535	0.12117961	0.14046579	-0.018828243	0.32863961	0.29629757	-0.096065355	0.24321837	-0.022061843	0.20955728	0.50128005	0.17133855	0.050290055	0.10393139	0.48263245	0.10197211	0.12670676	0.29927756	0.28483204	0.32753067	-0.0053520906	0.39346488	-0.024916743	0.15324429	0.14351739	0.14193795	0.20240009	0.13913277	-0.11241232	0.059046075	0.10623203	0.031624946	-0.17796051	0.28009472	0.018591688	0.25044457	0.098769893	-0.13810051	0.074231702	0.22161127	0.078359515	-0.26552281	-0.0478355	0.096302028	0.052942327	0.10731408	0.20961495	0.35454859	0.18000232	0.59796337	0.32697914	0.3269651	0.41779309	0.47746119	0.48368501	0.16865719	0.07367135	0.34303283	0.10279737	0.42281145	0.61308031	0.29185205	0.47138548	0.38677318	-0.044696226	0.0092103284	-0.0018640121	0.11452427	0.13917867	0.35067784
-0.044043211	0.18936598	0.13813964	0.28580826	-0.064780727	-0.093449992	0.45770178	0.37214338	-0.10573842	-0.033955604	0.29263231	0.38385965	-0.075818454	0.010252938	0.22112653	0.18361421	0	0.078441526	0.29792363	0.29627528	0.143552	0.35935652	0.14774364	-0.0072517141	-0.14822538	0.60319604	0.36781267	0.20032273	0.25350686	0.11512762	0.091598153	0.15206536	0.43934532	0.14030145	0.051902733	0.25369786	0.11339296	-0.057975381	0.11650304	0.085527343	0.54029816	0.14757304	0.052996497	0.34912533	0.26806706	0.56383905	0.10044668	0.48945536	0.52768319	0.092374375	0.24748191	0.17553255	0.43112753	0.32669287	-0.0038346258	0.062139706	0.20431812	0.25443516	0.47261169	0.33885501	0.29158045	-0.10270888	0.20220797	0.043484382	0.099749743	0.070054566	0.37311688	0.28489719	0.57877403	-0.08052467	-0.16394352	-0.05891014	-0.013912677	0.41217178	-0.011514023	0.27835594	0.19352873	0.17510403	0.028557196	-0.1528037	0.48682079	0.52581115	-0.18562503	-0.025822447	0.28495631	0.29094441	-0.066052266	0.12202892	0.075556241	0.071484018	0.40092138	0.13144943	0.19112603	0.22507349	0.2891858	0.35106527	-0.036099443	-0.16852982	-0.10308682	0.55959743	0.35911375	0.22138879	0.35374297	0.085537146	-0.13084984	0.10885403	0.37553588	0.089915508	-0.17355461	0.22425039	-0.0015998597	-0.099434969	0.066929249	-0.035205458	0.49204319	0.21859147	-0.29089217	0.28821066	0.24915677	0.54215678	0.0043294777	0.41615542	0.52682287	0.27100541	0.33805121	-0.0080103519	0.34066542	0.29447127	0.064145451	0.049094772	0.23988348	0.24262719	0.45623496	0.47345459	0.05042579	-0.021841935	-0.10476983	-0.089483832	0.00098524875	-0.12778825	0.47891949	0.3172292	0.53773832	0.13621801	-0.22854976	-0.048059235	0.025946986	0.39232326	0.28242519	0.34214368	0.29214975	0.34485265	-0.040155362	-0.21903458	-0.0088651755	0.024882856	-0.062884428	0.27272998	0.25866708	0.33726323	0.48690678	0.1700773	-0.1482401	-0.20420632	0.045052888	0.20871869	0.20196273
0.27572713	0.31717589	0.415552	0.17570836	0.086748336	0.27088746	0.47641045	0.29806055	0.24196793	0.35629861	0.24450063	0.38495571	0.0052340822	-0.060611657	0.39391764	0.18692093	0.078441526	0	0.33878834	0.09415164	0.31347043	0.21707633	0.39525468	0.31936617	0.073992552	0.34194144	0.15930799	0.28247238	0.35904815	0.30746563	-0.10483548	-0.22835347	0.34851265	0.43602358	0.42379897	0.50773651	0.27564748	0.043034329	0.23245161	0.33518667	0.30292913	0.22921855	0.1755303	0.24220236	0.27334812	0.24703965	0.14375357	0.40674082	0.48168008	0.11923296	0.12400651	0.34524292	0.36367151	0.20392041	-0.060950553	0.31013368	0.23534465	0.11865336	0.21174659	0.24290797	0.18315861	0.24711412	0.03914843	0.49375822	0.29133275	0.35849171	0.25683896	0.28584758	0.18651991	-0.16605651	-0.11712223	0.1799819	-0.078630626	0.41750148	0.1496775	0.22865639	0.38336664	0.10364656	-0.010913955	0.33318138	0.3910679	0.23785888	0.36490496	0.36910248	0.30605636	0.46910827	-0.066614297	0.20055165	0.30968996	0.10420653	0.35324772	0.63221625	0.2407089	0.15496292	0.21962252	0.18272023	0.13322722	0.34001066	0.30277149	0.30733278	0.13562676	0.20892992	0.22909495	0.3394911	0.098015463	0.114897	0.41110704	0.41037363	0.17549697	0.4411344	0.29259373	0.017900485	0.27438542	0.31005325	0.2636248	0.29749417	0.10285994	0.3215113	0.16625386	0.20096847	0.53395619	0.49388795	0.40435729	0.046012278	0.048205131	0.40611843	0.37446131	0.27871867	0.31233126	0.30303321	0.14627637	0.084827365	0.19801277	0.14199911	0.25853236	0.24061835	0.19103409	0.32462545	0.34581505	0.3205172	0.19699252	0.32263204	0.069870691	0.030759454	-0.060566185	0.25004265	0.01633538	0.37521086	0.31788992	0.39303066	0.20609188	0.44368558	0.20013934	0.51055498	0.38609705	0.43773708	0.4116509	0.35028026	0.49888511	0.31407699	0.33564477	0.098559818	0.25429161	-0.023440146	0.43562474	0.2111047	0.46232168
0.17838994	0.68293797	0.57596551	0.09719507	0.073094213	0.18292085	0.4841752	0.36890895	0.14282528	0.39123741	0.58198061	0.25908293	0.052104715	-0.0092066146	0.32542325	0.19268315	0.29792363	0.33878834	0	0.57144912	0.75513276	0.6734072	0.51032911	0.29365792	0.078273285	0.3912114	0.60952805	0.40735682	0.3434145	0.37629084	0.023800832	-0.047249815	0.59471401	0.51224157	0.42303454	0.29891392	0.41067842	0.050990364	0.081459737	0.12346224	0.53871154	0.43246591	0.39968985	0.57324552	0.37770064	0.55322358	0.0039043688	0.41183349	0.48722713	0.34391001	0.5322405	0.33219566	0.43568444	0.3582623	-0.10601834	0.34314281	0.70494998	0.82927692	0.62415597	0.56100588	0.69860918	0.070399644	0.11780489	0.39965152	0.45692965	0.23515833	0.43856303	0.30625925	0.44652718	0.073147419	-0.094587569	0.19498826	0.12667051	0.57041022	0.17176171	0.57195746	0.59777621	0.092634991	0.020344147	0.223012	0.40928164	0.29109102	0.20867747	0.49857248	0.6724686	0.29242285	-0.21701739	0.12808354	0.2544905	0.087575291	0.26172809	0.40414493	0.83025282	0.55057884	0.80108101	0.57830011	0.15735774	0.17868697	0.1035298	0.3635334	0.58300924	0.21131718	0.31282198	0.39429043	-0.017036424	0.13248483	0.42843416	0.35902413	-0.052562263	0.26709471	0.30163612	-0.037522136	0.073470496	-0.029419082	0.38447357	0.41093834	-0.050174548	0.60771355	0.27719183	0.5591584	0.2168803	0.40421748	0.39494947	0.24710837	0.53598715	0.30094679	0.41810038	0.38211994	0.14413729	0.43843009	0.59515445	0.76034441	0.58118316	0.58515831	0.6287924	0.067127197	0.083662546	0.35366825	0.38233698	0.22993578	0.44349573	0.45992038	0.38833597	0.12698697	-0.10577161	0.22057278	0.072904912	0.44608866	0.55791307	0.41363072	0.15439491	0.34555854	-0.12332714	0.25647286	0.45676794	0.26787659	0.23708283	0.49093591	0.63602145	0.35134519	0.24479161	0.051641986	0.18003111	0.12799968	0.35638687	0.14587368	0.53110928
-0.10656964	0.33080789	0.28276157	0.27353775	0.0014852619	0.013300581	0.46476775	0.36493667	-0.061071818	-0.11815105	0.8620413	0.29082957	0.12186282	0.12956022	0.018875581	0.27941538	0.29627528	0.09415164	0.57144912	0	0.47187832	0.68591723	0.10493473	0.044668327	-0.26554551	0.23067705	0.04750917	0.28997303	0.33725502	-0.087905715	0.030145075	0.088569028	0.30286411	0.34711945	0.11708424	0.17428759	-0.07278954	0.0038826789	0.032390924	-0.085020691	0.45985232	0.0072820672	0.24167778	0.55610078	0.27269901	0.19259848	0.15625333	0.28012948	0.35901502	-0.14616959	0.78469262	-0.089332259	0.40437323	0.04326142	-0.082777207	-0.27383195	0.52836766	0.61998705	0.66718579	0.20950638	0.25693944	-0.15305268	0.11656481	-0.082144356	-0.045817637	0.16840548	0.20085618	-0.0060085125	0.06085626	0.019599411	-0.086166157	-0.23739102	0.23496061	0.31590966	-0.098903346	0.68409361	0.345666	0.28602558	0.097701898	-0.046510829	0.34415523	0.23633594	-0.15761886	-0.13119342	0.84362733	0.13605354	-0.14485432	0.267544	-0.099544199	0.28042801	0.025701547	0.03049955	0.34891815	0.91987845	0.73321198	0.7618458	-0.18573541	-0.061709839	-0.24692093	0.3200372	0.048204442	0.27010834	0.35687799	-0.23616896	-0.14022974	0.044580152	0.29997157	0.33577788	-0.13970161	0.21850138	-0.20864005	-0.10199817	-0.051892446	-0.20043233	0.51536123	0.37243724	-0.15802544	0.41982537	0.30647468	0.22441905	-0.14893997	0.32313343	0.21533051	-0.019077326	0.87323665	-0.240266	0.24556196	-0.18187143	0.010954577	-0.17211137	0.77937741	0.59022775	0.24895267	0.40062074	0.16621764	-0.21270944	-0.11329413	-0.24031563	-0.11675038	0.078171542	0.073185837	0.094492275	0.079458603	0.16254337	-0.11067929	-0.21980339	0.23712078	0.28671941	0.079568022	0.072212546	0.14325828	0.1271911	-0.11960811	-0.11443162	0.12770057	0.08655118	-0.025334878	0.070838765	0.20769774	0.19406627	0.18661389	-0.099230777	-0.020236662	0.08721811	0.062515373	-0.074050018	0.11716897
0.31143836	0.50199592	0.59763077	0.12597557	0.17172205	0.26495148	0.39112947	0.37701242	0.22733788	0.47620018	0.52944103	0.27247714	0.20845061	0.078952334	0.30274883	0.28247809	0.143552	0.31347043	0.75513276	0.47187832	0	0.65072606	0.48088353	0.46919436	0.18322916	0.3461603	0.5415918	0.41645454	0.37936026	0.37325569	0.17832734	-0.053987537	0.49792154	0.55780451	0.50183725	0.26256106	0.50937708	0.18780107	0.17466809	0.16924046	0.41726057	0.21058676	0.3836858	0.51376104	0.44826959	0.43503085	-0.093440002	0.36098596	0.4329575	0.50276605	0.510511	0.40345502	0.24105375	0.27166572	-0.10909764	0.34148032	0.46791102	0.69084123	0.56062809	0.66048074	0.71682512	0.20093916	0.052211748	0.47242463	0.37754388	0.19346657	0.38374509	0.31347301	0.31032813	0.20899753	0.053760689	0.26388494	0.24344418	0.45739921	0.28021034	0.43426849	0.58138617	0.16933119	0.029932886	0.26501316	0.28417481	0.27082451	0.2396972	0.48161755	0.59203444	0.22567395	-0.098517225	0.10756475	0.22032048	0.15143419	0.25816117	0.30421332	0.74477911	0.47722744	0.78931477	0.54839176	0.20314616	0.31497419	0.1176231	0.25677283	0.51035404	0.26600697	0.36351822	0.3556662	0.21739543	0.17518266	0.32436158	0.32023649	0.060563233	0.17635403	0.27871277	0.060820759	0.097737906	-0.0076309721	0.28109576	0.21299012	0.16389274	0.5479636	0.37224607	0.35176188	0.21702455	0.20257126	0.29008929	0.18547391	0.46975447	0.31313474	0.2008195	0.26461251	-0.014393288	0.38761345	0.38450142	0.6403086	0.60159476	0.4971628	0.66510059	0.14564726	0.24798512	0.43713541	0.33577442	0.13436271	0.40475327	0.32088554	0.3454369	0.1208046	0.021190567	0.20374729	0.057026611	0.29576405	0.48018895	0.44792843	0.14124471	0.34568025	-0.043348617	0.33916704	0.42928035	0.35649669	0.35878403	0.48647718	0.58928401	0.22533972	0.20559492	0.12441057	0.22550705	0.21028936	0.33186705	0.12284801	0.49711214
