0	0.12657271	0.0048487261	0.18356215	0.44086443	0.30808921	0.27075106	0.29440226	0.52644377	0.10168739	0.10212073	0.23643154	0.45859247	0.19936503	0.74351342	0.40901617	0.099849373	0.14753321	0.19233321	0.17644335	0.088220713	0.18937544	0.33881959	0.46181639	0.64684445	0.35563753	0.13562343	0.14869903	0.16080964	0.25030242	0.28209861	0.26685729	0.11369827	0.080137889	-0.031464408	0.14836195	0.25055329	0.20397548	0.5013782	0.54612527	0.17359883	0.040872961	0.035410281	0.23101758	0.11833525	0.077459198	0.29517089	0.0090657071	0.32159786	-0.13204731	0.066790206	0.48996971	0.43865749	0.38732837	0.42954518	0.34715274	0.064466632	0.081434832	0.093161322	-0.14451135	0.2002794	0.40469865	0.09795902	0.2156963	0.19594592	0.32086431	0.13661681	0.42878185	0.079250423	0.051939552	0.13356021	0.37024521	0.169724	0.14267487	0.50301446	0.21112557	0.080252164	0.088790042	0.18773382	0.22174194	0.0065589493	0.18761258	0.45004642	0.25816097	0.26136129	0.028843156	-0.070146502	0.1576712	0.62148672	0.25771846	-0.014690928	0.043083677	0.2016605	0.12105701	0.19383479	0.19334656	0.18268528	0.37486027	0.55793879	0.15032244	0.11858287	0.10710848	0.16980881	0.23138014	0.069264782	0.014849107	0.066245766	0.06838932	0.17481006	0.10790098	0.12912968	0.30578197	0.39305886	0.53477484	0.10389644	0.13006382	0.11661946	0.30286707	0.1571281	0.13682098	0.43633238	0.12037795	0.20713351	-0.14815658	0.2575563	-0.037539074	0.39597149	0.2835496	0.33446245	0.17631546	0.033112584	0.079785813	0.082231513	-0.015850297	0.18098236	0.098553928	0.21288636	0.24032173	0.23713538	0.12052091	0.19977258	0.28036345	0.08423267	0.11679615	0.2615181	0.44592908	0.11482083	0.19241928	0.38661242	0.089768025	0.28921613	0.097255253	0.18942705	0.041105282	-0.12699578	0.2091707	-0.31009331	0.51949624	0.11585442	0.22568206	-0.019232119	-0.28393495	0.14773062	-0.06463797	0.070122988	-0.040487117	0.24261215
0.12657271	0	0.4160117	0.5544719	0.25269193	0.52782621	0.51375796	0.64971696	0.42837669	0.4439601	0.73136987	0.22687462	0.013884642	0.29242037	0.15193302	0.34715588	0.2869704	0.20263321	0.55303175	0.73801108	0.72654481	0.76045991	0.39019886	0.033762991	0.1897454	0.22762437	0.49271591	0.499169	0.57023096	0.33296419	0.30568042	0.45650487	0.45655635	0.57337846	0.36541065	0.54614156	0.36451744	0.56448765	-0.050721145	0.0071564064	0.61161012	0.3055937	0.33946285	0.74522743	0.47229599	0.4732601	0.28864968	0.39120893	0.3271941	0.33961073	0.71338576	0.22919847	0.38051503	0.29135607	0.24007631	0.10012208	0.85886312	0.72231257	0.62813521	0.45022174	0.62762831	0.11513011	0.12583659	0.025382202	0.43872658	0.41891038	0.51816965	0.04483451	0.51978965	0.27975184	0.57190007	0.25619769	0.54263409	0.54818581	0.25261639	0.90580893	0.49989693	0.45311222	0.26279322	0.50318167	0.48818165	0.52121258	0.40926171	0.53766709	0.8015113	0.36249753	-0.084232303	0.36258791	0.2278833	0.44014736	0.26886576	0.2234615	0.72193888	0.75358094	0.77830498	0.77356869	0.41532021	0.30690607	0.24317448	0.19392192	0.46069992	0.45538358	0.47087277	0.39441954	0.20363829	0.081632858	0.49386113	0.52031675	0.40812247	0.42977091	0.11889784	0.51569492	0.12358087	-0.11671518	0.52467192	0.5373603	0.23924038	0.75979901	0.45807879	0.37449706	0.25201054	0.40307825	0.41153706	0.18655444	0.7148787	0.45255774	0.41214812	0.39768526	0.2172308	0.38985009	0.83813919	0.71309245	0.66697942	0.59393987	0.63923328	0.38309565	0.19821098	-0.087719799	0.61601559	0.47131673	0.49521372	0.066341616	0.44909669	0.25129345	0.63751549	0.42526075	0.61287555	0.51009944	0.46582843	0.32083288	0.12168108	0.30048924	-0.14221893	0.39135782	0.092257116	0.32151526	-0.18760871	0.33672915	0.50014686	0.23560895	0.25074924	-0.26534606	0.5604322	0.2884096	-0.09291796	-0.11863381	0.23949205
0.0048487261	0.4160117	0	0.78921308	0.070001269	0.27245172	0.37450003	0.567962	0.16476504	0.37627934	0.2096911	0.35184759	0.07356712	0.40716427	0.1228885	0.38919909	0.67870864	0.40951567	0.50924035	0.61849353	0.51271998	0.54528924	0.44704151	0.1231023	0.089668942	0.33566273	0.58987343	0.83599013	0.7649894	0.30956755	0.39031246	0.26946092	0.62294926	0.78168775	0.50467106	0.72057923	0.39731786	0.67514981	-0.050748071	0.10478388	0.74733375	-0.27993832	0.44625176	0.39514579	0.82945647	0.67066772	0.30466328	0.66888928	0.50634754	0.41894266	0.45286482	0.24956581	0.23654876	0.30556032	0.10544227	0.056688685	0.45713941	0.51997675	0.69791964	0.38184647	0.65629492	0.23602108	-0.00029516601	-0.23639773	0.42119836	0.36403096	0.73576033	0.056898077	0.51397587	0.42912425	0.53466133	0.42557854	0.65350028	0.75116205	0.10983829	0.47621736	0.85601474	0.78428195	0.24757945	0.37597164	0.34256943	0.5760299	0.027970924	0.29678001	0.45192239	0.46614537	-0.11492062	0.21573761	0.11002749	0.37242953	0.6113317	0.21040959	0.43913625	0.60690175	0.50602598	0.55633194	0.35558849	0.4089859	0.13501312	0.39127726	0.58610398	0.82995422	0.7799589	0.33339053	0.10726672	0.15408031	0.79473107	0.80985	0.54935471	0.70969387	0.028585724	0.56491225	0.12070187	-0.057298841	0.84180381	-0.083866548	0.35454188	0.41920226	0.81555131	0.28453324	0.070912157	0.71859628	0.5389933	0.33765112	0.28997944	0.42488386	0.25741336	0.32363683	0.16391385	0.30468885	0.40532757	0.54112633	0.66185397	0.56588759	0.5444758	0.30196641	-0.12571923	0.05954295	0.48281693	0.12156318	0.77659015	-0.017575619	0.44129279	0.35953711	0.39263243	0.23683896	0.74076959	0.76270008	0.015296956	0.13971414	-0.17789698	0.15141617	-0.18178977	0.29890822	0.24037181	0.072220871	-0.45058443	-0.026831071	0.44904111	0.0020093479	0.088205201	-0.016580025	0.50921956	0.52876105	0.15279338	-0.11805451	0.082832204
0.18356215	0.5544719	0.78921308	0	0.11582711	0.37126577	0.58704487	0.72151689	0.31132752	0.44687663	0.30997759	0.55549579	0.25175173	0.47331277	0.31388179	0.48847641	0.76985433	0.6171835	0.56428377	0.79552926	0.59592467	0.71780147	0.48101822	0.23735613	0.22610969	0.59006022	0.73688499	0.91329253	0.92130158	0.36742503	0.38887758	0.32503674	0.77153942	0.9034724	0.64893355	0.87443001	0.58703857	0.80010306	0.13908816	0.24951404	0.89823276	-0.24779197	0.49174885	0.47290724	0.9083476	0.7867308	0.46508142	0.79824414	0.75252737	0.53593394	0.61264127	0.44965258	0.32786236	0.35698337	0.19312969	0.23266349	0.56688832	0.65191489	0.79645644	0.47575347	0.7026849	0.28445877	0.24512723	-0.082234788	0.56438492	0.4815522	0.89708219	0.26999892	0.70145578	0.4458599	0.56982058	0.57857627	0.70299375	0.8609011	0.14763957	0.63452615	0.82190981	0.95239645	0.23990776	0.42561981	0.46562112	0.66318591	0.13018398	0.38571222	0.60368444	0.56666662	-0.11404108	0.2394175	0.21493234	0.37062666	0.74500709	0.42292268	0.51501965	0.77853024	0.62768662	0.69226406	0.44920414	0.43325	0.22336216	0.53815534	0.70897673	0.8797357	0.88352777	0.37765561	0.1045826	0.14761446	0.86581639	0.88561457	0.59435042	0.84274815	0.16778068	0.63652918	0.22104006	0.00048598896	0.89073585	0.0094941623	0.3619328	0.57372876	0.85100265	0.32860119	0.18302683	0.76868223	0.74350196	0.38927837	0.44601997	0.47494964	0.27858138	0.29503555	0.23203888	0.43366207	0.49977127	0.64959388	0.77406149	0.70970237	0.65376775	0.2428709	-0.11281138	0.11177264	0.65812666	0.18410445	0.89297173	0.11462592	0.59536215	0.39937783	0.48397729	0.4275124	0.78586794	0.82927833	0.058663196	0.30196472	-0.054713946	0.2686733	-0.15297226	0.42391811	0.28663585	0.20353501	-0.46439292	0.14868574	0.54286532	0.066536099	0.12184955	-0.065910068	0.55328551	0.53534029	0.16105367	-0.037143643	0.22990975
0.44086443	0.25269193	0.070001269	0.11582711	0	0.65528069	0.42080284	0.39893709	0.5845766	0.57042824	0.37657192	0.0027007692	-0.003561759	-0.12600412	0.48261475	0.20139743	0.13965859	0.090712223	0.53572631	0.30382315	0.24451248	0.33591344	0.34009173	-0.052460307	0.43476946	0.19224049	0.2884287	0.18427745	0.18682066	0.68785636	0.063648676	0.28761251	0.35097297	0.13871312	0.083280478	0.15025647	0.27105085	0.14779858	0.26832484	0.0082900125	0.21437676	0.15996638	-0.28483714	0.54377078	0.17048354	0.24325415	0.097937842	0.12559034	0.14694403	-0.0034259594	0.22579055	0.22264691	0.49498068	0.77592364	0.13857538	0.32736149	0.17892067	0.25037581	0.20609523	0.12906056	0.39687822	-0.19347113	0.29576712	0.27988786	0.45879735	0.59820023	0.15128557	0.18824348	0.19127154	0.35707489	0.27332223	0.2733424	0.042435488	0.26996853	0.69130898	0.34895776	0.2222066	0.090318915	0.49380094	0.61048017	0.39022138	0.44165621	0.50002058	0.58937222	0.41502767	-0.054111138	0.0043440658	-0.077022028	0.52609213	0.22557601	0.045554237	0.073372795	0.5243185	0.18480156	0.28809726	0.3397811	0.42026929	0.13421334	0.16779158	0.13016605	0.25705257	0.15480303	0.18539949	0.6390049	5.2804044e-05	0.2344329	0.22258446	0.12119637	0.098089109	0.24100659	-0.07292791	0.12749161	0.23108624	0.24178869	0.24990114	0.31388332	-0.1077474	0.40531872	0.15203901	0.60249054	-0.11370983	0.26723659	0.20732981	0.058932376	0.35926317	0.0067458489	0.74751136	0.59302098	0.21932977	0.28110266	0.21154146	0.27333859	0.15625117	0.20293695	0.30059564	-0.11369636	0.14706694	0.032354348	0.44433158	0.57844237	0.16202927	0.23815121	0.26026704	0.17045222	0.41709145	0.13534475	0.13249423	0.31870321	0.48025871	0.35153174	0.41184811	0.34712379	-0.1349067	0.16849695	-0.083559302	0.38609266	-0.10729063	0.36193129	0.43802491	0.40021138	0.13261891	0.022321882	0.30831763	-0.18267072	0.25565333	-0.052739819	0.18101789
0.30808921	0.52782621	0.27245172	0.37126577	0.65528069	0	0.54808205	0.64179908	0.62146039	0.67404186	0.52451141	0.10138528	0.058000083	0.25308228	0.30533813	0.61152239	0.29836322	0.18834386	0.52431627	0.49334513	0.50418815	0.49934538	0.31961466	0.15674791	0.42138126	0.10524865	0.39982503	0.40754335	0.45340148	0.59282525	0.36802371	0.36311426	0.48163733	0.37647326	0.3268965	0.26442692	0.30843696	0.55392425	0.033002864	0.14851792	0.41982526	0.15258488	0.10589911	0.69855794	0.41217667	0.32469063	0.23969431	0.26911545	0.16891551	0.26045053	0.42913778	0.20625803	0.54721467	0.73373059	0.23946519	0.049646203	0.3876229	0.40285324	0.45467269	0.31511434	0.56776546	0.085136361	0.30401005	0.12608746	0.3141248	0.62839769	0.3779108	0.079646999	0.3263275	0.60808607	0.5612426	0.25874808	0.45619395	0.43790455	0.50661719	0.60419833	0.42129366	0.37689626	0.75715931	0.84220725	0.50101347	0.67289908	0.6027214	0.6726452	0.60713451	0.21223207	0.10399618	0.44502818	0.49878831	0.74124192	0.22444843	0.13769002	0.64670955	0.44854936	0.47827759	0.56058139	0.37173175	0.53032662	0.41327723	0.085808556	0.34076413	0.3699277	0.40402358	0.57564145	0.16511281	0.35366991	0.417632	0.3273574	0.37139609	0.3434457	-0.10369952	0.60069501	0.45223967	0.1637855	0.46859167	0.35884004	0.28450346	0.62450762	0.4004248	0.39327079	0.073545046	0.41605015	0.28043957	0.075831829	0.48485031	0.35990727	0.74516788	0.79201942	0.18815573	0.13589552	0.3994178	0.40247008	0.4345349	0.36573397	0.48630459	0.39345974	0.06288178	0.10078613	0.37539988	0.53564463	0.37816971	0.11599808	0.37889249	0.57795796	0.6143676	0.47438111	0.48430708	0.44305238	0.56384392	0.34196423	0.29659803	0.38549931	-0.10004586	0.30044146	0.096842429	0.33061279	-0.23312562	0.32812433	0.5479716	0.47451532	0.16901378	-0.018402345	0.53915313	-0.0012183569	0.24353398	-0.015232685	0.27765121
0.27075106	0.51375796	0.37450003	0.58704487	0.42080284	0.54808205	0	0.82201391	0.29906296	0.470124	0.41298727	0.70932988	0.4050647	0.41747821	0.55588686	0.54237695	0.5655619	0.62060226	0.45659622	0.65667329	0.47069273	0.63905812	0.42090152	0.11976194	0.21425546	0.64939523	0.61690477	0.48477149	0.67380302	0.38285579	0.16298787	0.29578251	0.60145293	0.48410899	0.39884646	0.67819211	0.65100118	0.45193499	0.34572789	0.35762983	0.58593071	0.054936356	0.20195292	0.54712392	0.49617202	0.64067057	0.67366817	0.56551464	0.68124653	0.34215952	0.4953875	0.61901144	0.67554435	0.50972343	0.29137031	0.50137889	0.40922851	0.56493789	0.43915899	0.54034139	0.49470444	0.10893614	0.40215294	0.35953824	0.4699065	0.70543734	0.56014711	0.57084579	0.73437352	0.29616603	0.29600359	0.5545852	0.37908078	0.54608954	0.4756718	0.62468565	0.42854816	0.53347546	0.12103412	0.50541873	0.84445228	0.66743021	0.15705162	0.37391435	0.64439787	0.72592886	0.031009697	0.30634192	0.45797681	0.31946308	0.48641499	0.54780357	0.46564519	0.57043313	0.54838699	0.57445421	0.37487935	0.31995502	0.11858008	0.6458408	0.61951357	0.39740884	0.64602246	0.36208869	0.00052331579	-0.0078656126	0.52841291	0.46672213	0.38577944	0.64138232	0.32786513	0.32022273	0.37509203	0.13293518	0.54657766	0.29290739	0.066289541	0.62972821	0.40459907	0.55195192	0.1040106	0.58449104	0.78845225	0.41532151	0.49399905	0.60555205	0.55847644	0.30086916	0.48119926	0.64950657	0.47388435	0.63292384	0.47036227	0.56400511	0.5008368	0.19978429	-0.035545949	0.21658814	0.54788266	0.34307833	0.59254207	0.57261582	0.71668834	0.130649	0.31975056	0.27739312	0.41378466	0.50652246	0.43217107	0.53416151	0.37959207	0.54736345	-0.10111922	0.16883563	0.058197715	0.26981113	-0.26319287	0.50927664	0.57245805	0.42454956	0.38871464	-0.031012247	0.33024905	0.15479985	0.27252866	0.011721291	0.45736763
0.29440226	0.64971696	0.567962	0.72151689	0.39893709	0.64179908	0.82201391	0	0.43912529	0.5393473	0.44323408	0.60894707	0.30523023	0.45716039	0.51482375	0.59517553	0.60442185	0.54838492	0.57364834	0.72827887	0.60407539	0.71342238	0.39372798	0.20977758	0.29155588	0.60324059	0.67764219	0.64929299	0.76679847	0.48945771	0.29250961	0.37088823	0.70344936	0.62501491	0.49160086	0.73278734	0.6080658	0.65791849	0.16734425	0.30987365	0.74439398	0.03790404	0.3343436	0.66521817	0.65801001	0.72307795	0.58554847	0.6472519	0.63852907	0.43296888	0.59512592	0.52343875	0.63337887	0.54438201	0.38039303	0.34361554	0.56016439	0.64936695	0.56215201	0.54466805	0.61885424	0.25448798	0.37024572	0.22609247	0.52957231	0.69919449	0.68936405	0.39210909	0.72345115	0.44095029	0.55330094	0.57105293	0.57913846	0.66438663	0.4703688	0.72854555	0.59613031	0.65516044	0.29225178	0.64784562	0.7735154	0.81752994	0.28772854	0.45666547	0.66933474	0.69933165	0.07094384	0.43251887	0.52141108	0.53237359	0.56175997	0.50613981	0.64364229	0.66237857	0.64505337	0.69771679	0.42460288	0.50549273	0.32339848	0.60793782	0.6977178	0.54984941	0.7047327	0.51847971	0.034407624	0.034255734	0.65402576	0.59267177	0.44851573	0.72435668	0.26695008	0.56686041	0.41161959	0.11392914	0.70851987	0.27567628	0.30324128	0.6856448	0.56958052	0.61165049	0.21865441	0.67756644	0.73925949	0.37838639	0.62209628	0.68795069	0.634877	0.50813234	0.50887046	0.59255824	0.58185167	0.70055239	0.56543602	0.61767443	0.59200332	0.39594133	-0.022218165	0.14921755	0.62717793	0.42670901	0.66263564	0.41787345	0.72602546	0.23281983	0.54831051	0.42437307	0.65834297	0.62856161	0.46064561	0.4937254	0.27812216	0.51442366	-0.13699682	0.28861393	0.12606018	0.23873433	-0.30156736	0.39333898	0.64857277	0.40083072	0.35174767	-0.053146045	0.43581934	0.28306352	0.2432269	-0.0351409	0.46863783
0.52644377	0.42837669	0.16476504	0.31132752	0.5845766	0.62146039	0.29906296	0.43912529	0	0.5475865	0.40393094	0.079389674	0.21400139	0.20918355	0.42442516	0.47723871	0.16827773	0.1161384	0.51517745	0.4356901	0.33908728	0.47904252	0.39413034	0.3075446	0.70030164	0.12708296	0.21705449	0.3228545	0.2743284	0.61819901	0.43068207	0.43484374	0.32238994	0.32190281	0.2272797	0.19288773	0.24751135	0.46668517	0.26956056	0.26976674	0.3296375	0.080374703	0.12422013	0.54579535	0.28134373	0.19220133	0.18510382	0.19117746	0.20249689	0.10956948	0.3631261	0.2898697	0.4617325	0.59507379	0.35379566	0.18103541	0.33085926	0.31997092	0.31356598	0.036040456	0.44383501	0.18148669	0.20710911	0.090669154	0.46856635	0.45425925	0.25244944	0.17308213	0.1216012	0.47186438	0.5737947	0.24232165	0.41384236	0.3306294	0.34536278	0.45433852	0.30010891	0.25449563	0.60469252	0.56582274	0.17954731	0.39859945	0.70956217	0.69225849	0.49201415	0.00045338578	0.016316774	0.27203372	0.43642839	0.45012522	0.13247702	0.051163543	0.54804545	0.38611957	0.39983582	0.45760945	0.44092205	0.38117262	0.47225241	-0.025442807	0.15985209	0.30679197	0.25719553	0.54236229	0.1751704	0.28349956	0.22937079	0.26805455	0.39577684	0.2077278	-0.088495582	0.47369512	0.31084694	0.33489889	0.32388031	0.29729487	0.24265155	0.51182498	0.31043891	0.29469657	0.23043874	0.26599053	0.16844567	-0.053864199	0.45204895	0.11381063	0.52047651	0.55426793	0.16629385	0.096818894	0.32885018	0.30588626	0.27481805	0.22177333	0.39693472	0.21139003	0.18259592	0.095311393	0.4988186	0.46603462	0.29391405	0.060247418	0.20039129	0.38703604	0.70133914	0.49031925	0.40860362	0.39427446	0.43393144	0.2843368	0.25719843	0.25318301	-0.0087643491	0.32783549	0.092214656	0.30861195	-0.10711462	0.36026739	0.32200521	0.26504136	0.074345313	-0.25828643	0.44909078	0.10181486	0.047948996	-0.045417026	0.21621447
0.10168739	0.4439601	0.37627934	0.44687663	0.57042824	0.67404186	0.470124	0.5393473	0.5475865	0	0.39404152	0.193318	0.085448121	0.27669351	0.30819199	0.46531871	0.39312438	0.23820373	0.78142447	0.62947168	0.5697942	0.58730778	0.48894486	0.11971041	0.51634442	0.22542958	0.5231507	0.49312649	0.47069381	0.78133613	0.31205537	0.24859764	0.54063324	0.51385339	0.47511751	0.3689672	0.43926142	0.60533309	0.1748824	0.095515167	0.44738329	-0.11883308	0.13092466	0.61041303	0.47763189	0.49100768	0.20913603	0.42134844	0.24577416	0.37769948	0.51894331	0.29468521	0.4880436	0.73800802	0.2411248	0.25153486	0.30597021	0.57199724	0.54392353	0.41468437	0.72972637	0.072382041	0.36086673	0.040252821	0.68287726	0.53428119	0.42944665	0.19489075	0.37164254	0.6172356	0.61847863	0.38895884	0.54112259	0.51553848	0.27292892	0.56550245	0.53003618	0.44883447	0.60698494	0.63435402	0.41980866	0.61720545	0.40950541	0.73510085	0.5939091	0.16971344	0.074721155	0.20661207	0.33968773	0.41242379	0.35197683	0.13278258	0.74057673	0.50549107	0.55448533	0.6343349	0.54995035	0.32712657	0.21124047	0.15256416	0.45512464	0.47587972	0.44415155	0.70336606	0.047225394	0.37875436	0.49068665	0.44465284	0.35051443	0.435465	0.047114403	0.45786757	0.23498876	0.0004895881	0.54683537	0.1680658	0.097804033	0.57364128	0.43873567	0.4644993	-0.10593291	0.41398226	0.28125445	0.26102625	0.5023019	0.30238722	0.53949473	0.57909366	0.17639233	0.27587289	0.40728896	0.53490532	0.4885059	0.52339564	0.64014538	0.14837188	-0.069536916	-0.023856217	0.65463382	0.41807192	0.44152883	0.11384781	0.42934545	0.3917708	0.60150459	0.38227706	0.51855081	0.48129185	0.31728718	0.34522545	0.24278004	0.33443577	-0.23498721	0.38346413	0.17058788	0.27019338	-0.13516863	0.24277929	0.58294986	0.3234267	0.13555406	0.18050345	0.55570836	0.11423713	0.2558227	0.016346633	0.16723054
0.10212073	0.73136987	0.2096911	0.30997759	0.37657192	0.52451141	0.41298727	0.44323408	0.40393094	0.39404152	0	0.029937324	-0.10912544	0.084050715	0.053646155	0.20142082	0.10107422	0.084622925	0.43306724	0.58412591	0.45902239	0.64931625	0.18401849	-0.11375497	0.17683317	0.051584395	0.29769562	0.34231542	0.39532258	0.31065832	0.19251451	0.39122467	0.2590801	0.36081832	0.22002831	0.31308459	0.18638222	0.30820322	-0.024913282	-0.073768886	0.34860476	0.39730551	0.113776	0.77909551	0.33967847	0.28609891	0.15083426	0.20410302	0.12307177	0.1902029	0.45734814	0.12023356	0.32326472	0.35065958	0.10018362	0.087772332	0.60703296	0.5410857	0.49089887	0.2536101	0.45297702	-0.1260812	0.020773157	0.14031917	0.33400378	0.38617702	0.31807505	-0.024889099	0.3211981	0.19302903	0.36864215	0.037878468	0.29260908	0.34439348	0.24655042	0.64216088	0.39076058	0.21757122	0.32019419	0.49642829	0.36503327	0.34238471	0.39573327	0.53124171	0.77550955	0.10544213	-0.085819541	0.19459064	0.14631636	0.32372909	0.059146532	0.058690406	0.56276015	0.59629875	0.5377573	0.67699031	0.32324831	0.12440715	0.10386808	-0.024045368	0.24872557	0.29281465	0.32475398	0.31763764	0.17252547	0.08679209	0.31441164	0.32523297	0.26597922	0.20725286	-0.010837499	0.29137836	0.081615704	-0.05326106	0.34400815	0.61005291	0.025183137	0.70173967	0.33615855	0.26533363	0.17080414	0.20839451	0.23206678	0.016703769	0.59101153	0.21791929	0.38818692	0.36721538	0.033489327	0.20488322	0.59979089	0.50627467	0.48238484	0.35653717	0.46806263	0.19978568	0.26795721	-0.060651606	0.45737118	0.47829125	0.29506809	0.026168746	0.27190917	0.24414427	0.49354188	0.26909865	0.38004316	0.35270276	0.37326323	0.35068945	0.19279119	0.2318477	-0.12543478	0.27686983	0.10114314	0.34710971	-0.046358215	0.36363079	0.36831155	0.25901753	0.17189812	-0.30576682	0.51479063	0.094086546	0.0095006563	-0.050638129	0.21692521
0.23643154	0.22687462	0.35184759	0.55549579	0.0027007692	0.10138528	0.70932988	0.60894707	0.079389674	0.193318	0.029937324	0	0.75950595	0.68158714	0.63565492	0.55791841	0.58043024	0.77078751	0.29497708	0.48985809	0.27975036	0.43881547	0.32974353	0.47337634	0.2462651	0.79694467	0.57334612	0.41482046	0.59195071	0.12090548	0.22462745	0.13285518	0.45342027	0.42767021	0.35963994	0.65963736	0.7393627	0.4260921	0.57449575	0.65863657	0.47043615	-0.1999744	0.39141643	0.15846988	0.42565471	0.56618963	0.71462343	0.57539506	0.77542375	0.38309164	0.31590599	0.84622329	0.55182265	0.19779977	0.42857058	0.62985116	0.14836293	0.46796392	0.31922254	0.53266989	0.29774987	0.44781156	0.36505986	0.36366978	0.34988222	0.30637339	0.52353304	0.82810907	0.65165686	0.1607257	0.16621293	0.6741401	0.42060242	0.42817254	0.083845614	0.3494115	0.32348402	0.50396751	-0.22219098	-0.00032083903	0.5369994	0.39176997	-0.20216918	0.012333776	0.34329773	0.75119065	0.13215104	0.27295147	0.32112193	0.06220423	0.55163865	0.54201006	0.14618811	0.39153642	0.35901306	0.33948926	0.20508124	0.27313888	0.094696649	0.7392371	0.59212606	0.33265349	0.60213686	0.024427302	-0.067535012	-0.17182974	0.40868091	0.39689235	0.27937281	0.59207598	0.46206774	0.22755792	0.38426809	0.21180713	0.39366049	-0.032502106	0.039605597	0.35333121	0.33540148	0.26362203	0.20730715	0.45203068	0.73069468	0.52647683	0.27651541	0.6153537	0.099469437	-0.11900542	0.49406735	0.66139719	0.21758112	0.4831808	0.34252195	0.45360135	0.35974864	0.14092681	-0.2352951	0.28674047	0.37525008	-0.087258869	0.55410024	0.61847862	0.61479248	-0.039111341	0.0043690935	0.21098207	0.3251062	0.37056292	0.11016763	0.40995036	0.22365689	0.40044593	-0.067793898	0.060674923	0.069552753	0.039883145	-0.24796767	0.47185604	0.30739511	0.14189078	0.29684728	0.036727231	0.066815024	0.19795281	0.18714004	-0.01961176	0.35799699
0.45859247	0.013884642	0.07356712	0.25175173	-0.003561759	0.058000083	0.4050647	0.30523023	0.21400139	0.085448121	-0.10912544	0.75950595	0	0.68680252	0.67061507	0.58751216	0.29737483	0.56252352	0.19179821	0.20376782	0.11729932	0.18391012	0.36436971	0.68529208	0.53448583	0.55936242	0.27166777	0.16696062	0.24913777	0.097920841	0.28574623	0.092781273	0.11516904	0.14927113	0.20879083	0.27832087	0.5329329	0.30914192	0.72746603	0.81837279	0.15291576	-0.22131186	0.36032065	-0.012515118	0.15482886	0.19713226	0.60682477	0.22498516	0.51337167	0.1717435	0.14814356	0.80429232	0.51810045	0.13512656	0.54549037	0.53382715	-0.10097752	0.21735315	0.076229443	0.24208246	0.14762392	0.58182624	0.27979317	0.27594034	0.17766334	0.097686085	0.21758355	0.76668342	0.25824609	0.11588741	0.12731146	0.51969543	0.35456609	0.12531067	-0.010550888	0.12244756	0.074681581	0.18756078	-0.12709827	-0.14298011	0.12735179	0.097761344	-0.026951974	0.0057115235	0.14382049	0.37390511	0.22816071	0.30964797	0.35840635	0.05243815	0.24353579	0.28751698	0.0023487489	0.13444555	0.12475857	0.1112033	0.13628693	0.29831428	0.28818217	0.40474168	0.29205901	0.11768546	0.27565522	-0.048038154	-0.081989246	-0.11317069	0.057524522	0.11550476	0.18273596	0.21972103	0.42384245	0.21374826	0.49573291	0.43963878	0.059008087	-0.10986877	0.098262141	0.16660237	0.12961442	0.0092847573	0.34694532	0.11111657	0.36163313	0.2215002	0.11683615	0.36675796	-0.011786429	-0.14780244	0.39219885	0.38255434	-0.054895907	0.18742784	0.096354523	0.15270266	0.16443748	0.15242186	-0.13675356	0.37900214	0.15315794	-0.19583488	0.29138977	0.4850858	0.29533872	-0.04097558	-0.013124105	0.28884406	0.15142414	0.10930241	0.094322473	0.21046707	0.18278859	0.19521259	-0.0036567929	0.032289242	0.049779467	-0.074730403	-0.22901461	0.45965596	0.041664457	0.073579063	0.098816863	-0.11570079	-0.0090048173	0.036721095	0.069475022	-0.02695994	0.23116639
0.19936503	0.29242037	0.40716427	0.47331277	-0.12600412	0.25308228	0.41747821	0.45716039	0.20918355	0.27669351	0.084050715	0.68158714	0.68680252	0	0.41156325	0.82177682	0.40713624	0.50494966	0.33375096	0.41576286	0.41142231	0.40548641	0.40648493	0.68275998	0.45517018	0.34783549	0.41361711	0.4644317	0.50534873	0.12143816	0.61543712	0.18075474	0.23575254	0.46142009	0.41781722	0.40841214	0.53726812	0.6651129	0.31097502	0.73240593	0.33536672	-0.24761335	0.67607759	0.21219422	0.43345283	0.30968979	0.53277374	0.37343612	0.37074285	0.3752961	0.28674843	0.70085603	0.54628271	0.20182225	0.52240625	0.27142479	0.16787588	0.40968571	0.40116682	0.43954726	0.42016236	0.71855783	0.096265913	0.0099761596	0.16959034	0.08360716	0.44022689	0.54524761	0.32621605	0.3419792	0.49204541	0.43338086	0.78012264	0.34745044	-0.13971504	0.37797414	0.42777584	0.42924518	0.11889633	0.049295433	0.21583349	0.29568627	0.020666757	0.18836885	0.33333201	0.4768122	0.2441383	0.57922179	0.22299786	0.44583695	0.34403018	0.20232809	0.20716946	0.39022964	0.36703427	0.34696196	0.15788731	0.512653	0.33060245	0.25407037	0.38282638	0.42718171	0.52003927	-0.012744451	0.097330062	0.040317148	0.34750243	0.40041896	0.40018699	0.2965941	0.23969748	0.52524461	0.3534712	0.17623484	0.37061545	-0.085537034	0.35105731	0.3954363	0.46144864	-0.074242612	0.29175287	0.23482371	0.31122468	0.26102181	0.27110691	0.63494985	0.040317229	0.095821544	0.24461305	0.24728137	0.18620791	0.36685946	0.43689173	0.35074872	0.41475686	0.56045675	-0.20555117	0.28050584	0.21359691	-0.20885869	0.51693688	0.26951383	0.32900632	0.29327453	0.17847869	0.43911598	0.53904952	0.32100852	0.11746615	0.076417773	0.032636377	0.15731319	-0.11336931	0.19278804	0.19894854	-0.12181537	-0.31306207	0.32149573	0.16727617	0.074673706	0.039005773	-0.13579967	0.29565337	0.28829155	0.01867191	-0.085772777	0.13036847
0.74351342	0.15193302	0.1228885	0.31388179	0.48261475	0.30533813	0.55588686	0.51482375	0.42442516	0.30819199	0.053646155	0.63565492	0.67061507	0.41156325	0	0.54444568	0.37968747	0.43838088	0.44986477	0.36113332	0.24332658	0.34383219	0.41332869	0.54120706	0.69248688	0.73481974	0.47609097	0.24893625	0.35189553	0.44351499	0.21106386	0.11274606	0.37710126	0.2116135	0.12322316	0.39477659	0.62070587	0.34231434	0.64107023	0.69256637	0.30916114	-0.11712054	0.10060486	0.23045326	0.23203117	0.38853569	0.55693342	0.32136344	0.55150313	0.094187315	0.23687379	0.77606938	0.68436559	0.55279294	0.62463253	0.69706035	0.026870039	0.35580737	0.15665669	0.29469921	0.34929244	0.51891895	0.31997593	0.38046561	0.44918036	0.46530597	0.31974071	0.76910728	0.41433885	0.18529429	0.18968657	0.75123169	0.30726527	0.2928944	0.50521375	0.34875308	0.19793497	0.24243047	0.026986753	0.18256825	0.32339877	0.4061175	0.16773655	0.21750431	0.31925862	0.37238016	0.1346952	0.16762215	0.74811725	0.17957441	0.26565945	0.23629348	0.33737303	0.21097111	0.35036507	0.3103424	0.26924791	0.36998435	0.44512887	0.57221679	0.49188261	0.16287627	0.35987858	0.36067274	-0.048236973	-0.1126508	0.2166523	0.17896979	0.15221129	0.41928286	0.39801312	0.29419204	0.45965174	0.4157624	0.2208863	0.05427075	0.011218368	0.36450076	0.17039192	0.45163827	0.24942694	0.28590761	0.4827861	0.28950707	0.33961256	0.2952968	0.4760982	0.25375133	0.62441086	0.58654002	0.12671609	0.35928227	0.15996567	0.30094112	0.3391673	0.068768688	-0.086952346	0.28936639	0.43483396	0.13923737	0.36138354	0.60521494	0.45865398	-0.010541415	0.18817508	0.34636141	0.19995332	0.28595542	0.39241478	0.34101453	0.36404908	0.34991111	0.041510923	-0.030884999	-0.10766121	0.1711882	-0.24753283	0.64795889	0.3192914	0.23170166	0.18106694	-0.019456626	0.058742335	-0.025657097	0.30799927	-0.014728737	0.37678797
0.40901617	0.34715588	0.38919909	0.48847641	0.20139743	0.61152239	0.54237695	0.59517553	0.47723871	0.46531871	0.20142082	0.55791841	0.58751216	0.82177682	0.54444568	0	0.41816502	0.3822233	0.43714975	0.4403468	0.44739573	0.41469288	0.46705482	0.69229099	0.62735348	0.316073	0.43525792	0.46235313	0.53190728	0.34289635	0.68689102	0.27926293	0.34836013	0.44240112	0.39289249	0.34417383	0.51742655	0.72316712	0.25015165	0.71877631	0.39721214	-0.15468089	0.53085962	0.41179818	0.47259561	0.31358709	0.47545606	0.34647541	0.33295185	0.32935976	0.33837617	0.6142219	0.65523305	0.53602842	0.5354105	0.21960906	0.17392341	0.40212375	0.40291179	0.37320565	0.51085995	0.65806931	0.15628472	0.061483793	0.18916838	0.34739792	0.42268968	0.47387355	0.37360497	0.5768477	0.57979818	0.4633805	0.75072735	0.40163343	0.16033675	0.46426638	0.45039091	0.46681554	0.46253279	0.36653129	0.31568902	0.52202273	0.30466782	0.39382966	0.42672456	0.43306461	0.26041761	0.6554248	0.48576248	0.70332867	0.31887708	0.14824941	0.36900524	0.40904485	0.41225533	0.41411616	0.26486218	0.68681567	0.53975524	0.23111493	0.39243222	0.4288568	0.54356655	0.21149273	0.190156	0.18387497	0.38199866	0.37429253	0.47515418	0.32559691	0.10582478	0.6621723	0.53039274	0.29839365	0.43135749	0.02763033	0.41812199	0.53001916	0.50216477	0.057322765	0.2220777	0.31124805	0.32965491	0.14018514	0.31367543	0.58634838	0.38151171	0.44508583	0.30152867	0.20434571	0.20714447	0.37884825	0.41490349	0.33215062	0.47311245	0.60975054	-0.093826641	0.36008413	0.24472864	0.014086916	0.52644893	0.30351114	0.38628673	0.49246679	0.35583589	0.56924406	0.53578531	0.39386043	0.37492128	0.17576686	0.14546773	0.24166899	-0.057006296	0.16919748	0.18497639	0.043060349	-0.37316254	0.44117524	0.35812089	0.26206411	0.081948917	-0.10468738	0.41228977	0.18924079	0.15029446	-0.071948245	0.27378501
0.099849373	0.2869704	0.67870864	0.76985433	0.13965859	0.29836322	0.5655619	0.60442185	0.16827773	0.39312438	0.10107422	0.58043024	0.29737483	0.40713624	0.37968747	0.41816502	0	0.63936474	0.51208793	0.66916919	0.45816554	0.52462821	0.44173761	0.24181162	0.17916843	0.61802656	0.68925774	0.71538847	0.73959188	0.32651028	0.30748206	0.22134696	0.73082117	0.67182574	0.5547364	0.73602705	0.65863211	0.59332445	0.23627372	0.24655197	0.69370211	-0.37051202	0.36193926	0.24843933	0.72169587	0.72680498	0.48410933	0.76775499	0.74130922	0.42672256	0.51506877	0.43655008	0.26634757	0.40030892	0.11371319	0.32793086	0.29330682	0.5511496	0.58339368	0.54854821	0.59503362	0.26711698	0.32285421	0.010716445	0.48744577	0.49359781	0.7082647	0.35639708	0.64019334	0.47825406	0.34663324	0.67654375	0.5059239	0.68405667	0.13164162	0.4410055	0.62839308	0.78792116	0.14895478	0.30979302	0.46754688	0.61978485	-0.061036308	0.21108963	0.39690613	0.60400496	0.062636003	0.22243177	0.25994369	0.25738859	0.80064203	0.38274694	0.40613507	0.56411034	0.49231541	0.49357804	0.30953946	0.33961843	0.12814318	0.66287746	0.67408244	0.66996509	0.7622924	0.30881443	-0.032262756	0.077477697	0.713475	0.69135476	0.46591383	0.80885957	0.27129892	0.48660319	0.28189624	0.040941987	0.7348509	-0.15285577	0.23213066	0.39399602	0.63014032	0.39479799	0.059811406	0.71964823	0.73916017	0.56351618	0.26410025	0.47714036	0.22498177	0.21633349	0.31881968	0.5251857	0.37720339	0.61582797	0.56586067	0.66395179	0.53065146	0.10620442	-0.26482484	0.28522758	0.50048387	0.14650314	0.74394309	0.32723035	0.53471213	0.33129775	0.25833974	0.25270041	0.5500627	0.69048785	0.093060374	0.27286053	-0.042118568	0.36323241	-0.15348264	0.1511774	0.24882838	0.14088408	-0.37070446	0.16401035	0.54211165	0.053650826	0.1871641	0.1896124	0.30384788	0.3338347	0.32429925	0.053222561	0.21543843
0.14753321	0.20263321	0.40951567	0.6171835	0.090712223	0.18834386	0.62060226	0.54838492	0.1161384	0.23820373	0.084622925	0.77078751	0.56252352	0.50494966	0.43838088	0.3822233	0.63936474	0	0.30184166	0.55393036	0.317996	0.48666146	0.24151401	0.26373393	0.13876044	0.68978621	0.56784296	0.5495602	0.65274939	0.14821617	0.12312834	0.12294244	0.58140752	0.5637561	0.49679191	0.69910006	0.67564871	0.44697355	0.52028319	0.39555217	0.54838182	-0.21390603	0.29921009	0.217019	0.5644154	0.62750465	0.60062389	0.70770575	0.79233448	0.47018484	0.36499278	0.67619207	0.40967805	0.19085262	0.21902619	0.56983447	0.19696739	0.48785349	0.42670602	0.50490458	0.37325347	0.24888812	0.53853533	0.31370621	0.37901547	0.34104098	0.6243353	0.65411087	0.59654984	0.19088357	0.17328239	0.58708258	0.38452798	0.55983484	0.11415145	0.31499428	0.4308963	0.59915519	-0.068685984	0.1511164	0.52193426	0.43803028	-0.13226803	0.034771848	0.35971746	0.63005494	0.091867783	0.15124296	0.18731012	0.038974208	0.60483725	0.62270525	0.16448569	0.45437175	0.35561383	0.41945869	0.32595615	0.23229771	0.0059023307	0.63575183	0.58127024	0.47706524	0.64364174	0.056617432	-0.14648683	-0.073725544	0.53179985	0.56789577	0.31337754	0.68894723	0.31655455	0.26416896	0.37306357	0.13832338	0.49549646	-0.026746544	0.049441117	0.35872267	0.4530659	0.27225218	0.16384149	0.5403382	0.71310809	0.58043072	0.2391725	0.47623067	0.10965725	-0.072769688	0.31521508	0.5721401	0.23102641	0.48573843	0.43976539	0.53884697	0.39983094	0.0052695617	-0.31517693	0.15050204	0.39802135	0.0025676821	0.57688393	0.47596598	0.54701556	0.088281627	0.05520533	0.21175597	0.39968746	0.4685891	-0.0036400536	0.33807735	0.1532252	0.44648963	-0.12172781	0.23266703	0.28695484	0.14936102	-0.2693627	0.28001113	0.34948744	0.078437115	0.29950867	0.064147036	0.18224643	0.26521793	0.23377109	0.078629502	0.23152
0.19233321	0.55303175	0.50924035	0.56428377	0.53572631	0.52431627	0.45659622	0.57364834	0.51517745	0.78142447	0.43306724	0.29497708	0.19179821	0.33375096	0.44986477	0.43714975	0.51208793	0.30184166	0	0.73741651	0.64072541	0.69692655	0.61686489	0.18584036	0.59838621	0.44883655	0.72897542	0.63367133	0.57797777	0.82754106	0.30577838	0.34827782	0.56444308	0.61091535	0.47474392	0.53232934	0.63822683	0.68246217	0.24666444	0.14419084	0.54956631	-0.24339877	0.25867089	0.6123279	0.57483026	0.62244301	0.24861262	0.48666571	0.39166494	0.47336605	0.67419821	0.43697728	0.49947065	0.7403218	0.35252116	0.47681543	0.39985847	0.77985224	0.64448249	0.54738023	0.83305282	0.1673315	0.25119733	-0.028360002	0.82565879	0.49013996	0.60415361	0.30065997	0.47096084	0.57122621	0.69164514	0.59377384	0.63980169	0.59549304	0.23745075	0.69851289	0.64820563	0.53395929	0.42855829	0.5042398	0.34663135	0.58341217	0.29134713	0.68784698	0.66515575	0.15631941	0.026879046	0.15513328	0.36085447	0.3083838	0.42276315	0.08761434	0.83118682	0.63930685	0.70544047	0.71448188	0.55335104	0.28509725	0.21929252	0.29011765	0.6852853	0.59919657	0.54171429	0.76844216	0.064549518	0.29482742	0.55262274	0.55846057	0.37858718	0.53706035	0.23951106	0.49518175	0.15063686	-0.029146676	0.59960615	0.052242703	0.094526274	0.63872434	0.5449066	0.55651384	-0.10332746	0.45467223	0.37792596	0.41017797	0.58116559	0.31709551	0.4703471	0.52236843	0.25555353	0.51054399	0.50148412	0.69575164	0.64416045	0.67007113	0.74745398	0.12837217	-0.059481022	0.0047572893	0.81628374	0.42094222	0.60638336	0.16077758	0.50770344	0.3350205	0.62952531	0.34404137	0.61881383	0.57994317	0.26959122	0.36332896	0.12530384	0.23377849	-0.2319614	0.40856067	0.14026079	0.23522341	-0.23538175	0.31995679	0.57176991	0.15941348	0.090322246	0.061954216	0.58013813	0.25940019	0.2393347	-0.054874008	0.16468303
0.17644335	0.73801108	0.61849353	0.79552926	0.30382315	0.49334513	0.65667329	0.72827887	0.4356901	0.62947168	0.58412591	0.48985809	0.20376782	0.41576286	0.36113332	0.4403468	0.66916919	0.55393036	0.73741651	0	0.72631616	0.86307276	0.532675	0.14231151	0.32595089	0.53514132	0.76191352	0.77092413	0.80602255	0.47869339	0.33113498	0.38143344	0.68172647	0.79036628	0.57750917	0.7858102	0.67276018	0.72295055	0.21704067	0.16833541	0.76055981	-0.14892811	0.3902463	0.66046008	0.73069833	0.78278695	0.46278563	0.68652062	0.64819681	0.51932537	0.79355498	0.47791589	0.44601753	0.46474389	0.28277963	0.392475	0.65964785	0.88715764	0.78963605	0.56313679	0.81693842	0.16925254	0.31808211	0.052639374	0.70650026	0.55899424	0.76571484	0.33925353	0.65754755	0.40602243	0.58098816	0.54592119	0.66182071	0.74414553	0.25175955	0.82749318	0.7369964	0.73058666	0.26002636	0.52837863	0.52538826	0.62564768	0.22747699	0.49451811	0.82169938	0.47913721	-0.10874673	0.23291064	0.27244285	0.33242815	0.5937247	0.35150132	0.71529666	0.92014984	0.83036103	0.87715915	0.49007707	0.32930998	0.18985142	0.44845115	0.69028439	0.71225995	0.73966032	0.48041178	0.098379396	0.14637551	0.70300634	0.75323807	0.4989455	0.71001142	0.2595548	0.55320813	0.22381673	-0.062977481	0.74947143	0.20200765	0.15527907	0.74839393	0.67155779	0.47917079	0.13678072	0.62508968	0.65418698	0.42709585	0.71366246	0.45999308	0.36957074	0.34795329	0.30815886	0.56811421	0.746006	0.88204487	0.78551871	0.78705324	0.81178265	0.20176982	-0.038670912	0.030302949	0.80571239	0.37990548	0.75131784	0.20352841	0.55934835	0.31930453	0.57474963	0.4237278	0.71281841	0.6837017	0.23601104	0.36587936	0.072018746	0.36073699	-0.22239057	0.36338824	0.19074442	0.29633917	-0.34975808	0.31048639	0.5454886	0.10385051	0.1735224	-0.042006009	0.56607925	0.41734295	0.14376631	-0.06357793	0.23196485
0.088220713	0.72654481	0.51271998	0.59592467	0.24451248	0.50418815	0.47069273	0.60407539	0.33908728	0.5697942	0.45902239	0.27975036	0.11729932	0.41142231	0.24332658	0.44739573	0.45816554	0.317996	0.64072541	0.72631616	0	0.68472396	0.42302796	0.1541046	0.3063962	0.32506953	0.64017323	0.58553673	0.60197707	0.41828475	0.36571945	0.23742262	0.54677284	0.61940551	0.48749673	0.53336544	0.49549279	0.66797671	0.0023159287	0.14189136	0.57679935	-0.12597617	0.39727554	0.57487606	0.53576393	0.58679829	0.32342467	0.51019885	0.39172337	0.46006784	0.73027726	0.29608107	0.41099576	0.38690492	0.3230682	0.18170597	0.55914298	0.71746173	0.6676254	0.54548302	0.78322483	0.21844392	0.23324383	-0.0082493405	0.49620618	0.39866092	0.59170647	0.13521942	0.50135477	0.39004908	0.60895315	0.44581686	0.64867876	0.55706344	0.20063007	0.80146402	0.6250915	0.54360227	0.31012355	0.46599327	0.40888921	0.58262445	0.29679267	0.47412153	0.66160797	0.32725087	0.05967993	0.32298877	0.284462	0.44309792	0.42843622	0.25839231	0.67919324	0.71961868	0.79865128	0.7251828	0.45993086	0.3789422	0.29864676	0.26849711	0.56824227	0.54975065	0.53279017	0.46430641	0.11241655	0.086951141	0.52367201	0.57608028	0.34167848	0.47697428	0.22242823	0.59598448	0.19928112	-0.10738086	0.53732701	0.16651485	0.25423363	0.65171605	0.49633129	0.33708015	0.09319825	0.41398895	0.39540483	0.29113816	0.62340632	0.45322136	0.36870135	0.40549174	0.30429671	0.41106664	0.64347335	0.69335799	0.69223975	0.73323172	0.72335616	0.35502042	-0.015871533	0.011266183	0.61721915	0.32896364	0.57145646	0.13113466	0.4497248	0.35814942	0.53514324	0.45404241	0.64387443	0.52062842	0.33110107	0.28090897	-0.031801939	0.21839086	-0.19978838	0.38137623	0.12107304	0.08565498	-0.25361213	0.20819455	0.46734474	0.15079719	0.072369086	-0.01432676	0.56469213	0.26466712	0.1351077	0.01129896	0.11035234
