0	0.28665845	0.35620002	0.30493923	0.57073793	0.65417873	0.36119103	0.4849486	0.57876348	0.28717029	0.1544269	0.38182289	0.46305367	0.27635911	0.80943163	0.51086871	0.21849985	0.48415524	0.35479882	0.32474712	0.41180751	0.3025481	0.30122306	0.43569826	0.68537984	0.57301038	0.32981323	0.31576997	0.33575665	0.4454496	-0.045024655	0.22286404	0.29625824	0.28708253	0.0079475865	0.29902656	0.27267834	0.42401586	0.45704234	0.46578702	0.23167704	-0.086330389	0.10419767	0.30753938	0.32409453	0.38066458	0.45558739	0.33290321	0.45970155	0.15228057	0.22989683	0.58321577	0.5712021	0.54239069	0.56363697	0.54981222	0.23119231	0.36451708	0.29663786	0.22799051	0.25408764	0.25428145	0.56529568	0.48895377	0.4693373	0.51794124	0.33042658	0.53320634	0.29442078	0.2593673	0.46865072	0.58665341	0.30722783	0.36497653	0.64851377	0.36723617	0.25862226	0.29634962	0.39315887	0.47641427	0.32314334	0.46215844	0.17669028	0.17576393	0.1687542	0.32557895	0.13425802	0.34731561	0.71451968	0.38308542	0.30302364	0.44584575	0.33560775	0.34105212	0.36670851	0.25256915	0.21212263	0.45527903	0.50372664	0.39041314	0.31615865	0.32501839	0.32928127	0.43027798	0.25297616	0.23507262	0.29741333	0.31452705	0.26574242	0.31080675	0.22387345	0.43284712	0.56359788	0.38715489	0.28987973	0.053902712	0.17174408	0.28281671	0.28314616	0.48565715	0.38088921	0.32178518	0.41935938	-0.0037850355	0.34700314	0.31282487	0.65714178	0.44266087	0.58616311	0.36050549	0.2729507	0.26501764	0.23078271	0.28657046	0.36147085	0.29535084	0.12547612	0.21973436	0.36128202	0.51295361	0.37969457	0.24030111	0.36080644	0.10492332	0.49150917	0.49084837	0.38440563	0.34523786	0.21449384	0.22737901	0.18932716	0.34223503	0.17221406	0.20983476	0.044835263	-0.078871682	0.19543727	0.2996607	0.29283081	0.2812977	0.25299916	-0.056469034	0.15682899	-0.095973909	0.21673062	-0.0013420903	0.38452838
0.28665845	0	0.56050048	0.53394744	0.31569495	0.49127798	0.68005903	0.72936789	0.60563841	0.61006196	0.89125896	0.35827678	0.12494659	0.29331749	0.43901516	0.47539799	0.52042802	0.46566545	0.83047095	0.82388211	0.79659332	0.91066657	0.44300575	0.094877983	0.1857763	0.48785021	0.7111998	0.48709925	0.50346564	0.42303053	0.21529281	0.31073981	0.51492606	0.4953514	0.48825277	0.4378773	0.56936287	0.56103367	0.077991702	-0.23116014	0.40257347	0.49338547	0.39382316	0.88770241	0.3915127	0.6195332	0.07244014	0.58060842	0.39937245	0.47609759	0.85001818	0.3665982	0.34523481	0.39879989	0.055560114	0.43643518	0.95129846	0.83229625	0.72498567	0.72359394	0.81086702	0.13189575	0.43816645	0.36224634	0.52076476	0.64571181	0.58421202	0.21115584	0.65625606	0.32968196	0.58904831	0.54274739	0.42080078	0.5142254	0.44206169	0.95466728	0.54725052	0.51267419	0.47956457	0.53892486	0.63224553	0.64892258	0.20177655	0.34139085	0.74177968	0.50792251	0.39079597	0.47554803	0.52738154	0.44784876	0.64235139	0.51768512	0.90791974	0.81457803	0.88751252	0.86674444	0.48243082	0.42008776	0.10619161	0.52045087	0.73990482	0.5249537	0.43076501	0.5509491	0.54939399	0.44230554	0.56819041	0.48141176	0.52804536	0.58402185	0.53179999	0.51840175	0.30146141	0.15422789	0.49098873	0.65416747	0.36378512	0.82611459	0.37575355	0.59051536	0.15142082	0.58021296	0.5270899	0.44680036	0.84171688	0.55525972	0.6544616	0.4821642	0.39770804	0.66892957	0.9151091	0.79176146	0.81601466	0.76259897	0.74336271	0.41915162	0.27870014	0.47248126	0.51293654	0.54128705	0.62512645	0.39633075	0.67001358	0.2761771	0.5532356	0.60065789	0.57634441	0.57683974	0.5457587	0.57165741	0.29790778	0.53874795	0.22125027	0.49977704	0.44781999	0.089672118	0.18422689	0.60911762	0.51542758	0.50149591	0.57936344	0.048798879	0.42818078	0.071170554	0.52300546	0.23730584	0.71729056
0.35620002	0.56050048	0	0.87989925	0.43387072	0.49930668	0.70435477	0.78050744	0.44725183	0.59902109	0.48425519	0.57147596	0.26369723	0.62961537	0.56719756	0.61357487	0.76293799	0.63956729	0.71722956	0.81299829	0.7106349	0.65512071	0.5728315	0.17105675	0.36549112	0.72570961	0.83223596	0.92168104	0.91963234	0.61148636	0.12154384	0.43193097	0.8074904	0.86566804	0.61296297	0.84131744	0.56073942	0.75878146	0.10157148	-0.040702017	0.81630664	-0.23561944	0.42155762	0.58827034	0.89307579	0.90021617	0.42036924	0.77919856	0.71477884	0.66529908	0.65621548	0.64223468	0.42485112	0.59005815	0.25155516	0.53920533	0.5490842	0.79616904	0.86216396	0.6590892	0.72458153	0.29370384	0.44737816	0.17529749	0.72398927	0.6225429	0.91379518	0.43947265	0.7671144	0.39631738	0.71919671	0.56594319	0.7487289	0.82229023	0.32245592	0.57850812	0.92363292	0.89993931	0.50617623	0.54852007	0.64987386	0.81211953	0.39156756	0.48016925	0.60698133	0.59642359	0.26681507	0.52257212	0.47182442	0.51057835	0.7536888	0.62723088	0.63286446	0.81105423	0.69189214	0.67474302	0.65823792	0.39987103	0.1812728	0.63056086	0.84709427	0.91379996	0.88663923	0.65563188	0.53364662	0.34993191	0.85906425	0.87565861	0.75486719	0.82514838	0.61987766	0.59220019	0.36985587	0.12005591	0.88501423	-0.02617366	0.50679435	0.61733035	0.86111009	0.72009092	0.45384148	0.77069686	0.77960242	0.22455728	0.71796365	0.66527609	0.6203284	0.48139467	0.43062153	0.68101275	0.60673988	0.78178859	0.78084206	0.74093837	0.72393297	0.36771297	0.33305604	0.4832602	0.80158367	0.50307825	0.89474323	0.32121294	0.7023018	0.44564017	0.59621848	0.47555319	0.84209232	0.79964845	0.0095059201	0.29365739	-0.24861656	0.3146672	0.18052456	0.66525889	0.41136698	-0.13483774	0.26266546	0.15436673	0.27497502	-0.017191116	0.10045912	0.001227425	0.58763077	0.39512182	0.21990736	0.075528636	0.44523918
0.30493923	0.53394744	0.87989925	0	0.33281397	0.44317285	0.74758455	0.79981442	0.37296716	0.50595188	0.41928485	0.69709168	0.29650054	0.68298234	0.55145725	0.61014803	0.87901791	0.71350341	0.64840146	0.78545183	0.68388159	0.60705821	0.54538902	0.20444105	0.28887713	0.79637064	0.77135037	0.92721474	0.93121913	0.49638829	0.098361752	0.38010709	0.89450333	0.93865864	0.69905936	0.94306141	0.54453749	0.80952653	0.042533659	-0.062261628	0.87054385	-0.25825086	0.44652468	0.54601354	0.88562029	0.90887917	0.48037335	0.88921344	0.81546262	0.71707023	0.61089243	0.64651194	0.34666199	0.507951	0.24867342	0.43058036	0.52932545	0.75566466	0.82831767	0.6884981	0.68335476	0.35114472	0.40760605	0.16093841	0.61404748	0.60015633	0.89606633	0.46035931	0.80672048	0.28952599	0.66056929	0.56810918	0.79319488	0.8828343	0.22750828	0.56102863	0.8643745	0.97536179	0.39294134	0.46446284	0.70950755	0.84074796	0.40885617	0.41058117	0.53172631	0.75217323	0.2924981	0.58760825	0.46244836	0.53306995	0.85768019	0.66799997	0.58631097	0.77994885	0.6482618	0.63868099	0.59270373	0.43283695	0.20926161	0.76893033	0.82855844	0.92703717	0.92763902	0.58008262	0.53024905	0.27855131	0.92030932	0.91580011	0.82678796	0.94219847	0.6268857	0.61853046	0.40763396	0.085271737	0.93399723	-0.035356642	0.56331662	0.53345398	0.88032613	0.74082666	0.46673941	0.84244864	0.85861465	0.31710464	0.70646947	0.74772206	0.56385842	0.44657925	0.55638216	0.68260446	0.60229123	0.77056082	0.7238729	0.726186	0.64251435	0.40144349	0.31041283	0.52106746	0.72754316	0.46349066	0.91598041	0.36967602	0.78061895	0.40433204	0.53918875	0.48077207	0.8651897	0.87561375	0.00073799481	0.28198602	-0.21063507	0.40030122	0.22262088	0.63417668	0.51693962	-0.1563924	0.24436204	0.16300275	0.24484241	-0.024252355	0.14209364	0.089798918	0.52031448	0.42347808	0.18731401	0.09084511	0.39578917
0.57073793	0.31569495	0.43387072	0.33281397	0	0.7967946	0.55311113	0.52006812	0.70377045	0.63560877	0.31134549	0.16669554	0.11372082	0.062658512	0.55240951	0.35760393	0.23562188	0.41986538	0.51416948	0.38973435	0.42281606	0.40080319	0.49522764	-0.067647263	0.44287779	0.38960435	0.42480105	0.36767448	0.37383253	0.77490878	-0.0035221629	0.41217591	0.37311521	0.31794044	0.22990814	0.2794459	0.21802622	0.24798428	0.33738768	0.052068077	0.25354724	-0.010644886	-0.11181217	0.43210807	0.37531291	0.47954354	0.25695611	0.31352283	0.41073889	0.19634713	0.35874527	0.36997836	0.70339281	0.78891366	0.31685414	0.48516115	0.29447514	0.40958069	0.42897452	0.18121609	0.37489799	-0.21100245	0.48057824	0.49266309	0.66435443	0.71423628	0.35843426	0.27391403	0.31064142	0.4182258	0.5295264	0.33717882	0.19436762	0.35829875	0.66614177	0.31571235	0.37247734	0.32819572	0.69034954	0.77621012	0.48551285	0.48616318	0.34725363	0.54519928	0.33940524	0.17147147	0.069563306	0.11277144	0.45509864	0.29934269	0.27954096	0.4459622	0.39573464	0.40120332	0.41904141	0.39622766	0.35590433	0.1612237	0.12696919	0.22876435	0.4124535	0.38958529	0.38915157	0.68086336	0.32581274	0.38176759	0.31309539	0.34980704	0.32018148	0.29605223	0.20647641	0.24527901	0.30762445	0.11229737	0.37467294	0.12405063	0.036892675	0.4270472	0.39698861	0.53128003	0.27779561	0.37222359	0.40661996	0.0021811439	0.39647131	0.17491276	0.70387045	0.68601242	0.3016222	0.3755505	0.26617861	0.31238596	0.36808012	0.40793712	0.44754277	0.045147306	0.09331828	0.17851584	0.48663376	0.63298647	0.4341712	0.15747553	0.42157471	0.31839735	0.58845692	0.22781637	0.41336079	0.35355496	0.16178303	0.26052395	0.092697133	0.20809236	0.064400384	0.42676231	0.059574234	0.15323367	0.3152565	0.20029697	0.33810584	0.22521347	0.19807689	-0.0048741793	0.4525665	0.0020624748	0.29790943	0.24098827	0.40891424
0.65417873	0.49127798	0.49930668	0.44317285	0.7967946	0	0.64740058	0.73135501	0.76774169	0.62111247	0.40422035	0.32773937	0.30606154	0.25115151	0.66066535	0.60887656	0.3610426	0.53520105	0.55968174	0.47982265	0.53848107	0.52053727	0.46722879	0.20093999	0.50425909	0.50428605	0.45973658	0.45633246	0.46981623	0.66112009	0.17944189	0.50972757	0.5101963	0.4329708	0.29163865	0.4162925	0.25070182	0.4903762	0.23227814	0.20304477	0.36342423	0.1010368	0.14410254	0.57069713	0.44729314	0.51874732	0.45547325	0.51803797	0.49357991	0.26816856	0.41890933	0.45408022	0.68822592	0.72725757	0.55192882	0.38430548	0.45861562	0.48201229	0.48411886	0.32181494	0.45636784	0.11201051	0.63528211	0.41781723	0.59129742	0.76252434	0.445093	0.29932973	0.46932032	0.54306501	0.70756432	0.45269721	0.41747593	0.51136613	0.70708392	0.49712645	0.41048161	0.45529536	0.71485272	0.84794157	0.61770322	0.67357457	0.36519705	0.39802109	0.41909469	0.41585976	0.264873	0.42146387	0.67056297	0.60516511	0.46721087	0.61718031	0.56650359	0.48051664	0.48903347	0.46260654	0.39668779	0.4850043	0.38729505	0.40168066	0.47950724	0.48903279	0.47776538	0.67166074	0.45468356	0.49242747	0.45480012	0.46498229	0.44555428	0.4494311	0.30849108	0.5614574	0.51737115	0.31520842	0.45571237	0.25494899	0.28421049	0.51558628	0.46359718	0.62332647	0.54988185	0.50481444	0.51379315	0.14529881	0.49884513	0.41997303	0.8116501	0.81404416	0.5417538	0.42193885	0.43830635	0.40439106	0.42665045	0.4929583	0.48276111	0.40876338	0.14290104	0.29438123	0.50134446	0.69266257	0.52368998	0.22325442	0.50247687	0.41816381	0.72978022	0.44661973	0.59181409	0.49645981	0.37497099	0.44536428	0.27191879	0.37872548	0.19539256	0.46767805	0.21899127	0.16635931	0.39137989	0.39060624	0.40439001	0.47427096	0.37518734	0.088002461	0.46775863	0.052281616	0.32987145	0.28539295	0.47731449
0.36119103	0.68005903	0.70435477	0.74758455	0.55311113	0.64740058	0	0.86850117	0.52467183	0.5858924	0.61477981	0.65745974	0.29145951	0.38147148	0.58614356	0.48936251	0.64093287	0.69680861	0.69204515	0.75477817	0.61732294	0.69717233	0.49896605	0.017071919	0.16106993	0.75141102	0.70565035	0.64303746	0.67625214	0.55582659	-0.049823519	0.3832917	0.70376606	0.66684065	0.49707438	0.7018766	0.52007687	0.54712075	0.12563204	-0.15053761	0.59150064	0.068010911	0.30660938	0.68196706	0.59332832	0.79013217	0.4467436	0.73882113	0.77468404	0.57160394	0.70936085	0.55160109	0.58793124	0.59707897	0.23334815	0.49535772	0.65569405	0.73071044	0.70218238	0.63122114	0.652156	0.020324463	0.63544752	0.40888586	0.67332482	0.8150395	0.68898825	0.42637888	0.77746592	0.33058285	0.64013037	0.55659687	0.48054412	0.68162491	0.48955306	0.67476481	0.67251283	0.72812996	0.42033008	0.70794649	0.92926955	0.81866955	0.24656629	0.3626221	0.66794657	0.75964734	0.25202635	0.44596487	0.50904737	0.41721935	0.7778684	0.75577538	0.65571154	0.74131024	0.70165278	0.69901083	0.51254615	0.29922572	-0.0092105034	0.75612038	0.76892397	0.65895022	0.71134059	0.65238427	0.44616934	0.28438147	0.73263089	0.65182845	0.66855658	0.79919035	0.54104598	0.42511337	0.41000567	0.10052279	0.76195128	0.26226013	0.32022076	0.66228391	0.58667493	0.82967796	0.36684288	0.75030402	0.86745727	0.29946527	0.75831977	0.67955643	0.73988695	0.55051532	0.57859833	0.76221686	0.69934893	0.74290595	0.6893179	0.76865033	0.61708797	0.3103233	0.23506613	0.46793496	0.64977577	0.67613474	0.74713802	0.4588746	0.83867505	0.23597148	0.50902944	0.37122597	0.67109194	0.69972795	0.25528927	0.51537293	0.067387711	0.49987212	0.27223764	0.4777329	0.35849173	0.0085669054	0.28136796	0.39800734	0.47929989	0.26770577	0.45709326	0.17024288	0.40133133	0.19415742	0.44869151	0.19829315	0.5466259
0.4849486	0.72936789	0.78050744	0.79981442	0.52006812	0.73135501	0.86850117	0	0.63848548	0.61935644	0.60698268	0.67629094	0.39447285	0.53809395	0.69319252	0.69228862	0.73993061	0.71965356	0.72728799	0.80871994	0.73805045	0.76539488	0.53153325	0.2766307	0.36336706	0.79485298	0.72803248	0.74531411	0.76347585	0.57674256	0.14032821	0.43210862	0.7748465	0.75949789	0.57511136	0.76958128	0.56706751	0.74263249	0.1457626	0.026166201	0.67861786	0.063793299	0.43309536	0.71478004	0.66634241	0.81016569	0.49861238	0.83831964	0.77195414	0.60044962	0.70481236	0.63939217	0.54497273	0.59172253	0.39505895	0.49407596	0.73041246	0.78201253	0.77408452	0.69296026	0.70944087	0.28126078	0.62414609	0.39806152	0.65941448	0.80771381	0.76096219	0.46426045	0.79474701	0.39798962	0.79037133	0.63264876	0.67425283	0.75707822	0.48769368	0.75192489	0.73253353	0.80722671	0.50503682	0.67658435	0.82921179	0.90107086	0.35190183	0.37377202	0.64653001	0.76284852	0.3543027	0.60681432	0.63349264	0.61756934	0.8263797	0.76161717	0.75439468	0.79420765	0.73982193	0.72070714	0.53661128	0.51733634	0.2598196	0.7637036	0.78620314	0.7605395	0.75885537	0.67486774	0.53985508	0.40633834	0.80655058	0.75204114	0.70031614	0.85063658	0.55619597	0.66308723	0.49039055	0.19119859	0.80182406	0.28689816	0.49169376	0.68466726	0.66551127	0.83454748	0.50863945	0.81674546	0.83221696	0.36068124	0.77850943	0.7330594	0.75882079	0.62120802	0.6315011	0.72421766	0.76340824	0.76044825	0.73478525	0.76541311	0.66696901	0.50265904	0.23735388	0.51064855	0.68399737	0.65541515	0.82722755	0.40502464	0.81037181	0.35614348	0.68671321	0.5620255	0.80081757	0.77138637	0.30693399	0.51093679	0.10181797	0.48122125	0.29537385	0.57191506	0.48251561	0.076970922	0.32510166	0.43732603	0.40143281	0.33272703	0.41959907	0.1356466	0.5055092	0.28126875	0.3305661	0.18327662	0.59803854
0.57876348	0.60563841	0.44725183	0.37296716	0.70377045	0.76774169	0.52467183	0.63848548	0	0.65151564	0.56334537	0.23990924	0.19177683	0.18167204	0.59847226	0.54698963	0.31386379	0.40872644	0.62859239	0.53773205	0.59706868	0.6346569	0.40532445	0.15058565	0.51949113	0.42910658	0.46193084	0.39084414	0.39266309	0.65543051	0.22007628	0.37632816	0.41523094	0.34135298	0.32304221	0.27749935	0.33965635	0.44116825	0.24892482	0.075444367	0.2579853	0.30173702	0.12537187	0.65741044	0.34945327	0.49435455	0.26624939	0.42396276	0.3548558	0.25471194	0.48590789	0.41757708	0.55921004	0.64530703	0.35164211	0.45593677	0.60510333	0.53606068	0.51484541	0.40725086	0.51837465	0.079098642	0.52155049	0.48516556	0.57126	0.68903155	0.39970344	0.27144985	0.38598494	0.51663082	0.6483561	0.42445917	0.34777192	0.37337203	0.62938071	0.62465761	0.3792509	0.39239106	0.69195451	0.69247108	0.46722329	0.59685005	0.46273342	0.41468117	0.45993291	0.31401136	0.28921419	0.36398631	0.62545109	0.50013543	0.42022368	0.47352268	0.6628382	0.53890368	0.62100073	0.57282996	0.35552635	0.43825335	0.36183263	0.35389844	0.50126278	0.41856746	0.37100818	0.6311133	0.48785843	0.53311114	0.36347107	0.37138074	0.36276346	0.38651341	0.37318915	0.51176333	0.36274772	0.22994451	0.36831614	0.46718631	0.20926601	0.61451902	0.35686932	0.53260399	0.27195605	0.45647459	0.40372911	0.22878753	0.52869975	0.33582892	0.7252714	0.69748487	0.44531462	0.45202133	0.53674505	0.443002	0.50928841	0.52327658	0.53074929	0.32372403	0.21687294	0.33150869	0.45101339	0.62901772	0.49330202	0.2950024	0.45050737	0.4247631	0.74945009	0.55262605	0.49283637	0.43758262	0.49242926	0.45151214	0.29029544	0.33921201	0.16884624	0.43313629	0.18936486	0.13415689	0.28651868	0.49661922	0.44344867	0.47693907	0.40299827	-0.017810644	0.4178345	0.070791596	0.32477437	0.34935022	0.57897752
0.28717029	0.61006196	0.59902109	0.50595188	0.63560877	0.62111247	0.5858924	0.61935644	0.65151564	0	0.63624836	0.23426465	0.10200926	0.22785107	0.46611698	0.45468153	0.41647206	0.43895702	0.82201923	0.65495827	0.6695254	0.67441564	0.52435849	-0.03524619	0.41412478	0.38971983	0.70280732	0.59088805	0.58436768	0.84614597	0.082375858	0.44662083	0.500701	0.47424048	0.3919283	0.40954474	0.36048308	0.42079338	0.1943193	-0.06190188	0.42621113	0.15957099	0.055737106	0.67366951	0.55206175	0.60528051	0.16885793	0.45654703	0.36525666	0.37911148	0.55738436	0.42054174	0.58019942	0.71554755	0.20538023	0.50236157	0.57324906	0.66311292	0.67000865	0.42136908	0.69787	-0.095955184	0.40550233	0.29571577	0.7759475	0.65744678	0.62049801	0.21325742	0.50308925	0.50169601	0.63069348	0.36681583	0.38325256	0.49533193	0.41736378	0.54763929	0.63714731	0.52482002	0.71214665	0.66302341	0.50603188	0.51992839	0.30602883	0.7929166	0.60012887	0.2205378	0.19240074	0.21040823	0.39217246	0.31925981	0.44774449	0.41582512	0.73088291	0.61874516	0.6420604	0.6272466	0.53544053	0.14297141	0.041625855	0.24369441	0.65362738	0.59955446	0.52175221	0.78963074	0.41680575	0.40376675	0.52679579	0.51664771	0.42896008	0.43717734	0.33611576	0.32989823	0.20280907	0.16893662	0.52246273	0.32569685	0.17025436	0.65897149	0.56473618	0.58622858	0.25584771	0.45224322	0.43853293	0.22161625	0.56591831	0.29244993	0.63413816	0.62135809	0.16862091	0.47234719	0.51610722	0.56748705	0.64109795	0.60585642	0.7083065	0.077612151	0.29035896	0.31503585	0.69710411	0.59020925	0.61733454	0.16335141	0.55057663	0.43909642	0.59819497	0.29076624	0.5449407	0.47921498	0.30448691	0.39386777	0.11449902	0.22468611	0.15787607	0.66525082	0.21730341	0.13942376	0.34180757	0.40740183	0.47650761	0.23869359	0.14839534	0.058752002	0.63518606	0.045674057	0.29299637	0.28400228	0.4363691
0.1544269	0.89125896	0.48425519	0.41928485	0.31134549	0.40422035	0.61477981	0.60698268	0.56334537	0.63624836	0	0.24618331	0.031885013	0.18681203	0.30658767	0.33978059	0.42432933	0.36046564	0.80094629	0.78533806	0.7143767	0.89176887	0.41784991	-0.036572351	0.096928979	0.34838408	0.66721224	0.40389498	0.40420571	0.43582949	0.15303557	0.29385397	0.39067384	0.3875686	0.43349983	0.32095985	0.51537661	0.41455532	0.060550884	-0.33463193	0.26002301	0.5238562	0.2867712	0.89557093	0.30531614	0.55512667	-0.039293343	0.45518718	0.29553655	0.46790564	0.80172981	0.28941952	0.30981873	0.38601503	-0.047405847	0.42404433	0.85835024	0.75827932	0.64934237	0.65012595	0.79174898	-0.021241684	0.35537356	0.34091885	0.52499631	0.59614722	0.49421853	0.14487	0.55173511	0.35656085	0.50288349	0.39707572	0.28218932	0.38313451	0.32591915	0.82406249	0.49769175	0.39737614	0.47815892	0.50115697	0.5450106	0.53195469	0.18619986	0.41894148	0.81215327	0.36336178	0.39000414	0.34621083	0.36908517	0.31533863	0.50894784	0.36642549	0.83016466	0.76776507	0.82345754	0.87018919	0.46217872	0.27990533	-0.055878846	0.38195258	0.66129321	0.44040441	0.34012203	0.52851842	0.52335791	0.44876941	0.46844647	0.39867324	0.4786456	0.4649926	0.52358231	0.37574304	0.16070706	0.079504659	0.41358516	0.65379349	0.30228665	0.85311951	0.31336695	0.51021524	0.052379397	0.44812889	0.40142885	0.40916798	0.75347369	0.44679484	0.53292935	0.42754074	0.23460683	0.61752479	0.80634014	0.74205223	0.76227376	0.71408794	0.70604513	0.22984336	0.29889129	0.459592	0.51223069	0.51231623	0.53387054	0.41254897	0.58474804	0.31971991	0.46479153	0.44048743	0.47248131	0.4467342	0.50973432	0.50478149	0.24434558	0.39803876	0.14613067	0.50268013	0.32210543	0.13027342	0.13892747	0.57926952	0.50275123	0.40816428	0.4735389	0.10857562	0.40370891	0.021809509	0.51609405	0.28565767	0.67253475
0.38182289	0.35827678	0.57147596	0.69709168	0.16669554	0.32773937	0.65745974	0.67629094	0.23990924	0.23426465	0.24618331	0	0.69421256	0.72569471	0.70634998	0.68419048	0.63897657	0.74530653	0.41194701	0.54817151	0.42314639	0.40569025	0.24292455	0.5219445	0.37808729	0.87827085	0.52957532	0.57907531	0.63661598	0.24333093	-0.075495445	0.26556446	0.58213553	0.61176301	0.29898847	0.72611087	0.56321088	0.69359002	0.29704794	0.32779098	0.56282085	-0.20986432	0.40489595	0.36023085	0.54998825	0.61670604	0.57143459	0.68640206	0.77634682	0.51900063	0.43745608	0.81727918	0.3714567	0.37157487	0.45542559	0.51359839	0.33417762	0.53910208	0.46289685	0.57424473	0.41763102	0.49999967	0.49017225	0.33801635	0.38920466	0.45944271	0.60604671	0.79420732	0.70243966	0.19929152	0.55140097	0.66453749	0.63692991	0.63244384	0.058692675	0.4175639	0.55289966	0.68674038	0.028331938	0.16275161	0.63987028	0.67128278	0.11755833	0.02927672	0.39004006	0.8317147	0.39590656	0.59124535	0.47221484	0.40264134	0.69113534	0.61400773	0.39691196	0.52156051	0.41396961	0.38972591	0.28996928	0.40029073	0.23133991	0.81752064	0.57302799	0.55403304	0.66829817	0.26616632	0.24089322	-0.0093523738	0.64086431	0.58226132	0.5333515	0.76291377	0.52394376	0.45838439	0.48006531	0.28918256	0.66284969	-0.023352379	0.41657094	0.32200717	0.5164617	0.56892293	0.40424379	0.60723756	0.75978102	0.28267662	0.53035657	0.74193122	0.38039487	0.14859116	0.67117088	0.65313417	0.43624818	0.57508044	0.41413349	0.53230293	0.39176641	0.40540923	0.21666722	0.55788388	0.45108499	0.26647983	0.62560042	0.60140551	0.66052707	0.13796908	0.24453878	0.35944219	0.54659376	0.56201936	0.10579913	0.34588734	0.01724533	0.47820235	0.40099855	0.24984757	0.35988961	-0.19154171	0.2370673	0.33222306	0.19619013	0.055698949	0.24521894	0.13651535	0.12602219	0.23070542	0.18295904	-0.0073884533	0.25631159
0.46305367	0.12494659	0.26369723	0.29650054	0.11372082	0.30606154	0.29145951	0.39447285	0.19177683	0.10200926	0.031885013	0.69421256	0	0.58632835	0.61028272	0.55991564	0.27562631	0.55743362	0.21830613	0.27320034	0.22750054	0.19432118	0.1192235	0.7211025	0.44963178	0.58678451	0.27125475	0.25749891	0.29123183	0.11693789	-0.071837749	0.26073858	0.27585613	0.22906672	0.0066111113	0.34310063	0.3702741	0.45245081	0.60325977	0.60944665	0.2741854	-0.1848969	0.20490605	0.16160136	0.25875725	0.28769269	0.54843602	0.38489148	0.49696197	0.15491684	0.18976815	0.72945233	0.32293239	0.16950647	0.57895134	0.50427161	0.092407671	0.29530797	0.16247674	0.31262457	0.2166719	0.50004468	0.45156776	0.30924062	0.27549401	0.32022548	0.27810515	0.7209901	0.36209618	0.20707569	0.38848341	0.49732227	0.39729891	0.3795109	0.053935777	0.19746336	0.22908164	0.31769519	-0.073778032	0.029145407	0.33115638	0.36299841	-0.11892147	-0.068942621	0.21355461	0.47467687	0.36511477	0.51054658	0.39925043	0.23796238	0.39165697	0.45978617	0.17956229	0.24038516	0.16063648	0.17105668	0.094664732	0.3599137	0.28784609	0.45308036	0.25884312	0.23728262	0.29290117	0.074949671	0.046084965	0.028818456	0.28763902	0.23543602	0.17507856	0.3637351	0.22721662	0.31537821	0.57621666	0.48140797	0.31100085	-0.062699065	0.26915799	0.16505673	0.2268653	0.31163474	0.48557778	0.29625493	0.41543134	0.093682895	0.26157683	0.45997056	0.17274058	0.015233627	0.49640446	0.36545887	0.18887312	0.25536953	0.11654156	0.18380369	0.23760589	0.30968594	0.014986773	0.376916	0.27219529	0.19750424	0.31989906	0.42288927	0.35865718	0.02652216	0.17500556	0.2386975	0.28274683	0.26061881	0.01934936	0.16653275	0.1601066	0.33911121	0.31406164	0.048615211	0.22723888	-0.078073088	0.22122946	0.24531207	0.10931461	0.12840542	0.21032449	0.050879938	-0.0079079168	0.054098781	-0.012769443	-0.12130177	0.037347785
0.27635911	0.29331749	0.62961537	0.68298234	0.062658512	0.25115151	0.38147148	0.53809395	0.18167204	0.22785107	0.18681203	0.72569471	0.58632835	0	0.55634968	0.81256208	0.62800704	0.54852934	0.40353111	0.52152061	0.49282378	0.37252653	0.37914941	0.64448325	0.50200958	0.63436474	0.54670971	0.66635887	0.70912915	0.23365341	0.29791834	0.30622003	0.62600468	0.7241446	0.45086496	0.71188385	0.55030748	0.86005531	0.16345541	0.315529	0.65814738	-0.36289571	0.50361472	0.35115631	0.66114177	0.57555699	0.4327054	0.63707403	0.55790781	0.55916715	0.37758448	0.78500381	0.15928792	0.3013056	0.35396026	0.4001631	0.25288789	0.54648723	0.55408213	0.57713658	0.44909874	0.78232767	0.26751768	0.039516182	0.29940543	0.292073	0.63871818	0.65070691	0.58680529	0.28396555	0.58670441	0.52449993	0.89689413	0.68428574	-0.00094195126	0.35597505	0.62361027	0.69317189	0.24951139	0.12261932	0.38545239	0.60545824	0.2876444	0.12563959	0.33201949	0.64641491	0.50972804	0.76114119	0.45575839	0.64339093	0.62423373	0.48408207	0.41254289	0.54276514	0.39181434	0.36823268	0.44124467	0.59998249	0.46382619	0.57093697	0.56830412	0.65564098	0.69226404	0.22485529	0.44619906	0.16185613	0.65283602	0.70332192	0.59234441	0.67851094	0.6016403	0.68397076	0.47389886	0.27745642	0.64468484	-0.18615153	0.64575353	0.36724044	0.6545076	0.35691146	0.51480028	0.49691333	0.55228112	0.25452009	0.5036647	0.74531604	0.29672366	0.210787	0.48083723	0.51096584	0.41383028	0.57145464	0.48152485	0.49987977	0.45587717	0.62787529	0.20120655	0.56178423	0.4709927	0.1476148	0.64637475	0.44034776	0.49146679	0.51469375	0.37489655	0.52470352	0.71369957	0.59446385	-0.0028536135	0.10191316	-0.078299015	0.3140476	0.27227382	0.44525695	0.41763049	-0.28898131	0.20335506	0.1765814	0.0066167876	-0.009674618	0.039112324	0.03282582	0.35452039	0.37847007	0.032845474	-0.0032439459	0.16322742
0.80943163	0.43901516	0.56719756	0.55145725	0.55240951	0.66066535	0.58614356	0.69319252	0.59847226	0.46611698	0.30658767	0.70634998	0.61028272	0.55634968	0	0.77655778	0.46073708	0.65876955	0.58494052	0.54535986	0.58985925	0.47800596	0.34853697	0.56030515	0.78636849	0.81602985	0.59025417	0.52538916	0.56924938	0.61067274	0.016170878	0.3192616	0.48567577	0.49664016	0.17604672	0.55085122	0.5155217	0.68661977	0.46995307	0.47124461	0.43415531	-0.13901767	0.26766874	0.46802986	0.51833776	0.59386219	0.49088265	0.54643527	0.63975402	0.36279558	0.43893597	0.83391943	0.62337155	0.72282353	0.61923982	0.6958966	0.36191189	0.58125276	0.48993836	0.44751585	0.46765515	0.44385906	0.58930567	0.46059397	0.60720904	0.592421	0.56410858	0.76491694	0.61051571	0.32677206	0.69815743	0.77922534	0.56789004	0.53753355	0.51658638	0.50706522	0.495453	0.5429256	0.43312404	0.45023762	0.54162339	0.66561352	0.24449652	0.28377024	0.36509601	0.58072614	0.31454206	0.50897843	0.79037526	0.52657303	0.5471034	0.57324037	0.56317448	0.54218875	0.54089432	0.41244301	0.34414212	0.51878822	0.50153125	0.63696217	0.5851561	0.51348783	0.57136097	0.5830568	0.36455764	0.17343377	0.52745118	0.50901908	0.43794993	0.5622316	0.45018769	0.55573414	0.56613933	0.38798576	0.52832273	0.07209247	0.30812921	0.4071906	0.46366528	0.64143527	0.41971699	0.4788563	0.64179007	0.15043888	0.52954297	0.56349589	0.72814951	0.50651885	0.68640706	0.61832665	0.42482999	0.51033086	0.43095407	0.50713685	0.53874665	0.41633144	0.25107314	0.44015244	0.55017134	0.48497556	0.59529276	0.46700625	0.59329839	0.25876026	0.53582402	0.57428784	0.55157858	0.49666186	0.29330054	0.3723845	0.16312342	0.47727853	0.32105318	0.34909403	0.21892061	-0.12630214	0.24021878	0.46782046	0.35042436	0.28912176	0.25065758	0.053173712	0.24631013	0.048147177	0.30276403	0.07044094	0.43953806
0.51086871	0.47539799	0.61357487	0.61014803	0.35760393	0.60887656	0.48936251	0.69228862	0.54698963	0.45468153	0.33978059	0.68419048	0.55991564	0.81256208	0.77655778	0	0.56341013	0.58238171	0.55240738	0.56344199	0.60761729	0.50607969	0.35690545	0.66800035	0.73071325	0.66270464	0.58704568	0.60954839	0.66628788	0.47033105	0.38812318	0.41806536	0.5688043	0.60371367	0.35923271	0.6028821	0.53422659	0.87053739	0.21455702	0.43194347	0.54602984	-0.11534541	0.44102563	0.53515181	0.60289718	0.56760472	0.44244575	0.60914794	0.50704537	0.45440729	0.42582755	0.76847632	0.40221562	0.59691005	0.56730175	0.45193174	0.41674967	0.59088117	0.5723089	0.54283169	0.49225877	0.7285974	0.4346445	0.2166379	0.39117217	0.47088322	0.62681975	0.62475429	0.63082682	0.46812338	0.77170127	0.65855283	0.82812701	0.63059615	0.28490084	0.53687296	0.55879904	0.62888872	0.51605401	0.38246085	0.46832457	0.71182096	0.3871421	0.21563724	0.40199645	0.61119721	0.52218563	0.72796784	0.69477156	0.79965483	0.58080194	0.53318648	0.62941466	0.5729515	0.52721405	0.44289594	0.41992273	0.70039263	0.62943119	0.55702047	0.60016385	0.60944519	0.62848966	0.44738467	0.53325161	0.28720164	0.58580062	0.61203462	0.49586161	0.60306768	0.55394762	0.77275688	0.50949526	0.38805792	0.5587439	0.091595044	0.54351937	0.47980853	0.57133662	0.44198755	0.52918586	0.47681816	0.5344846	0.27593996	0.56265018	0.68397215	0.59542931	0.54660725	0.58510898	0.53180835	0.49429771	0.56265962	0.51512073	0.54277595	0.51371835	0.68899091	0.27984846	0.53885017	0.46432567	0.31438179	0.64581978	0.44858015	0.519898	0.56804338	0.58900458	0.65136374	0.68841423	0.54146567	0.36098613	0.38096262	0.20546052	0.44272899	0.36440561	0.45985504	0.37990735	-0.11526688	0.34753369	0.47454821	0.20864052	0.31476917	0.21572036	0.034992329	0.39778161	0.24386325	0.21266066	0.17228557	0.37103902
0.21849985	0.52042802	0.76293799	0.87901791	0.23562188	0.3610426	0.64093287	0.73993061	0.31386379	0.41647206	0.42432933	0.63897657	0.27562631	0.62800704	0.46073708	0.56341013	0	0.66241035	0.59029545	0.75743494	0.67236411	0.60030717	0.45890331	0.26219922	0.21785934	0.70762103	0.72394134	0.79530593	0.81280578	0.39534015	0.18704983	0.3280013	0.75448832	0.82491735	0.63831986	0.85224297	0.53274357	0.78057944	-0.04234644	-0.085808869	0.74426654	-0.2388817	0.52336153	0.49965926	0.73136997	0.80531204	0.4109232	0.79231782	0.70572223	0.6860919	0.59254627	0.57041173	0.24444494	0.39005769	0.22973959	0.36243774	0.51431943	0.70188464	0.75867673	0.67383306	0.67122799	0.39735146	0.33221067	0.18388848	0.51733116	0.4823554	0.79545479	0.3743394	0.76674988	0.27784632	0.62633487	0.53148454	0.73644402	0.75282702	0.13514167	0.56470405	0.77462405	0.86032971	0.33970449	0.37591059	0.64550405	0.77595901	0.375359	0.30993404	0.56105272	0.71236605	0.35372333	0.57579981	0.43415505	0.56171299	0.81372165	0.58410347	0.58457501	0.76490634	0.62985615	0.61874495	0.5237418	0.44780346	0.23432031	0.74048929	0.76345492	0.80045324	0.80568981	0.50511511	0.44919629	0.24984242	0.83271237	0.82098003	0.73645592	0.85207692	0.63320842	0.6176591	0.3473853	0.13873086	0.80472304	-0.041550889	0.65683979	0.48476074	0.73793123	0.65488467	0.4535975	0.73689461	0.75819502	0.38773486	0.68104164	0.73689336	0.48335309	0.39029839	0.46778872	0.63230752	0.58200344	0.76324212	0.7067786	0.701935	0.60137789	0.44395246	0.34567221	0.55263896	0.68053329	0.33306249	0.81734227	0.38840033	0.66998728	0.34149743	0.49967433	0.46821995	0.79252991	0.72172451	-0.0075330766	0.27875855	-0.20995463	0.31900563	0.25518918	0.60143331	0.4102027	-0.078319699	0.19539287	0.11344804	0.15225385	-0.041117804	0.098426869	0.12223506	0.46849498	0.40060909	0.14415308	0.11599655	0.3855638
0.48415524	0.46566545	0.63956729	0.71350341	0.41986538	0.53520105	0.69680861	0.71965356	0.40872644	0.43895702	0.36046564	0.74530653	0.55743362	0.54852934	0.65876955	0.58238171	0.66241035	0	0.5228982	0.6374654	0.5778556	0.52253894	0.3362819	0.37337593	0.36981511	0.81381778	0.60920141	0.60988882	0.639694	0.41193678	-0.044731611	0.39761113	0.59754025	0.62949044	0.37196477	0.70163446	0.5522737	0.65212642	0.2908673	0.21896779	0.56132118	-0.18922407	0.36072608	0.44900956	0.59226653	0.68615467	0.63351672	0.6945491	0.81515851	0.4942664	0.52748153	0.73281425	0.43664986	0.43013833	0.42657576	0.54443037	0.41733459	0.60648661	0.57556234	0.5768011	0.56981455	0.29806009	0.62741181	0.49052002	0.61057973	0.64706969	0.63373325	0.60611096	0.65812802	0.35580226	0.61348647	0.65077735	0.57630438	0.67125023	0.27911516	0.4947786	0.61165123	0.70547339	0.26855325	0.4670906	0.70524635	0.74316519	0.24733132	0.25505903	0.50123359	0.74212533	0.37192828	0.5918414	0.57095148	0.46687977	0.74216797	0.75401771	0.4916254	0.61071538	0.53510693	0.50664367	0.42445743	0.43541534	0.28972792	0.75807267	0.61768581	0.60593153	0.66292786	0.46413197	0.33885714	0.26881335	0.64072864	0.66684237	0.59587589	0.74739449	0.56653599	0.56372358	0.57276825	0.41410433	0.66409706	0.00018377281	0.50616393	0.41230918	0.59276696	0.65043517	0.5920119	0.67467675	0.76573113	0.30761127	0.62648264	0.710781	0.52949075	0.34491165	0.66955422	0.65087092	0.52355481	0.6398149	0.51168851	0.59287956	0.5255949	0.38695766	0.35849675	0.51540015	0.63998065	0.50608504	0.68167514	0.51698457	0.64359703	0.14632836	0.53644216	0.42612233	0.68629612	0.575034	0.052713405	0.30325954	-0.025896962	0.3906957	0.33808934	0.42881071	0.28733176	-0.0092740343	0.32157156	0.20974635	0.25308563	0.050890718	0.23215266	0.21158618	0.37159574	0.15441779	0.22369149	0.017697373	0.30949047
0.35479882	0.83047095	0.71722956	0.64840146	0.51416948	0.55968174	0.69204515	0.72728799	0.62859239	0.82201923	0.80094629	0.41194701	0.21830613	0.40353111	0.58494052	0.55240738	0.59029545	0.5228982	0	0.86149566	0.84916427	0.85183127	0.62314366	0.10092471	0.39980487	0.58080487	0.89058204	0.66191217	0.661406	0.74771277	0.14690579	0.43211903	0.57812536	0.59545163	0.49527984	0.54718975	0.59617078	0.63300406	0.23473748	-0.1258236	0.48721111	0.20357021	0.28345702	0.84456399	0.58552209	0.76651664	0.11673263	0.59403181	0.49420732	0.53742781	0.83526601	0.54544152	0.4977997	0.6805014	0.14589996	0.63391318	0.77535848	0.90242167	0.82696617	0.68033036	0.89027676	0.11110951	0.44634492	0.32447822	0.78857248	0.68499692	0.74140153	0.34821837	0.70581783	0.41751027	0.6880276	0.6179325	0.5028441	0.57038519	0.40405627	0.78389909	0.71271653	0.62941516	0.627298	0.58206324	0.6116477	0.68072226	0.32054921	0.65802149	0.75859511	0.42791927	0.38504588	0.42930745	0.53434684	0.42737083	0.65930219	0.50151298	0.90574026	0.84452172	0.85906963	0.84196527	0.62203755	0.34565824	0.091010234	0.49680246	0.87231444	0.68310006	0.59702136	0.79365223	0.56934107	0.42832774	0.65448063	0.603015	0.60925447	0.59862906	0.57250515	0.48491645	0.31395076	0.17211518	0.61202409	0.37630397	0.3475288	0.81078917	0.56448036	0.70955649	0.21525511	0.55838267	0.58708732	0.32870338	0.80027524	0.52897823	0.69850438	0.58460477	0.35997298	0.73554151	0.74409528	0.82206129	0.82817071	0.78726095	0.85975236	0.28251267	0.32827423	0.52567276	0.75182794	0.58266511	0.74935326	0.39712023	0.72579411	0.40863621	0.61412363	0.5214164	0.66195737	0.60039078	0.36475501	0.44636419	0.096239064	0.40739658	0.18603244	0.7058724	0.34444287	0.0081455194	0.23697286	0.50148116	0.49441586	0.28951703	0.31493042	0.035147773	0.59557351	0.072586198	0.41924263	0.24668589	0.66600778
0.32474712	0.82388211	0.81299829	0.78545183	0.38973435	0.47982265	0.75477817	0.80871994	0.53773205	0.65495827	0.78533806	0.54817151	0.27320034	0.52152061	0.54535986	0.56344199	0.75743494	0.6374654	0.86149566	0	0.87269515	0.90179372	0.56498326	0.18415635	0.26032215	0.70122585	0.8976692	0.77545843	0.76720297	0.55309301	0.14520367	0.40983217	0.69543513	0.7433034	0.61528326	0.70555764	0.70451479	0.72697423	0.15291503	-0.13858706	0.66151034	0.048211813	0.45940334	0.79757501	0.69547028	0.87253943	0.2794856	0.72880379	0.63644363	0.67498248	0.87782196	0.59935867	0.39563859	0.50437831	0.14541413	0.60612948	0.80179094	0.94803171	0.90820507	0.84250617	0.91877299	0.22070725	0.45836793	0.35918321	0.72523593	0.68673576	0.83520838	0.40783587	0.81707681	0.37518447	0.72468926	0.64986908	0.6270712	0.69341889	0.32700757	0.81810187	0.8168769	0.77526235	0.46605037	0.5174192	0.70485862	0.78648858	0.30662344	0.45862398	0.84785489	0.5994095	0.38282281	0.53606274	0.48956969	0.4697253	0.79895893	0.61444673	0.8067091	0.96464401	0.89883052	0.90217156	0.59095456	0.3969045	0.075545376	0.67845909	0.89938752	0.7903192	0.72379629	0.64370438	0.56146826	0.3806783	0.77846935	0.75116306	0.70645703	0.79391993	0.67685686	0.55972635	0.32048139	0.13992735	0.76540074	0.25000318	0.53945477	0.79043592	0.68199638	0.74155368	0.35495728	0.72887246	0.72955221	0.4237414	0.89736729	0.70576119	0.63973911	0.46157309	0.42243283	0.8037022	0.83676023	0.93408692	0.9309463	0.87086621	0.8470899	0.36607543	0.3961951	0.57359919	0.77957293	0.55194859	0.86758707	0.46309726	0.79126606	0.34283681	0.59295216	0.53901962	0.77057799	0.71331504	0.18896049	0.39152617	-0.075917029	0.42423596	0.2626518	0.61915758	0.47963616	-0.018281423	0.17756077	0.35884343	0.34760057	0.1638723	0.31374649	0.037563016	0.53283369	0.23357495	0.35745441	0.11361406	0.59716028
0.41180751	0.79659332	0.7106349	0.68388159	0.42281606	0.53848107	0.61732294	0.73805045	0.59706868	0.6695254	0.7143767	0.42314639	0.22750054	0.49282378	0.58985925	0.60761729	0.67236411	0.5778556	0.84916427	0.87269515	0	0.83075119	0.56947117	0.25910064	0.40161143	0.6285966	0.83886699	0.69026909	0.68543109	0.60892641	0.23649415	0.33847179	0.6035279	0.6753388	0.58417306	0.6115001	0.65647808	0.75251367	0.14382095	-0.038791345	0.56142477	0.047416637	0.45569965	0.75851848	0.61883784	0.74833373	0.23647806	0.64578575	0.51899514	0.63435327	0.791852	0.57195753	0.39384563	0.53960174	0.24102164	0.55446741	0.73287092	0.86845176	0.85345848	0.77040683	0.87812109	0.27605513	0.41492212	0.34272729	0.68240479	0.63837895	0.74831584	0.35551207	0.73966818	0.39001106	0.74685652	0.66035866	0.63365903	0.60958592	0.39092217	0.80802926	0.73456387	0.67666671	0.58314692	0.5415201	0.58543453	0.72989868	0.40087696	0.44610749	0.72931498	0.49066003	0.41840292	0.55159225	0.59460987	0.56699276	0.71234762	0.58371166	0.83201435	0.8931932	0.88611146	0.81062523	0.6235102	0.48902598	0.29322902	0.57620437	0.83782588	0.71516759	0.63484056	0.6825568	0.53971675	0.42083086	0.68158312	0.69003383	0.63222536	0.66597647	0.6245933	0.64540146	0.39420952	0.20128052	0.64166273	0.23189743	0.55787135	0.74185451	0.61574167	0.64986999	0.38709427	0.6101852	0.59840348	0.41149265	0.80879759	0.64358124	0.66986699	0.5648641	0.42542023	0.73172489	0.76750376	0.83818931	0.85837349	0.80107719	0.85646015	0.4335602	0.40660459	0.54868159	0.73830941	0.5119594	0.7907024	0.40076829	0.69639885	0.43385714	0.68477113	0.64631978	0.7664957	0.61974482	0.23161175	0.30685012	0.0052001461	0.36070355	0.31824319	0.66343632	0.4131789	0.019231856	0.1954271	0.3356253	0.34199899	0.23769374	0.24407847	0.065020729	0.55466141	0.19234022	0.2777868	0.21386466	0.57963921
