0	0.059761672	0.25586154	0.28975504	0.60895345	0.68390617	0.26807346	0.39424273	0.63628577	0.40175631	0.29172583	0.42670411	0.5666595	0.54127669	0.72884508	0.68057828	0.35890256	0.31735725	0.20454492	0.22801147	0.1632445	0.23632253	0.13447152	0.67341702	0.62533601	0.26841797	0.13787721	0.19745044	0.25830912	0.47902426	0.52400067	0.40453199	0.36731211	0.45333233	0.35468328	0.49571675	0.43256696	0.64142994	0.58240514	0.58658635	0.2980868	0.23076539	0.47215944	0.29725038	0.22181491	0.26021576	0.23684573	0.2924544	0.2076718	0.24962767	-0.075501113	0.22868688	0.55941319	0.67508829	0.70890381	0.036715911	0.08847293	0.022469255	0.050182733	0.036423976	0.10988296	0.50916283	0.090039289	0.38799534	0.2731091	0.33866999	0.12227438	-0.00021370419	0.14727694	0.294829	0.55334155	0.54052544	0.59556991	0.40035516	0.107217	0.050029095	0.11836966	0.2607314	0.52010504	0.6075799	0.24529521	0.4191507	0.66674042	0.24152377	0.26763549	0.32427118	0.49192996	0.46412496	0.56312573	0.6384342	0.17161476	0.0060271724	0.078557698	0.1343929	0.17427318	0.1874205	0.11575359	0.61485197	0.59407388	0.025126862	0.038298909	0.20342466	0.19093557	0.34787727	0.19037329	0.026379703	0.44594202	0.3645604	0.099343944	0.22046179	0.31976651	0.63612731	0.30168066	-0.098948993	0.23091413	0.25410811	0.48054469	0.26086213	0.26982201	0.18796775	-0.0047016609	0.16237665	0.13462202	-0.047883313	0.030644314	0.11855301	0.62485877	0.58384141	-0.07380743	-0.056022489	-0.096334499	0.011991873	0.12417293	-0.038665145	0.023431553	0.13984253	0.18140998	-0.21882726	0.14592815	0.41664572	0.092644076	-0.11483187	0.048619397	0.45723586	0.53101628	0.5122219	0.43328162	0.42003574	0.52998644	0.29182061	0.51223616	0.25553329	0.2923378	0.35833442	0.25632778	0.2718277	0.32656076	0.5849309	0.27876879	0.32497465	0.22678068	0.14435844	0.11274394	0.0091810618	0.092052844	0.41386386	0.35539539
0.059761672	0	0.58425118	0.57773376	0.31882438	0.23375065	0.52489344	0.53921958	0.36590619	0.40674067	0.57763595	0.48356913	0.26638866	0.35329416	0.19912095	0.48472624	0.46233608	0.24935594	0.79748914	0.67950601	0.83551554	0.65173615	0.29683979	0.29732347	0.23837627	0.33888677	0.54941543	0.64060321	0.63127542	0.45864332	0.31084202	0.22627423	0.52614419	0.6620278	0.46081095	0.61161687	0.53372798	0.528468	0.36023907	0.22210827	0.69922236	0.8210445	0.55173588	0.53844095	0.54699024	0.51203149	0.2830088	0.47068266	0.44449175	0.44290388	0.8054683	0.36566229	0.21136896	0.24086423	0.098988516	0.53209753	0.90469202	0.74934624	0.87839747	0.59628242	0.74633944	0.062910161	0.14030446	0.26969748	0.42119176	0.37503167	0.56245377	0.27071053	0.59948713	0.29922679	0.28234028	0.48815904	0.47576006	0.51513313	-0.17044951	0.9764308	0.54868056	0.5956679	0.32899701	0.15826872	0.39503572	0.46549655	0.27607588	0.27379287	0.52405142	0.2664691	0.18974145	0.42317869	0.26005659	0.46704092	0.51568343	0.21449962	0.7551975	0.70389356	0.88414694	0.63593543	0.48699617	0.46923289	0.23984913	0.51053845	0.5582249	0.60734495	0.57631717	0.39950216	0.16620771	-0.088834245	0.52899377	0.63274246	0.19152315	0.60946318	0.54596471	0.515182	-0.0082164599	-0.13747609	0.5706906	0.69101026	0.5165819	0.51429583	0.55025772	0.46205907	0.021217276	0.29953445	0.42600934	0.39680966	0.89041619	0.1998476	0.15948047	0.24413959	-0.17490621	0.47183511	0.83140673	0.75038802	0.85536273	0.67338484	0.78215308	0.01597573	0.28533927	-0.015412803	0.57265942	0.36520628	0.61562773	0.083151277	0.59851891	0.32768817	0.38387581	0.4773492	0.69527014	0.53935704	0.26495505	0.21632869	0.0070163676	-0.092187029	0.12793958	0.41307774	0.39323526	0.2921919	0.3096927	0.19461476	0.29226857	-0.15853507	0.070925598	0.019947919	0.55182708	0.23805147	0.065930845	0.091613251	0.48211363
0.25586154	0.58425118	0	0.73232213	0.39923916	0.54412991	0.7131922	0.84896932	0.53904883	0.55980113	0.759363	0.55169531	0.25509148	0.33499572	0.42435214	0.68639295	0.61653296	0.36857049	0.69199003	0.77046617	0.70769964	0.75631057	0.48563078	0.42305122	0.39227664	0.49624882	0.76831641	0.83075446	0.83321877	0.72339769	0.37104459	0.32525578	0.68010226	0.64540739	0.48069583	0.59454373	0.60289267	0.57836732	0.37461375	0.27077065	0.79811151	0.61883846	0.4752854	0.74828362	0.86566788	0.80925034	0.34598753	0.63810758	0.62383748	0.28098699	0.51525234	0.44769999	0.3886659	0.54540396	0.26508418	0.66147277	0.58975724	0.71976109	0.60281603	0.56899776	0.66660076	0.14010851	0.16103906	0.43064553	0.71032905	0.71459278	0.74412879	0.40422764	0.69247931	0.34178273	0.41564339	0.48092666	0.50621061	0.59376694	-0.15040564	0.54051211	0.9182781	0.75034581	0.43798239	0.49426843	0.63852453	0.7340895	0.40986403	0.49778153	0.71281415	0.23773655	0.042727265	0.31875289	0.32132712	0.57718489	0.6637801	0.28565543	0.6388868	0.74746144	0.67268402	0.71553764	0.51807954	0.52052746	0.31539841	0.65853622	0.72585126	0.84376602	0.85504212	0.7001302	0.24898937	0.15906801	0.72127133	0.63989491	0.17173819	0.69725664	0.60913197	0.43798249	0.033857271	-0.17073135	0.86530794	0.45203721	0.42712149	0.71367581	0.85382498	0.69272324	-0.083242225	0.46703113	0.5534067	0.19326651	0.64273311	0.2698831	0.30968383	0.41545176	-0.028830639	0.5182576	0.56171291	0.68007286	0.60160887	0.54115545	0.6708542	-0.083609532	0.38412013	0.033370163	0.73089031	0.63647473	0.75650411	0.11009982	0.5816861	0.35941013	0.38970156	0.50280271	0.59597226	0.73035596	0.44419709	0.58997217	0.18600696	0.067882645	-0.0088192222	0.50959094	0.32473844	0.4347458	0.43478005	0.49100787	0.69546807	-0.087591604	0.25185444	0.037395395	0.56949876	0.11704415	0.2240916	0.35243858	0.77311479
0.28975504	0.57773376	0.73232213	0	0.34108786	0.57480554	0.87784477	0.84478777	0.51544752	0.46853482	0.74674082	0.68377877	0.23625657	0.47755802	0.44306404	0.63929452	0.8468382	0.63387063	0.65534254	0.72438668	0.67023062	0.76159036	0.48245543	0.40846065	0.3313067	0.66067608	0.65179941	0.77988751	0.84319815	0.62980127	0.37802464	0.46227054	0.8144032	0.76597344	0.62976755	0.70096501	0.64038036	0.63095829	0.42553524	0.26505993	0.84733721	0.66099508	0.56230538	0.74471157	0.73921911	0.80950815	0.30786737	0.82582113	0.89057914	0.31922322	0.45986694	0.61091785	0.49744335	0.49752251	0.16658103	0.50876968	0.61742124	0.63500518	0.55920184	0.44413712	0.5734867	0.30836945	0.20233284	0.51629053	0.64678467	0.63715223	0.65574511	0.41230203	0.76910905	0.1928422	0.43894133	0.41527453	0.44742168	0.70762385	-0.089427781	0.54155864	0.64895663	0.94943753	0.32313587	0.46597118	0.80948962	0.83930298	0.39886928	0.36307719	0.68860794	0.5740854	0.20417118	0.47547228	0.39038181	0.54324451	0.77985315	0.51334743	0.56858823	0.66602807	0.62881751	0.67416646	0.49775451	0.47360857	0.37939778	0.78664835	0.62567521	0.68631976	0.71502066	0.63969459	0.18069039	-0.076951891	0.87267746	0.73417123	0.24635572	0.83946113	0.58743263	0.54749702	0.2117136	0.11573126	0.88504305	0.56120116	0.53540305	0.68697115	0.75300727	0.71019008	0.018261639	0.72392868	0.84869873	0.1697653	0.6241803	0.50681602	0.42135464	0.33612501	0.09476973	0.32418519	0.52968765	0.57203613	0.59074322	0.44740961	0.54270979	0.13328192	0.21354795	0.028613618	0.65574246	0.68971412	0.59796349	0.26313722	0.55600847	0.31096943	0.40685609	0.5216352	0.62870674	0.85241805	0.59723678	0.61526376	0.41094183	0.3726333	0.3497327	0.53384183	0.373332	0.50457956	0.62527179	0.58574816	0.63950586	0.17509171	0.50949913	0.081871775	0.4815906	0.070884776	0.23633934	0.41149916	0.79633294
0.60895345	0.31882438	0.39923916	0.34108786	0	0.61685664	0.23472174	0.45791482	0.72881288	0.72018487	0.42125975	0.43518239	0.61166018	0.54958083	0.6840846	0.7611739	0.29454381	0.23961512	0.42672282	0.38583213	0.41587694	0.40749338	0.24392085	0.77873115	0.80817677	0.14138191	0.27417134	0.37724409	0.42317778	0.64148689	0.57857433	0.45273617	0.3692326	0.55862546	0.2957916	0.49822491	0.56774299	0.70121067	0.45065327	0.52365769	0.45966425	0.4120578	0.6066844	0.49524501	0.37044972	0.26357079	0.29679641	0.27054556	0.12555025	0.3961156	0.23816916	0.24968448	0.27226613	0.63067517	0.53894706	0.20712049	0.26754695	0.24042557	0.33413882	0.25796309	0.35895979	0.59053288	0.085376905	0.52452823	0.39167288	0.40135546	0.34475362	0.070137982	0.26201364	0.64008448	0.7096187	0.75114622	0.77788206	0.35609788	-0.24741716	0.29216624	0.27889184	0.3190718	0.7013712	0.58822778	0.18648796	0.37049701	0.77688659	0.58500652	0.38288559	0.13527956	0.49429086	0.41778933	0.55854107	0.78996563	0.26535582	-0.027736812	0.25969309	0.32303256	0.39128627	0.38129155	0.25101431	0.69152036	0.57341872	0.15467751	0.19699332	0.38112581	0.40436545	0.44936091	0.29927322	0.20528607	0.45492581	0.48887924	0.10550812	0.26498949	0.50235025	0.68291629	0.15373489	-0.087648899	0.35154819	0.34524074	0.60308669	0.43969683	0.35725634	0.20739812	0.053682249	0.063011742	0.071245925	0.13670383	0.31246599	-0.027193164	0.27579487	0.64114424	-0.41744534	0.22742563	0.12200496	0.28742016	0.33614693	0.21511722	0.28471987	0.22156401	0.36543524	0.17218198	0.34664311	0.48146284	0.41320319	-0.19322497	0.26213847	0.73010474	0.62978769	0.58296044	0.58285769	0.39581715	0.37739991	0.20003969	0.36123615	0.14335295	0.11478409	0.58125844	0.31371802	0.44154777	0.11052389	0.38527966	0.19877331	0.1595765	0.23941783	0.16445645	0.39387343	0.2330347	0.28514756	0.34982899	0.44977898
0.68390617	0.23375065	0.54412991	0.57480554	0.61685664	0	0.61101259	0.69953522	0.77644149	0.67647045	0.64621719	0.5388811	0.40953724	0.45001433	0.62995802	0.80994646	0.57680287	0.45458382	0.4679925	0.54518801	0.47507809	0.59491392	0.40819003	0.60897438	0.55267747	0.41995527	0.47696991	0.45031891	0.51743816	0.77660321	0.4482456	0.47847147	0.63324816	0.6153606	0.52753557	0.60909551	0.62812858	0.64287839	0.54210083	0.48805075	0.58798017	0.43887094	0.59234201	0.7027732	0.4494955	0.63338678	0.2802979	0.63005043	0.55111128	0.45346714	0.10791439	0.38521457	0.61710704	0.82694579	0.45306614	0.28708483	0.28245254	0.32340251	0.22044264	0.25398677	0.40766501	0.32045416	0.21611502	0.63069053	0.6286074	0.68913302	0.35821344	0.11716271	0.46057478	0.47996103	0.74750867	0.57363343	0.60591818	0.57865668	-0.054722594	0.21332089	0.40389453	0.50543748	0.55670804	0.85392337	0.60942856	0.65651789	0.71118103	0.54740666	0.58293084	0.32050366	0.16758963	0.38586457	0.45997159	0.65362501	0.48319238	0.31503392	0.39036552	0.45744985	0.4360784	0.5713085	0.44585665	0.59202909	0.50033101	0.33812211	0.4132003	0.40614	0.43871542	0.69625703	0.19236933	0.1812716	0.6715849	0.56264577	0.1473673	0.51699037	0.52634281	0.55750629	0.137147	-0.014308972	0.58894193	0.40582376	0.55726033	0.66889692	0.47462009	0.52963919	0.018866849	0.5188021	0.4837763	0.071600326	0.28168637	0.25202072	0.53675232	0.63223258	-0.10092408	0.18210204	0.17589477	0.33363461	0.30390155	0.16244367	0.35397987	-0.040967466	0.28830832	0.026865585	0.52265901	0.75970783	0.32533528	-0.068290926	0.254073	0.49988982	0.64141091	0.47218775	0.54833116	0.69122648	0.66887506	0.61805683	0.57909986	0.36494144	0.31884886	0.66798253	0.33223717	0.49348952	0.51671094	0.73632008	0.57654334	0.33452662	0.4262468	0.1276057	0.41534754	0.053670701	0.21004198	0.61773696	0.71490761
0.26807346	0.52489344	0.7131922	0.87784477	0.23472174	0.61101259	0	0.87621311	0.43915906	0.39500082	0.79628721	0.67205256	0.11700855	0.4014624	0.42096214	0.60665057	0.77891728	0.68374592	0.66597705	0.77303162	0.6553405	0.80191653	0.47737219	0.28470827	0.20704873	0.7486246	0.71986767	0.70535568	0.77498552	0.63472328	0.27082909	0.37975314	0.80418376	0.70005606	0.60178997	0.66696397	0.59034914	0.56819081	0.39014795	0.31398979	0.7886844	0.62995814	0.56653338	0.77859487	0.64272077	0.88341049	0.34646107	0.84113227	0.89065791	0.30809533	0.42781246	0.59837396	0.630509	0.53634929	0.20070551	0.55019127	0.58905314	0.64975805	0.4922612	0.43581661	0.6288191	0.18047929	0.21349212	0.4812218	0.6893688	0.72376034	0.63169773	0.4422468	0.82981069	0.06360501	0.38196056	0.31516171	0.35268119	0.70753146	0.084164153	0.50168575	0.60336922	0.80593443	0.31665774	0.5041202	0.92336545	0.88157231	0.32928731	0.31337275	0.73519103	0.61242479	0.066362715	0.47556938	0.38144572	0.48670347	0.72765012	0.6099489	0.63031258	0.69657463	0.64520352	0.74352597	0.53316497	0.44012041	0.36051448	0.75494648	0.68444815	0.59968155	0.65738749	0.69373641	0.14584469	-0.036828674	0.82099944	0.67531577	0.22387337	0.84319359	0.58414208	0.45671638	0.22923729	0.13218233	0.82883351	0.55833713	0.45950056	0.75694897	0.64732922	0.80442174	0.084653727	0.74515739	0.88765061	0.21117108	0.59768191	0.59201351	0.52948962	0.34326655	0.24402714	0.3239491	0.55651716	0.58477462	0.54684647	0.41792338	0.57155792	0.015581852	0.30707367	-0.059894699	0.69975698	0.71731643	0.54207476	0.31564527	0.59488275	0.15877258	0.37107365	0.460357	0.58900099	0.84480373	0.61813377	0.65323376	0.40666216	0.35993062	0.3047005	0.43130887	0.33149938	0.48744951	0.6522469	0.63421116	0.70738897	0.16920301	0.49856733	0.19545453	0.41873447	-0.034042047	0.18097152	0.42509846	0.83513365
0.39424273	0.53921958	0.84896932	0.84478777	0.45791482	0.69953522	0.87621311	0	0.62013745	0.55852917	0.82561306	0.70078214	0.29933016	0.44866066	0.53664937	0.77118615	0.74735751	0.61222952	0.70458381	0.82016599	0.70879499	0.84433681	0.51826582	0.49617087	0.40243486	0.67484613	0.78403185	0.7999648	0.84712401	0.77710738	0.43018108	0.43608641	0.75897272	0.75862835	0.58805676	0.6888027	0.68742085	0.67754518	0.48384609	0.38816688	0.84811222	0.62537361	0.64014725	0.83288704	0.76985975	0.89626783	0.36529126	0.78492368	0.77419136	0.32326982	0.5134405	0.54054692	0.58808979	0.64531337	0.34293761	0.62930031	0.5790106	0.70157691	0.52608617	0.48633139	0.72451759	0.25086246	0.2567965	0.5671929	0.80113515	0.79833807	0.74520955	0.44553659	0.79396959	0.26646089	0.50992779	0.52758465	0.54654085	0.66466473	0.020156665	0.48989627	0.74526621	0.80436536	0.50378119	0.63447718	0.82356429	0.91866845	0.4931624	0.46894884	0.76654437	0.48907487	0.13670418	0.48082217	0.44244674	0.66642916	0.72050047	0.44526533	0.63835373	0.74450993	0.68908911	0.79431498	0.57674774	0.59156886	0.44065058	0.72472492	0.72992535	0.72349133	0.77203072	0.78259159	0.29953751	0.041749175	0.83112161	0.71357311	0.25140542	0.79858681	0.69034659	0.56024596	0.17714007	-0.057688224	0.87852623	0.50277032	0.58358819	0.79790877	0.74944203	0.81443261	0.022340181	0.61179648	0.73979488	0.19466909	0.64003176	0.46395341	0.51319435	0.50356026	0.12660429	0.4358785	0.55687905	0.66235511	0.55049238	0.490631	0.6511496	-0.052500741	0.44449436	0.00082789789	0.79863538	0.78318419	0.67741857	0.21277559	0.59332343	0.41597461	0.5011119	0.56573215	0.66922015	0.81974036	0.58509	0.60106241	0.35079437	0.2459414	0.2075328	0.57609848	0.3952887	0.51893802	0.55798596	0.60972456	0.66668029	0.068489306	0.43272908	0.19495803	0.52803676	0.111214	0.24617278	0.45482152	0.86035932
0.63628577	0.36590619	0.53904883	0.51544752	0.72881288	0.77644149	0.43915906	0.62013745	0	0.83002548	0.62829303	0.42925061	0.4899637	0.46901345	0.62510947	0.749794	0.51692965	0.26802113	0.53194255	0.57860187	0.48452813	0.61115276	0.28385307	0.68578203	0.76142579	0.20388032	0.43882763	0.44589099	0.50160803	0.80032021	0.48920001	0.49110746	0.57017758	0.64456818	0.49471133	0.61725365	0.64308868	0.69814506	0.4753921	0.46959686	0.57330042	0.48714868	0.55851722	0.67340105	0.4598812	0.49368527	0.25882378	0.47150659	0.37839761	0.45140863	0.28324026	0.30990497	0.3537525	0.63736947	0.42398047	0.29592227	0.37415524	0.3862889	0.33417161	0.26482306	0.46651755	0.46475826	0.15851771	0.55610432	0.67140658	0.54389461	0.33409115	0.025838297	0.32398064	0.5579493	0.86690394	0.6709451	0.75589942	0.58344414	-0.1875181	0.33308098	0.47808358	0.48116267	0.68362937	0.74093629	0.3654038	0.55328657	0.84211408	0.68552955	0.58891129	0.20796725	0.40110859	0.3130648	0.56183515	0.7220882	0.37632169	0.075510976	0.40642027	0.50366199	0.5104567	0.5928269	0.39399147	0.61065234	0.66991623	0.2169071	0.37186887	0.46563805	0.45949846	0.71461854	0.19002062	0.20316313	0.60720926	0.56237905	0.060211719	0.41373286	0.50726066	0.70966778	-9.5892581e-05	-0.032956935	0.54178621	0.42758276	0.59402955	0.63968309	0.50371864	0.42845776	-0.032856209	0.26380792	0.29922515	0.010866039	0.38418679	0.097323187	0.36446387	0.64116748	-0.23324899	0.32319303	0.24440018	0.42843815	0.39349259	0.23744277	0.41614814	0.22019088	0.20906143	-0.0076069131	0.59416132	0.62474889	0.3918071	-0.18897104	0.22224738	0.5582891	0.776845	0.6574169	0.62157741	0.64722593	0.5884765	0.52384074	0.47703431	0.18325154	0.20468246	0.63045076	0.36121035	0.3444631	0.45007325	0.60658122	0.49004748	0.24684762	0.25555226	0.016586051	0.47344419	0.071806676	0.060398706	0.45524322	0.60573703
0.40175631	0.40674067	0.55980113	0.46853482	0.72018487	0.67647045	0.39500082	0.55852917	0.83002548	0	0.6072752	0.28148563	0.31560034	0.2924591	0.4944994	0.67433424	0.43714683	0.15959464	0.55996303	0.55337505	0.56211689	0.61268982	0.37295129	0.57165928	0.6742447	0.085719707	0.47652772	0.48960364	0.51467232	0.7995548	0.45028207	0.40933461	0.498766	0.56348074	0.3721368	0.47576161	0.58843917	0.52981539	0.29707373	0.34870832	0.57117475	0.49760618	0.46731467	0.71690019	0.48292513	0.4767941	0.19260424	0.40813552	0.33593076	0.44050938	0.32223661	0.27724081	0.20516754	0.60858522	0.20372186	0.29795561	0.38134556	0.37082041	0.37891827	0.36878825	0.49277545	0.33043177	0.13818114	0.55705086	0.63123014	0.54999507	0.40894695	0.023295145	0.30832315	0.65799704	0.76893747	0.62723899	0.6338802	0.51266035	-0.32791421	0.38492315	0.49093115	0.44556534	0.65454955	0.66031299	0.32322695	0.46191771	0.7853676	0.76634512	0.54916448	-0.034608232	0.17561907	0.10084403	0.41546503	0.5973813	0.37361534	0.059057994	0.44075681	0.47372175	0.52729347	0.60140043	0.46724069	0.4685954	0.45129517	0.25517485	0.41525848	0.52241427	0.51158589	0.67509446	0.17646257	0.26134356	0.52024481	0.53111734	0.069551478	0.37092036	0.46160069	0.51944749	-0.116176	-0.031624337	0.56330005	0.41449107	0.53406628	0.66743886	0.51094627	0.40278245	-0.076823408	0.21825741	0.24498247	0.052786622	0.42433153	-0.0061979956	0.14291535	0.59022291	-0.41977457	0.37261074	0.26795985	0.41856409	0.45201556	0.28489497	0.46196437	0.13120487	0.22986539	0.1323253	0.59148985	0.60666017	0.5168865	-0.2818256	0.35175286	0.56546373	0.62889486	0.47925033	0.55022437	0.54442472	0.44073353	0.46853353	0.37758318	0.14730716	0.091404343	0.74650323	0.43295662	0.42638119	0.39281746	0.45603967	0.45058959	0.15312137	0.25225526	-0.0093881894	0.61271871	0.18320081	0.12242376	0.49676493	0.58488968
0.29172583	0.57763595	0.759363	0.74674082	0.42125975	0.64621719	0.79628721	0.82561306	0.62829303	0.6072752	0	0.59712849	0.26581242	0.44207981	0.48659138	0.67570826	0.66355217	0.50111613	0.75060438	0.95354677	0.75696273	0.92903471	0.4477083	0.37196759	0.39355179	0.55363256	0.78171409	0.68672968	0.73047643	0.76632659	0.33423283	0.39748089	0.75390902	0.74729142	0.51826374	0.71152062	0.6905907	0.64218653	0.40735823	0.36159663	0.763868	0.67213123	0.62639507	0.90570117	0.6410557	0.81369675	0.38315697	0.70251328	0.67904475	0.29420309	0.49925487	0.54860675	0.53758177	0.55633824	0.26214947	0.64567583	0.61877307	0.7792363	0.56312568	0.49888908	0.73722705	0.23566701	0.1675783	0.47324469	0.83119239	0.74134713	0.62921297	0.37055867	0.73307559	0.25466387	0.57282212	0.43892419	0.53799456	0.7137655	-0.0020485969	0.53932054	0.66550078	0.69450798	0.48028183	0.52320569	0.74445279	0.78705769	0.44281916	0.49564878	0.95618534	0.39550139	0.1027087	0.40182691	0.4327688	0.55517767	0.64134774	0.37046329	0.67645532	0.90029073	0.72865555	0.94230725	0.52735126	0.50613415	0.42778397	0.61928039	0.77424032	0.65975412	0.67738117	0.80403579	0.25682086	0.037646604	0.75893264	0.70883155	0.14373246	0.77149636	0.65220347	0.53474838	0.069864235	0.019538108	0.77474796	0.5690448	0.52604589	0.91798739	0.66464489	0.71683057	0.069295442	0.52797353	0.6625777	0.15621448	0.67439188	0.38217322	0.43051985	0.41908423	-0.016978572	0.46907138	0.5753339	0.76392914	0.56808353	0.46526301	0.70615416	0.035123542	0.38297598	0.052003792	0.86130813	0.69935509	0.62167718	0.086236284	0.60636942	0.30517987	0.52414093	0.54220406	0.67240017	0.79499685	0.58388971	0.61489231	0.31285504	0.21808289	0.11029407	0.50531319	0.33627366	0.48239273	0.51303081	0.60666409	0.64467934	0.02435758	0.4041509	0.09565855	0.46177836	0.039736037	0.18087811	0.38642336	0.82762481
0.42670411	0.48356913	0.55169531	0.68377877	0.43518239	0.5388811	0.67205256	0.70078214	0.42925061	0.28148563	0.59712849	0	0.62758778	0.80400199	0.59822484	0.75270226	0.53615568	0.70287527	0.49885264	0.60496424	0.5460655	0.59102347	0.28953288	0.51830407	0.34332779	0.77132703	0.49420399	0.53737448	0.65726899	0.42977922	0.4433466	0.43847469	0.6095631	0.75360864	0.43475438	0.74105936	0.60396861	0.76401084	0.7872384	0.64218266	0.64319684	0.5653816	0.7301818	0.55767961	0.51124225	0.55710182	0.52485097	0.63371107	0.59607203	0.28783539	0.40229649	0.61785249	0.73917447	0.48147044	0.50443848	0.47321983	0.51763184	0.56766975	0.43900341	0.38549924	0.53704063	0.41453325	0.21888742	0.45583402	0.43428493	0.58919811	0.53102876	0.57331681	0.69106167	0.21786397	0.42106279	0.49355452	0.62173482	0.45570437	0.1244051	0.45009064	0.40703711	0.63145475	0.27046378	0.35752022	0.6686201	0.70981328	0.31986164	0.10850053	0.5673905	0.74633227	0.40405921	0.81433781	0.44700205	0.65320388	0.55656843	0.43514558	0.42257446	0.57340103	0.53631206	0.54266754	0.26276979	0.66470577	0.40103745	0.57105687	0.47771301	0.4484521	0.55558276	0.41057864	0.32704996	-0.068394675	0.7129972	0.64146226	0.27389035	0.6171575	0.6641954	0.60201535	0.50183967	0.13600694	0.55298615	0.49654411	0.55905256	0.54299815	0.49318753	0.47443481	0.36748842	0.51320321	0.60541212	0.17059333	0.52227968	0.47064912	0.58251188	0.27092834	0.096940068	0.27467827	0.44122101	0.5129812	0.41630847	0.38356772	0.45411506	0.085705818	0.432078	-0.014774703	0.47430198	0.56415646	0.45541672	0.3633148	0.45158138	0.3419889	0.37174973	0.4720378	0.62910999	0.60917313	0.50653542	0.33127664	0.40431392	0.30840299	0.19788249	0.38823214	0.33746928	0.4820462	0.27619127	0.52147172	0.33907473	0.13746345	0.45216182	0.27590734	0.18403639	0.15646467	0.27926805	0.21951875	0.65069467
0.5666595	0.26638866	0.25509148	0.23625657	0.61166018	0.40953724	0.11700855	0.29933016	0.4899637	0.31560034	0.26581242	0.62758778	0	0.77977614	0.47810732	0.70876164	0.15504612	0.16328379	0.20194124	0.27808557	0.22883627	0.272092	0.019666739	0.69697254	0.5355257	0.17353619	0.10753282	0.30399475	0.35171216	0.27932623	0.51363826	0.44484114	0.21441066	0.5700214	0.18089902	0.54061276	0.42170498	0.69639206	0.81220968	0.67890207	0.30458917	0.32216552	0.63755211	0.2261223	0.32228015	0.073164484	0.43681982	0.11652414	0.033848191	0.2835245	0.19771966	0.11608158	0.32179844	0.35914171	0.5846002	0.055088555	0.250499	0.19100103	0.26577336	0.099401166	0.22973026	0.42159173	0.032859602	0.30744116	0.11849849	0.20377446	0.21973213	0.067371599	0.15232159	0.47488736	0.48931131	0.68314249	0.82275261	0.20001222	-0.088396691	0.27865511	0.19219957	0.24543957	0.28693137	0.33934116	0.086487838	0.26635912	0.47210591	0.21740478	0.26888904	0.30688006	0.69451726	0.65846866	0.34109971	0.75271287	0.16680276	-0.16665796	0.087621895	0.28045423	0.251798	0.22498301	0.077695699	0.73658292	0.43089756	-0.0023592139	0.13171933	0.27251574	0.27023196	0.14623612	0.30656612	0.12383136	0.34134657	0.45187254	0.10192348	0.10601127	0.35740542	0.68151831	0.39361389	-0.14065045	0.18207684	0.28312638	0.63408619	0.21052158	0.28831636	0.013522823	0.25140475	-0.026200513	-0.032277528	0.025364607	0.25563647	-0.14355873	0.2993211	0.35034368	-0.39722906	-0.009340154	0.10154783	0.20462057	0.18835728	0.090167928	0.18751774	0.076787473	0.3186502	-0.048886553	0.13491702	0.24328107	0.22874098	-0.22932242	0.090790829	0.6620367	0.45515364	0.5046383	0.54685288	0.25030379	0.17803752	0.019102736	0.22571155	-0.026720302	0.011571908	0.35262559	0.14568717	0.22717012	-0.058778642	0.24490272	-0.001724339	-0.026898664	-0.0027456669	0.047415031	0.10733842	0.24266002	0.13996932	0.081444706	0.24982029
0.54127669	0.35329416	0.33499572	0.47755802	0.54958083	0.45001433	0.4014624	0.44866066	0.46901345	0.2924591	0.44207981	0.80400199	0.77977614	0	0.69016693	0.71857335	0.39431475	0.49555919	0.39544284	0.42701656	0.41386161	0.41917669	0.23891333	0.67394694	0.56959852	0.54123066	0.24214905	0.32999263	0.43348087	0.33528889	0.49804846	0.5119165	0.47458469	0.68618938	0.33445615	0.67314895	0.62663923	0.81977833	0.77858928	0.71584634	0.43759359	0.4822781	0.73042978	0.40854831	0.32023684	0.31109403	0.54262014	0.43135816	0.32592983	0.3444655	0.24579428	0.58198159	0.55470236	0.42165683	0.56204739	0.28609311	0.38898233	0.36513202	0.36250012	0.31047887	0.3475496	0.62270974	0.093717952	0.49479834	0.24463995	0.37832911	0.27086728	0.38699931	0.40682143	0.28971882	0.4718608	0.54539682	0.74959695	0.3446137	0.011495327	0.34908125	0.21601971	0.44021285	0.23925007	0.25557782	0.34448533	0.48879706	0.40497329	0.1324111	0.4407423	0.63638622	0.71693457	0.85869839	0.4691396	0.68192782	0.36596012	0.18134522	0.23409379	0.40722396	0.4009729	0.37985095	0.1236929	0.7480761	0.46599763	0.25109476	0.20321987	0.28147792	0.31430902	0.22617382	0.3466458	0.035404325	0.58671935	0.52761303	0.11372844	0.40094639	0.50754184	0.71602229	0.56888274	0.21017665	0.33967614	0.469711	0.53188494	0.40526924	0.3440559	0.23174243	0.34293562	0.29379578	0.27029235	0.17487711	0.35155334	0.28377653	0.40223426	0.18730797	-0.16546467	0.099262534	0.23795688	0.34326583	0.31214374	0.24029645	0.27562118	0.30298128	0.31669032	0.10050818	0.27673929	0.3643699	0.21290392	0.13372587	0.19505254	0.45756884	0.42555939	0.48007639	0.58695765	0.48901737	0.40753478	0.23024592	0.40247523	0.18717029	0.18829432	0.30503624	0.17104212	0.36029993	0.15540874	0.46400227	0.19399706	0.16857417	0.23657225	0.20431475	0.07317288	0.041906333	0.18713696	0.16365891	0.44720369
0.72884508	0.19912095	0.42435214	0.44306404	0.6840846	0.62995802	0.42096214	0.53664937	0.62510947	0.4944994	0.48659138	0.59822484	0.47810732	0.69016693	0	0.71939761	0.43082984	0.54140036	0.43967409	0.4124529	0.42519384	0.43076421	0.31680007	0.71563517	0.81772387	0.53527898	0.40312173	0.31107026	0.4155883	0.62139655	0.48218979	0.42234056	0.52952944	0.58552903	0.32628329	0.56396643	0.70129349	0.77836762	0.50375758	0.68417523	0.44243731	0.376105	0.54048906	0.49268422	0.30792332	0.41450167	0.32048392	0.46195471	0.3556279	0.19946406	0.12456306	0.69244695	0.6867175	0.76227306	0.70529417	0.44194403	0.2257135	0.30493707	0.2256775	0.37898778	0.32989346	0.77101235	0.22289445	0.57474023	0.46792016	0.51020302	0.33825904	0.44050737	0.36366759	0.28049671	0.57719701	0.51926813	0.64972697	0.45861376	0.13787816	0.15813813	0.24801999	0.37402659	0.60253728	0.48494706	0.39318059	0.53778012	0.62484305	0.35194945	0.45678087	0.45360758	0.47102984	0.58249484	0.74851122	0.61030787	0.30309937	0.2551521	0.29339948	0.33268581	0.36333452	0.39227172	0.18187001	0.66174235	0.63309577	0.30048459	0.24318138	0.2760739	0.31449153	0.48487937	0.2450768	0.030966001	0.59051648	0.43743506	-0.015912241	0.38610252	0.57643036	0.60934126	0.33802521	0.22124542	0.36427964	0.35494487	0.39581274	0.46948095	0.34071862	0.33063606	0.092740508	0.30991301	0.28516069	0.063766671	0.22776022	0.44124344	0.57700337	0.48222808	0.024080142	0.34725913	0.1084738	0.29739224	0.2579027	0.25651292	0.24065229	0.37602208	0.25182246	0.10963346	0.37536356	0.47203079	0.29554408	0.22637974	0.18146638	0.32448984	0.50567171	0.55019376	0.50959012	0.53118781	0.63675571	0.43309456	0.54198125	0.33124565	0.22117813	0.38657396	0.24618295	0.42661082	0.34575572	0.68994863	0.3596982	0.35396511	0.3678198	0.19152741	0.19086408	-0.04000164	0.29038197	0.39327543	0.54162609
0.68057828	0.48472624	0.68639295	0.63929452	0.7611739	0.80994646	0.60665057	0.77118615	0.749794	0.67433424	0.67570826	0.75270226	0.70876164	0.71857335	0.71939761	0	0.57528227	0.46252729	0.60393274	0.65948118	0.63720114	0.6638728	0.3830456	0.78449642	0.65494567	0.48310256	0.58203642	0.64843548	0.71525216	0.75148398	0.63012197	0.51481156	0.61250191	0.79086847	0.49731045	0.73748719	0.75297657	0.83706419	0.76121722	0.66978989	0.7136875	0.60526045	0.7939028	0.69659724	0.63726924	0.62624121	0.46329113	0.5762822	0.48273102	0.48766073	0.36181084	0.46354454	0.57522277	0.78797742	0.54981085	0.44315418	0.48020728	0.5081664	0.48008168	0.42779013	0.58111243	0.43670281	0.19177151	0.64248983	0.54414116	0.66523669	0.59016643	0.29155654	0.58274273	0.55481858	0.68426218	0.81106335	0.84141538	0.55769705	-0.16560868	0.45372267	0.54955612	0.61076525	0.56043976	0.6759679	0.55202344	0.68533876	0.70575642	0.48040172	0.63417669	0.38710815	0.43053806	0.63492292	0.48999368	0.88058053	0.57832463	0.1993991	0.4749236	0.60039377	0.6218449	0.62027254	0.45574672	0.82421231	0.48766821	0.43285294	0.53316568	0.58065878	0.61545753	0.59893804	0.35948698	0.15734586	0.71835563	0.69422906	0.22062456	0.56866571	0.66502646	0.7439209	0.30738007	-0.10166839	0.66327637	0.51018485	0.75815793	0.66677772	0.60003163	0.51449487	0.095341093	0.36233223	0.41771001	0.21405655	0.49812865	0.19840402	0.45101139	0.58644724	-0.27923937	0.31203831	0.36046573	0.51058445	0.501873	0.38057291	0.51647031	0.0092063497	0.4749947	0.048218963	0.5342733	0.6688157	0.54554343	-0.060965319	0.45337465	0.69229726	0.58406265	0.58966139	0.73142241	0.66368908	0.52696846	0.42624422	0.45954034	0.18597283	0.18100754	0.65477375	0.3963037	0.53135679	0.38524418	0.61279555	0.45035749	0.13303085	0.30784537	0.15677619	0.4804504	0.20308107	0.22227347	0.39494509	0.7031609
0.35890256	0.46233608	0.61653296	0.8468382	0.29454381	0.57680287	0.77891728	0.74735751	0.51692965	0.43714683	0.66355217	0.53615568	0.15504612	0.39431475	0.43082984	0.57528227	0	0.58152965	0.56441056	0.61349727	0.55897244	0.66724175	0.43218415	0.38585266	0.30667527	0.52419368	0.51593162	0.6429752	0.68552862	0.58068769	0.30438312	0.38729484	0.71795747	0.61115449	0.59766729	0.57863082	0.55312263	0.52346471	0.40263664	0.26720773	0.69720647	0.58925021	0.47799077	0.68859926	0.62496087	0.75338801	0.21762716	0.74181949	0.81128043	0.31392168	0.33754263	0.52941069	0.45268048	0.51378182	0.15301377	0.37902132	0.5075936	0.48830975	0.38956532	0.32743583	0.49016319	0.27167221	0.18773839	0.54918455	0.56188898	0.58747102	0.4690836	0.29158299	0.59702043	0.17609428	0.40364829	0.34612399	0.35543848	0.65199741	-0.060749507	0.42409422	0.57702324	0.82460965	0.35745751	0.50599714	0.68341544	0.71862386	0.42732305	0.33458097	0.58961298	0.46745529	0.16473547	0.37064365	0.35851567	0.47157006	0.71384269	0.39589606	0.47093882	0.53451178	0.53788393	0.5847746	0.48009278	0.44767581	0.36543958	0.58638968	0.4623926	0.576791	0.57617166	0.58319208	0.14388291	-0.12438916	0.77485083	0.55288365	0.15188391	0.6889582	0.46058106	0.48176556	0.12296749	0.10493424	0.7581553	0.51810229	0.48090057	0.62909773	0.6725016	0.63618888	-0.027797203	0.62817192	0.73024191	0.089083164	0.48799292	0.47209414	0.38318199	0.34484053	0.11217828	0.2053156	0.42645688	0.44042636	0.45458139	0.29227451	0.44328707	0.11242465	0.14956917	0.018138212	0.56306867	0.66817415	0.40020438	0.18069176	0.35231156	0.26154883	0.36112711	0.42580372	0.49098799	0.77640266	0.56614809	0.60742892	0.40265669	0.35256185	0.40337185	0.47740295	0.35179509	0.43760804	0.61336617	0.57453614	0.64902509	0.16566014	0.42143875	0.1119609	0.40306155	0.018552763	0.10474569	0.40426175	0.7196796
0.31735725	0.24935594	0.36857049	0.63387063	0.23961512	0.45458382	0.68374592	0.61222952	0.26802113	0.15959464	0.50111613	0.70287527	0.16328379	0.49555919	0.54140036	0.46252729	0.58152965	0	0.39032235	0.46654033	0.35760939	0.43855533	0.36160658	0.2585782	0.18658943	0.75348518	0.43080577	0.31388633	0.44270783	0.38356457	0.25786649	0.33274988	0.56989258	0.51420574	0.50437377	0.49866883	0.45676547	0.5058154	0.3913568	0.37770697	0.48132689	0.37346656	0.47981419	0.48184157	0.2804526	0.57476103	0.30031824	0.7082072	0.67857171	0.17268178	0.1904138	0.66297392	0.70044077	0.41197909	0.2896713	0.40433483	0.30580084	0.38477259	0.21383176	0.2548905	0.38059267	0.39573274	0.24925137	0.43939813	0.47153309	0.57558999	0.33121362	0.54028133	0.62839932	-0.10128972	0.26457774	0.17540092	0.2161029	0.41764486	0.25266547	0.21650634	0.23611385	0.54118351	0.25991453	0.30116562	0.72456131	0.67073506	0.21286357	0.007625776	0.46206347	0.73404865	0.15469728	0.57851846	0.46178128	0.36061858	0.50785369	0.60115026	0.3475377	0.38901836	0.37066904	0.43079439	0.24947496	0.36386472	0.3346894	0.57265348	0.36510147	0.20461308	0.33981144	0.4468964	0.16426961	-0.19635968	0.63384437	0.43048406	0.26928288	0.63026944	0.48315873	0.37729388	0.42518011	0.33227866	0.46876342	0.36369493	0.28440134	0.47602016	0.29716433	0.53862315	0.23462724	0.64151006	0.70514968	0.091603802	0.29157666	0.74329015	0.58552217	0.21466477	0.39442939	0.21125201	0.29075347	0.35103142	0.28720849	0.22321713	0.26156746	0.21772556	0.23987411	0.044291706	0.43442718	0.52219883	0.21838153	0.56316606	0.37818574	0.00082029355	0.24876838	0.27724064	0.36213487	0.57641274	0.58474511	0.40858349	0.4438314	0.48917981	0.38661468	0.2525379	0.28040383	0.41888118	0.45509994	0.55364517	0.44860339	0.32932087	0.56050481	0.37238987	0.11608292	-0.038248264	0.2710079	0.34591865	0.62485982
0.20454492	0.79748914	0.69199003	0.65534254	0.42672282	0.4679925	0.66597705	0.70458381	0.53194255	0.55996303	0.75060438	0.49885264	0.20194124	0.39544284	0.43967409	0.60393274	0.56441056	0.39032235	0	0.80521633	0.91384571	0.78518711	0.44338269	0.36926827	0.3771976	0.54565246	0.79309121	0.61693762	0.63478258	0.74868945	0.39500788	0.29851039	0.67085532	0.73540018	0.54915463	0.69530043	0.74225678	0.68426321	0.30994532	0.28564285	0.73420615	0.75210642	0.58899237	0.76097634	0.54027743	0.71659318	0.29848705	0.64423374	0.55233408	0.47939769	0.62501965	0.5718796	0.39564977	0.55621422	0.15203731	0.73984663	0.82225582	0.83582621	0.79026964	0.74027548	0.82606766	0.18268155	0.19891312	0.48097883	0.67757103	0.58970991	0.59581377	0.43568218	0.71090291	0.2340493	0.49211301	0.58344412	0.54951287	0.64684739	-0.086789037	0.78520451	0.57428993	0.62915613	0.5278114	0.35829036	0.55542357	0.65296296	0.42139231	0.49621653	0.67352343	0.29866698	0.15413539	0.46215511	0.45910048	0.54347358	0.60556642	0.29399307	0.93525976	0.77139214	0.90792144	0.79758062	0.54611375	0.52695983	0.39022585	0.60972699	0.73770988	0.58211048	0.57649801	0.71594058	0.18603231	0.0036398723	0.66880135	0.67626659	0.18072061	0.71501508	0.75075338	0.59730259	0.026402141	-0.05716091	0.66729613	0.6696629	0.52622666	0.75868659	0.5830595	0.72858255	-0.068438353	0.47081547	0.52581291	0.42748258	0.77671939	0.42526821	0.29084333	0.45061929	-0.052778399	0.61229597	0.82311704	0.83994049	0.82189291	0.73175949	0.82107018	0.091464746	0.32058489	0.10805886	0.77381392	0.59126312	0.58286792	0.17221956	0.55910318	0.35239369	0.53185277	0.57463792	0.74256326	0.71128332	0.5766715	0.43599527	0.23010749	0.077185183	0.11878697	0.50083204	0.41305895	0.47122802	0.44318888	0.53784911	0.4775966	0.055250332	0.26603562	0.19553396	0.53941809	0.080224557	0.15460188	0.23400824	0.71868184
0.22801147	0.67950601	0.77046617	0.72438668	0.38583213	0.54518801	0.77303162	0.82016599	0.57860187	0.55337505	0.95354677	0.60496424	0.27808557	0.42701656	0.4124529	0.65948118	0.61349727	0.46654033	0.80521633	0	0.8016475	0.89849539	0.41144172	0.34776571	0.32269215	0.54302034	0.81590062	0.71440371	0.74503267	0.71200847	0.33017649	0.37217954	0.68366339	0.74858064	0.52901998	0.71537078	0.68154977	0.63288668	0.41047559	0.33571177	0.78139433	0.6532428	0.63190362	0.82146297	0.65443832	0.80157511	0.39993725	0.67692245	0.62953215	0.34656488	0.62089302	0.5144045	0.47580773	0.48228265	0.21183525	0.70155061	0.67295531	0.87017157	0.66312408	0.51801411	0.80767093	0.14221972	0.15582387	0.44039275	0.77975283	0.69025917	0.67297215	0.37509179	0.78246798	0.2349269	0.49261987	0.48242245	0.53867786	0.67553304	-0.040591348	0.63701926	0.69653764	0.69102293	0.43591405	0.42927121	0.6987484	0.76007811	0.36376854	0.42831839	0.94043359	0.35502498	0.11045497	0.42206447	0.35562033	0.54688725	0.66004118	0.31117124	0.73383964	0.96775109	0.80718758	0.93178834	0.55740317	0.49908976	0.3519163	0.62794676	0.82168192	0.69743898	0.71465527	0.74093433	0.2650094	0.03859869	0.7193563	0.70398342	0.17514254	0.78812144	0.66539503	0.52893736	0.034855207	-0.087440933	0.78200067	0.52000331	0.55339809	0.84707185	0.65786193	0.71255857	0.026944028	0.49209226	0.62636931	0.24268926	0.76092075	0.34958577	0.3538632	0.3612191	-0.028300291	0.49860304	0.67669981	0.85410853	0.65440144	0.56346641	0.78915354	-0.026228905	0.42724736	0.0047633336	0.86393121	0.63404635	0.67738728	0.085191937	0.69134463	0.30523005	0.45747954	0.53823554	0.69848258	0.73921341	0.5044468	0.51886093	0.20049937	0.13198238	0.052975002	0.48504127	0.35577146	0.41259458	0.47313819	0.52067081	0.55771575	-0.074941713	0.31841885	0.105661	0.48772868	0.12894819	0.13949054	0.2744332	0.77290295
0.1632445	0.83551554	0.70769964	0.67023062	0.41587694	0.47507809	0.6553405	0.70879499	0.48452813	0.56211689	0.75696273	0.5460655	0.22883627	0.41386161	0.42519384	0.63720114	0.55897244	0.35760939	0.91384571	0.8016475	0	0.79663288	0.48853679	0.4107143	0.36590084	0.54196509	0.78774883	0.68810016	0.69825354	0.69303529	0.40086792	0.30572342	0.66650382	0.74511597	0.49406127	0.6694654	0.79902563	0.64173823	0.37004093	0.29187641	0.78854589	0.78929707	0.63696338	0.76214998	0.58863896	0.7084772	0.30672064	0.62317879	0.56144479	0.49955907	0.67140687	0.61437608	0.3980965	0.54373158	0.11698584	0.76307159	0.8295676	0.84103545	0.79219682	0.77652977	0.86231089	0.15432625	0.23630257	0.53503005	0.62394048	0.60116025	0.6926006	0.47638577	0.73117468	0.3695914	0.41481578	0.58417818	0.5458921	0.61955075	-0.16213237	0.80760704	0.58220212	0.64413936	0.43223731	0.31296967	0.55363139	0.63626808	0.37962019	0.43393347	0.68844521	0.27636552	0.091567788	0.45991198	0.34140403	0.5067498	0.6266583	0.31364078	0.85118733	0.7813804	0.92600153	0.78741265	0.59833369	0.53081773	0.24740079	0.66027105	0.74509206	0.61520579	0.60460754	0.60320512	0.25693889	0.010068674	0.65021356	0.69980263	0.15992921	0.72823042	0.76752658	0.52692622	0.027605663	-0.071290437	0.68976363	0.67908745	0.54797984	0.75929545	0.58219123	0.65414001	-0.043649962	0.47488936	0.54106856	0.43646439	0.81815717	0.38531959	0.21147314	0.32328631	-0.12952964	0.61091319	0.8166681	0.8410076	0.80003914	0.77652915	0.86811127	-0.012531614	0.39237792	0.22472202	0.72553569	0.56739137	0.66292221	0.1537093	0.62706525	0.38610753	0.40624668	0.47358289	0.72314599	0.67285368	0.47031654	0.39023221	0.19279919	0.10360028	0.10824374	0.54686185	0.45361803	0.52055686	0.43329838	0.46459729	0.41608854	-0.018538443	0.26668381	0.099555436	0.59161295	0.15770455	0.1909833	0.24046467	0.68337825
