0	0.27200548	0.36697213	0.19266351	0.65853409	0.45929329	0.17745618	0.31591418	0.55454679	0.44638027	0.32903317	0.33375966	0.4015738	0.4017652	0.72949987	0.44958302	0.054970252	0.22668606	0.28198518	0.20643147	0.33711645	0.31988148	0.52437406	0.65917267	0.58415852	0.0844947	0.019157441	0.1724301	0.17019616	0.51998052	0.35004892	-0.13874113	0.28867725	0.50607479	0.22301676	0.14050179	0.8591938	0.60631685	0.22958631	0.46848344	0.23541708	0.41590108	0.3775474	0.40715211	0.29809541	0.057858612	0.34398064	0.1161514	0.23414113	0.46702765	0.21578882	0.61934905	0.1734583	0.48090165	0.44739794	0.54129444	0.25609026	0.12758099	0.052175354	0.27769778	0.13073913	0.70599555	0.20403687	0.58637755	0.33251356	0.12019154	-0.044432746	0.31707403	0.087540298	0.32132507	0.40791742	0.83949363	0.50953509	0.21951298	0.85778934	0.059804335	0.46726477	0.13580328	0.60033504	0.51966277	0.097580816	0.32748074	0.61378098	0.30190457	0.29771407	0.23830978	0.39318045	0.0062714688	0.77387727	0.50638314	-0.050246043	0.069180587	0.14395111	0.11918808	0.23472135	0.30681276	0.0092858088	0.63598646	0.7628653	-0.071407287	-0.13779341	0.11946904	0.058255142	0.51292662	0.20681501	0.1624044	0.31390197	0.27736818	0.22508233	0.088068211	0.69728614	0.63535874	0.23961862	0.46877041	0.26519448	0.1151455	0.3447558	0.36283404	0.25256314	-0.072220717	0.58666625	0.022239366	0.00030549399	0.27617267	0.064040111	0.53816075	0.3387644	0.58060778	0.42278684	0.23243077	0.077566833	0.068071066	0.014262041	-0.082917834	0.19864344	0.74429555	0.28882036	0.61050479	0.34381115	0.33082613	0.003273507	0.078605672	-0.0010770514	0.27239062	0.53384645	0.77792193	0.28045752	0.28190966	0.63851949	0.42915833	0.67788234	0.27879848	0.32618007	0.35648491	0.19142983	0.22248787	0.41412871	0.69460659	0.31152335	0.61866972	0.0462472	-0.097440135	0.23769277	0.10624247	0.052160274	0.4396259	0.53537408
0.27200548	0	0.53535133	0.46730689	0.23984093	0.41625957	0.4772011	0.60911342	0.24772905	0.27513955	0.50551165	0.560416	0.27986558	0.26556955	0.47576793	0.48313435	0.39915037	0.39911208	0.82801303	0.51135727	0.74739245	0.46417521	0.52286349	0.45127956	0.15059443	0.38866335	0.34317147	0.4528674	0.50285194	0.26884138	0.24847761	0.048528247	0.48520977	0.56047711	0.36136829	0.49699701	0.35924622	0.22417993	0.27396616	0.29431219	0.5834621	0.85721674	0.22977442	0.51528702	0.45528879	0.40489056	0.38606307	0.49873005	0.43774903	0.48178608	0.65391799	0.33585525	0.38023473	0.37669268	0.23627951	0.19862349	0.85591098	0.66560378	0.62550432	0.61164731	0.56667015	0.22597677	0.30607433	0.44052293	0.34936081	0.38947718	0.21683978	0.34242076	0.25560633	0.16882605	0.15495686	0.30482681	0.36348842	0.45920693	0.32585822	0.82079448	0.64880384	0.49627279	0.33701676	0.40446916	0.47959798	0.58069622	0.31674315	0.20996354	0.51016875	0.53892575	0.18856695	0.39777825	0.54526732	0.50604324	0.21496293	0.38414284	0.78723502	0.55740085	0.76864382	0.47817018	0.15101306	0.46037871	0.28770007	0.47615976	0.35854732	0.38041171	0.53792436	0.30901113	0.23084995	0.24555278	0.51322688	0.53467189	0.41519769	0.48050403	0.46425232	0.27577382	0.25829105	0.35312032	0.54971708	0.80884673	0.3579985	0.46691045	0.48016025	0.46420824	0.21563243	0.43931447	0.39076195	0.35906083	0.52136548	0.46744812	0.45910471	0.42384794	0.45710593	0.28457709	0.80935442	0.65679099	0.39458892	0.68123123	0.66638727	0.24465118	0.38945623	0.46654139	0.33977179	0.3607924	0.3816642	0.4477561	0.35043224	0.21867515	0.17603388	0.30446305	0.31011157	0.51248254	0.56769908	0.55471286	0.38941333	0.44092384	0.15869417	0.33120745	0.25714328	0.090145271	0.48153722	0.42632624	0.49837937	0.42665104	0.27545455	-0.030883187	0.23590406	0.2561702	0.019124529	0.48826455	0.40560172
0.36697213	0.53535133	0	0.40808418	0.28754181	0.44992609	0.34390948	0.48931969	0.28646713	0.36574308	0.44231952	0.50436578	0.3348143	0.25140328	0.53088962	0.55123748	0.36223725	0.25438405	0.60366225	0.39230351	0.60136091	0.47183888	0.58166679	0.54051805	0.31571291	0.42174328	0.39902272	0.60238175	0.54426774	0.34024622	0.30826864	0.089405756	0.58087334	0.61953946	0.41008081	0.50021884	0.48860656	0.39057281	0.25342784	0.3225618	0.57425512	0.43315025	0.39887526	0.50311479	0.52623408	0.37738755	0.30517321	0.43836363	0.38411015	0.38623239	0.46782994	0.46465618	0.29652578	0.48497419	0.26836564	0.28907656	0.43251543	0.40852957	0.51050238	0.51252395	0.40213586	0.33176535	0.25765157	0.46285795	0.29244543	0.22820876	0.45958356	0.40210289	0.34881566	0.39919467	0.23858036	0.44268411	0.45060054	0.53034656	0.32631084	0.47633105	0.90938793	0.35061232	0.29707752	0.4104594	0.32921544	0.49287117	0.27021968	0.26922743	0.49407984	0.37476372	0.19033672	0.25853507	0.47499033	0.52237524	0.23365956	0.19661275	0.50246615	0.36515873	0.55173765	0.46837748	0.020510909	0.40766655	0.30364138	0.3070313	0.26702057	0.44618643	0.48243875	0.33185918	0.34949158	0.28638852	0.51227312	0.48734539	0.39864212	0.43045644	0.36474348	0.39390152	0.24615048	0.33983627	0.49607153	0.47168547	0.32643139	0.43489616	0.49785804	0.29241579	0.068093573	0.30687275	0.28808187	0.36957896	0.34887682	0.41099073	0.33314326	0.45930966	0.3792799	0.20413128	0.42560402	0.38321549	0.41238979	0.37317348	0.46182522	0.27452861	0.42759515	0.48583244	0.26138181	0.2372356	0.39635269	0.35061031	0.40360188	0.3624917	0.25219597	0.2751281	0.33238553	0.53050516	0.55284602	0.56548093	0.51832967	0.46536935	0.22435906	0.47269471	0.31622884	0.10900976	0.44143962	0.54981625	0.40379478	0.47871346	0.33313637	0.070175496	0.30417999	0.31639754	0.11764143	0.39042967	0.47648456
0.19266351	0.46730689	0.40808418	0	0.17630544	0.17335657	0.73041088	0.6264824	0.028309241	0.022403793	0.54122252	0.73078676	-0.09896936	-0.14467453	0.46105113	0.29625152	0.76734881	0.60714872	0.54733193	0.47621439	0.48073923	0.50432946	0.42618211	0.16033979	-0.11268269	0.76370837	0.49625336	0.67039595	0.73832709	0.20267489	-0.040407115	0.099867014	0.83504556	0.62994661	0.32991713	0.77229739	0.263236	-0.038977925	0.065244406	0.10356583	0.8466917	0.43031562	-0.048094801	0.48595696	0.78560027	0.61389522	0.35629806	0.74215084	0.8274514	0.3987598	0.46692833	0.2821359	0.63240815	0.31222344	-0.10789112	0.27740914	0.38130594	0.3942904	0.62732941	0.44476751	0.459915	-0.018156911	0.13444673	0.21717019	0.28857688	0.4830428	0.51363207	0.50483913	0.47258679	-0.089015912	-0.10677587	0.074729125	0.081977743	0.80176044	0.15099936	0.42190117	0.45487055	0.91184048	0.04661211	0.21730725	0.70603819	0.59318252	0.14516064	-0.048590182	0.49663546	0.73991124	-0.17316392	0.12156131	0.30362552	0.18945277	0.50293487	0.51963576	0.51663124	0.43944857	0.41436673	0.48644567	-0.0005673207	0.14851347	0.10079543	0.71066044	0.45056681	0.72667276	0.75888413	0.25059361	0.013101794	0.12899705	0.77266531	0.66381893	0.090457448	0.79565646	0.27340537	-0.040749098	0.14619262	0.13005924	0.82683524	0.4819414	0.061923773	0.4268007	0.77186287	0.52140936	0.16239938	0.55685932	0.75819396	0.13739697	0.36193073	0.26984491	0.56187769	0.38976501	0.43575547	0.32211579	0.46441687	0.40358131	0.62712557	0.52782323	0.49373816	0.045924705	0.32645884	0.30090468	0.25782979	0.35200812	0.60796602	0.54629932	0.43573791	-0.017905239	-0.096585429	0.10361472	-0.069799379	0.78974588	0.51951976	0.51642051	0.36600944	0.63706554	0.36082672	0.095861215	0.094348553	0.10886812	0.36752383	0.36570662	0.5206015	0.38036157	0.5395788	0.20938671	-0.046867011	0.103284	0.14425632	0.50384773	0.4553442
0.65853409	0.23984093	0.28754181	0.17630544	0	0.68666904	0.12589843	0.41501166	0.74589902	0.49622416	0.35401007	0.21956827	0.39969993	0.41908482	0.5994491	0.43819505	0.1148079	0.29414502	0.232517	0.19806292	0.21855998	0.36004662	0.49599477	0.57646891	0.66500277	0.038109	-0.05683087	0.092008075	0.011256288	0.66923051	0.32760484	0.041594968	0.30645462	0.3997822	0.15213183	0.011509765	0.63120059	0.62823844	0.20018436	0.5082856	0.22602677	0.37076277	0.32060556	0.42990163	0.14208593	0.14073032	0.55728828	0.16466619	0.12192449	0.33497998	0.25952365	0.35771297	0.13844381	0.53175865	0.63927325	0.29335992	0.18986153	0.0567842	0.019220676	0.084629	0.21403796	0.53648052	0.166713	0.54378746	0.54425757	0.44630149	-0.07186184	0.009011202	-0.055517816	0.29479389	0.63650967	0.66185293	0.54588621	0.22424559	0.5528884	0.086504563	0.36280231	0.18915536	0.68027193	0.70712735	0.0090262313	0.4936057	0.72860708	0.40100329	0.32757876	0.083813504	0.39034106	-0.01243288	0.55657015	0.46218469	-0.0073760239	0.074868719	0.14505396	0.12630635	0.16409283	0.31542272	0.070935809	0.53516106	0.65777504	-0.063159445	-0.10884384	0.05135846	-0.050386164	0.55133857	0.29038539	0.20075219	0.33469811	0.29703488	0.2243711	0.040126265	0.3639845	0.52235454	0.14996276	0.39815239	0.30290622	0.13387548	0.36171098	0.39915441	0.095097921	-0.003611267	0.46300109	0.18777355	-0.09916057	0.22674738	0.10877383	0.25460379	0.24969123	0.44038501	0.25774963	0.02122214	0.11282939	0.08240425	0.049350285	-0.074611461	0.24602014	0.38773291	0.3649486	0.46204288	0.55904981	0.58870099	-0.058096038	-0.17387736	-0.093755247	0.25819998	0.5742626	0.54005133	0.31805459	0.31439298	0.44065906	0.42798631	0.51613956	0.13128425	0.19804397	0.35096316	0.12170533	0.17311741	0.45273942	0.48618455	0.33122945	0.40511511	-0.10448996	-0.09616938	0.21647585	-0.079201103	0.066873615	0.39546621	0.53414869
0.45929329	0.41625957	0.44992609	0.17335657	0.68666904	0	0.17164301	0.59071696	0.84469604	0.77797506	0.2367851	0.24753927	0.67126108	0.58450675	0.54111853	0.70635988	0.15289453	0.26743248	0.33504302	0.044862698	0.36407541	0.25332772	0.66856932	0.78142683	0.79562848	0.013188084	-0.055977498	0.17997601	0.075198269	0.73795366	0.63450134	0.27416493	0.33599051	0.41500747	0.3822192	0.042692196	0.62553362	0.74794343	0.30496269	0.63197328	0.2876674	0.54862595	0.58705832	0.45453421	0.28404557	0.28364214	0.66507376	0.2089736	0.079993271	0.39004106	0.2038407	0.39867061	0.01749697	0.70103996	0.65794953	0.086186469	0.34733141	0.076682053	0.10575505	0.16822484	0.29246714	0.52950236	0.46306924	0.66222288	0.61181951	0.60168722	-0.025199185	0.022124492	0.028259042	0.65184652	0.78616097	0.67579555	0.69745938	0.25062116	0.37361479	0.2556822	0.52888316	0.18488469	0.6669268	0.9104115	0.012381877	0.62134015	0.77636178	0.72543775	0.24120226	-0.03304253	0.55195861	0.18165861	0.47169379	0.72833882	0.067200414	-0.032527146	0.2811494	0.036382104	0.34910092	0.22978256	0.32759829	0.65571777	0.5128324	-0.12052032	-0.10200262	0.1147045	0.043906673	0.5701379	0.52718237	0.50892015	0.34219704	0.38433557	0.54403056	0.017947133	0.29366397	0.68485709	0.21973978	0.35421025	0.32222559	0.25571752	0.52911149	0.42811687	0.27705964	0.12345829	0.28340134	0.23613215	-0.13956705	0.43617749	0.070496866	0.28657712	0.073501128	0.48250815	0.038496766	-0.15619414	0.21573383	0.12099759	0.10273509	0.031074408	0.30328009	0.20589865	0.42817822	0.52801585	0.58768283	0.66007773	-0.053877679	-0.19058692	0.040048076	0.6653066	0.72148481	0.44003459	0.59951547	0.3376253	0.53973171	0.62065001	0.62552442	0.22035986	0.16176049	0.6945014	0.38796983	0.15414024	0.57309298	0.5926507	0.53998781	0.5150241	0.01375578	-0.054813468	0.59962597	0.25218317	0.19572116	0.51142113	0.69415029
0.17745618	0.4772011	0.34390948	0.73041088	0.12589843	0.17164301	0	0.72896525	-0.077215867	0.012490842	0.57755344	0.86752279	-0.14362253	-0.21542319	0.61090495	0.46803221	0.66608101	0.71580053	0.5948705	0.48925696	0.55784578	0.50343163	0.40879482	0.15547287	-0.17277335	0.84529187	0.7064784	0.59450426	0.77591323	0.28543231	-0.074029804	0.069657284	0.67000933	0.56434502	0.36566805	0.79479159	0.25900986	-0.10669515	-0.036911324	0.065738318	0.76730719	0.40250332	-0.11202796	0.51766549	0.62823158	0.78022873	0.39921303	0.70385126	0.85531292	0.50453017	0.43992494	0.31831138	0.87080714	0.51738185	-0.13260739	0.44279308	0.43268638	0.43307495	0.76694473	0.59525042	0.54872484	-0.16324209	0.16092784	0.15990741	0.3755535	0.59997325	0.5339414	0.76086664	0.74704179	-0.12787823	-0.18637244	0.045497862	0.068294561	0.67537756	0.046215532	0.44460697	0.41725668	0.70045793	-0.029698905	0.23425408	0.94172781	0.62339376	0.1165164	0.017529097	0.49418916	0.79267934	-0.36770892	0.155314	0.32560672	0.22790289	0.43729909	0.6564582	0.58049456	0.46139034	0.47147107	0.5291873	0.062452415	0.081759526	0.028206362	0.75364707	0.62163116	0.65646836	0.73339693	0.34168168	-0.064184583	-0.041771726	0.63753579	0.60565396	0.069904168	0.79638599	0.27937227	-0.1286858	0.048836921	0.17119082	0.76845238	0.47196111	-0.061625179	0.51632069	0.62410223	0.69539147	0.2569912	0.47206452	0.77885548	0.1832049	0.42527181	0.21133544	0.75874609	0.57617429	0.47207147	0.45601677	0.47111012	0.42988639	0.726412	0.55545779	0.54538696	-0.060417367	0.20312593	0.1972789	0.31800389	0.45900007	0.66923066	0.74709208	0.65128899	-0.094555525	-0.16641695	0.1007904	-0.046369246	0.707169	0.56285324	0.566856	0.49012495	0.81104239	0.29204652	-0.0054758233	0.17055274	0.23482709	0.40906316	0.47124457	0.53609548	0.57940614	0.6581986	0.16134058	-0.034041862	0.039334396	0.35799533	0.52640925	0.36684776
0.31591418	0.60911342	0.48931969	0.6264824	0.41501166	0.59071696	0.72896525	0	0.42535104	0.40910093	0.51206695	0.74296788	0.35826865	0.24465784	0.65951327	0.71277264	0.62084397	0.54925625	0.62333988	0.38401362	0.58129045	0.47198358	0.62823229	0.56123936	0.29560431	0.63214139	0.50640626	0.61117533	0.62667093	0.58985725	0.33309971	0.14931497	0.59514557	0.64026533	0.45696518	0.54835568	0.48135323	0.35389375	0.26334785	0.42148016	0.67134539	0.63488639	0.3152525	0.54101457	0.57684941	0.76118526	0.6259608	0.65124052	0.59263964	0.59209452	0.4742472	0.44287872	0.56437874	0.68914095	0.27665653	0.23489601	0.51779756	0.36061816	0.62462306	0.47327452	0.58638585	0.18721416	0.33035787	0.4504936	0.56165843	0.71060999	0.43253208	0.46825277	0.56836296	0.23500616	0.31874632	0.33631141	0.47302709	0.57097671	0.21591801	0.49732806	0.57105509	0.58809475	0.37048636	0.56885093	0.6330726	0.88173986	0.49200833	0.37076037	0.44435064	0.51218685	0.11381491	0.35171893	0.43343469	0.57589258	0.38416002	0.34055282	0.58453298	0.38150175	0.58219908	0.50245261	0.21328092	0.43376939	0.25123459	0.529782	0.39961289	0.50637923	0.5477066	0.53170352	0.3039892	0.28381456	0.56972962	0.63462856	0.31502442	0.52972657	0.2584379	0.29580393	0.25081444	0.26689972	0.67145891	0.55730377	0.33983631	0.52915759	0.53396481	0.63230923	0.17027216	0.48277722	0.42923033	0.40041205	0.3677801	0.26461793	0.52005189	0.55880954	0.31613031	0.088818583	0.50050139	0.3896842	0.58733008	0.47102772	0.570051	0.029442729	0.34264268	0.34829274	0.48301866	0.62281306	0.40989934	0.37694309	0.5194861	0.30636051	0.29725817	0.2060815	0.39387958	0.61228402	0.66191617	0.72081251	0.60574241	0.63458064	0.32854125	0.37516617	0.37326295	0.17524068	0.61759656	0.65284539	0.60514102	0.53712309	0.42412506	0.060763711	0.24247306	0.23343768	0.21977541	0.59839761	0.62871162
0.55454679	0.24772905	0.28646713	0.028309241	0.74589902	0.84469604	-0.077215867	0.42535104	0	0.79692607	0.17792592	0.037665349	0.64236953	0.57251376	0.46064458	0.51603935	0.010746912	0.065665902	0.15754854	-0.0074687462	0.20283369	0.22371854	0.60275434	0.69121753	0.88566189	-0.15237275	-0.21372791	-0.00076520816	-0.11599118	0.79529746	0.62702773	0.15966454	0.14311524	0.27855346	0.25894371	-0.1904476	0.65272457	0.78665193	0.29325641	0.58234852	0.056632882	0.42753546	0.5803703	0.39597024	0.078779974	0.07221666	0.4437519	-0.019069552	-0.12060116	0.30772226	0.16165755	0.40168902	-0.14843546	0.58009338	0.66287087	0.14047829	0.19437019	-0.016522403	-0.10376044	0.0024408719	0.16274801	0.56420442	0.32774727	0.6265951	0.61362491	0.39119638	-0.1652226	-0.12621099	-0.15158443	0.60230387	0.87617052	0.74350548	0.68907324	0.044881992	0.47163221	0.065504687	0.3575277	0.023157569	0.72781413	0.79759008	-0.22037589	0.50394814	0.88442584	0.73850156	0.18706811	-0.20297983	0.59888624	0.036475617	0.4483206	0.61584809	-0.038148364	-0.25920872	0.086672103	-0.034161796	0.21341649	0.16374672	0.27790323	0.58282731	0.63665888	-0.30220393	-0.28256075	-0.066097203	-0.16886048	0.62489943	0.51800969	0.49256326	0.1903118	0.18610709	0.39547201	-0.18964579	0.27941132	0.73557469	0.15336668	0.27853459	0.10895941	0.1065964	0.60905913	0.34784411	0.068150473	-0.066494187	0.22868181	0.074962249	-0.34607556	0.36198058	-0.010026371	0.2730811	-0.05094071	0.39913327	-0.048564452	-0.19075367	0.048594728	0.0012402284	-0.073836323	-0.15555732	0.17778322	0.3062272	0.33683796	0.45753366	0.60804804	0.57178449	-0.23003877	-0.36001938	-0.18398848	0.62907602	0.83492542	0.53134467	0.55881142	0.14593075	0.41198503	0.44695462	0.49639764	0.01968473	0.19295042	0.63522712	0.30421266	0.026543538	0.48244355	0.5415367	0.35864383	0.32937897	-0.21010415	-0.10426288	0.50668633	0.16645589	0.017310577	0.37915516	0.62793431
0.44638027	0.27513955	0.36574308	0.022403793	0.49622416	0.77797506	0.012490842	0.40910093	0.79692607	0	0.2531084	0.14492908	0.64953394	0.53432449	0.4301543	0.59344519	0.031310453	0.025306667	0.2741408	0.051489649	0.36219523	0.3231841	0.63646091	0.67231593	0.84277993	-0.067083739	-0.090905641	0.10218044	0.023553716	0.77075066	0.67615845	0.18166562	0.18546897	0.31049743	0.33326264	-0.10559732	0.59674924	0.7350389	0.36758775	0.57104199	0.1212331	0.36829592	0.62578592	0.55073167	0.18192628	0.19613028	0.37035991	0.014651063	-0.020977128	0.30738107	0.21442273	0.49323093	-0.13644351	0.62209235	0.51362892	0.19983805	0.24048966	0.097879281	0.031442341	0.19320063	0.300381	0.49109318	0.40453018	0.56675522	0.68866799	0.30759404	-0.066848897	0.071059375	0.065404435	0.67838021	0.82062101	0.67875123	0.73641138	0.083001406	0.39796971	0.16348298	0.47327426	0.041444965	0.5332996	0.68404889	-0.10774541	0.43842651	0.70520223	0.86190729	0.28052222	-0.14812047	0.56017385	0.18071451	0.39896368	0.65841021	0.036656825	-0.26015196	0.22718845	0.037663613	0.38458376	0.2660684	0.31492119	0.50748231	0.55911384	-0.23591401	-0.14340788	0.030907758	0.0037180628	0.63496712	0.58143273	0.56382022	0.17629734	0.21797122	0.50023664	-0.13062969	0.24460303	0.7198624	0.25692293	0.20056953	0.14381503	0.14618622	0.6391371	0.50674306	0.20061675	0.084646778	0.12003469	0.036831326	-0.22084371	0.52136996	0.084554724	0.35942815	-0.074793712	0.44686288	-0.056749411	-0.12911025	0.12112115	0.1137113	0.016265733	-0.039957414	0.32574993	0.26571058	0.36284339	0.38627184	0.66231147	0.49333135	-0.11623536	-0.1849886	-0.01275821	0.71574364	0.79224051	0.47041165	0.66762244	0.15272328	0.48127462	0.52852459	0.56496324	0.15899309	0.20383492	0.71812071	0.38199973	-0.02187795	0.46974766	0.5938122	0.50212738	0.43238876	-0.054078577	0.051804976	0.66073224	0.35910434	0.071050294	0.39059505	0.62819649
0.32903317	0.50551165	0.44231952	0.54122252	0.35401007	0.2367851	0.57755344	0.51206695	0.17792592	0.2531084	0	0.60256329	-0.042676604	-0.045961131	0.47555316	0.32233838	0.41369426	0.43072918	0.80497956	0.93113941	0.75637652	0.93616648	0.5039173	0.263402	0.062293883	0.48524739	0.45937872	0.42910532	0.53957353	0.36481432	0.10512461	0.068366026	0.56505165	0.60824889	0.34530266	0.57363356	0.30117062	0.049119262	0.020379009	0.10379581	0.66682276	0.39565593	0.01894201	0.8572884	0.52584282	0.48773893	0.28001764	0.45541235	0.56312373	0.39307314	0.8429767	0.25127092	0.54310897	0.35573832	-0.031850215	0.34454867	0.61505081	0.77689771	0.61877005	0.51211626	0.78507152	0.014874718	0.25332092	0.25862275	0.60118897	0.37843998	0.17344846	0.36496971	0.32854817	0.036578537	0.11372208	0.22281765	0.31808913	0.56815379	0.27146545	0.5370705	0.5210339	0.56560749	0.099959029	0.28700291	0.59439373	0.47705685	0.32859064	0.20371715	0.95828299	0.589156	-0.16528767	0.13313448	0.39736236	0.25832214	0.2939512	0.45456305	0.75714712	0.87015315	0.7263374	0.93651356	0.092640761	0.28442694	0.30306234	0.53430828	0.43356991	0.44435913	0.57926911	0.4382314	0.074957763	-0.040270536	0.541173	0.5806966	0.19995253	0.62534843	0.34388998	0.071055431	0.055483093	0.19765119	0.70460544	0.5334863	0.10182571	0.85751656	0.52165071	0.54265169	0.18464852	0.35874343	0.4356542	0.2382396	0.77524844	0.27820141	0.58289386	0.44415411	0.46182213	0.34636224	0.63953067	0.77771074	0.42350789	0.44262737	0.83138872	0.15781415	0.33921934	0.33041963	0.60257048	0.45271415	0.34439401	0.42710417	0.24890001	0.0059919572	0.092719062	0.26322914	0.14682809	0.62557672	0.50943318	0.53312791	0.39843767	0.57302524	0.26229045	0.18837076	0.23849998	0.25194713	0.48693198	0.42047445	0.47092448	0.48121992	0.25510589	0.089097492	0.13983233	0.12891982	0.32224295	0.45533088	0.36479769
0.33375966	0.560416	0.50436578	0.73078676	0.21956827	0.24753927	0.86752279	0.74296788	0.037665349	0.14492908	0.60256329	0	0.13187476	0.091012902	0.71975125	0.59543694	0.6857293	0.75039835	0.63350835	0.5185914	0.61038403	0.53274673	0.54964796	0.38362787	0.013353323	0.82494947	0.58700338	0.63210937	0.79169532	0.31629823	0.12333504	0.071720144	0.69688484	0.69308239	0.45394707	0.81411736	0.42397413	0.13130267	0.30540163	0.37760961	0.78032977	0.53213618	0.12337437	0.5512671	0.69770581	0.71924053	0.5097864	0.7681258	0.85851476	0.64722436	0.47617806	0.57780839	0.69728572	0.48772322	0.067226886	0.47063044	0.484726	0.42164721	0.68533933	0.64320436	0.57547665	0.14964755	0.25942127	0.33983844	0.35236893	0.49712287	0.47055698	0.78003729	0.64147674	0.036358543	-0.041470906	0.23064658	0.29135669	0.67535272	0.20887646	0.45488785	0.57984722	0.69504633	0.11120403	0.26195189	0.82294413	0.64781139	0.15984943	0.078716495	0.52157406	0.817033	-0.08618752	0.38567676	0.46997394	0.40336508	0.36940448	0.56827122	0.57132518	0.47061639	0.52636736	0.56844283	0.10330901	0.30104812	0.20843328	0.74494136	0.49169621	0.64075325	0.72479806	0.33858012	0.11422203	0.041639563	0.63352237	0.69618382	0.17605208	0.77734864	0.33166821	0.088337849	0.31911976	0.35114826	0.77111169	0.50866115	0.14207654	0.53110417	0.67242649	0.61893251	0.34977316	0.53849896	0.71342691	0.38825095	0.38826204	0.42113577	0.66666003	0.53161898	0.54554285	0.33511132	0.47774415	0.42649969	0.64759286	0.55257299	0.56571005	0.17137266	0.26920296	0.29743666	0.30790759	0.40113726	0.58331379	0.66853667	0.56715757	0.021055675	-0.038819516	0.20116451	0.1615346	0.71174688	0.61526443	0.62999466	0.60381059	0.80616687	0.42518512	0.14517686	0.3079469	0.23849114	0.53542381	0.56035503	0.5852247	0.59847069	0.59264473	0.11318838	0.091121595	0.16483678	0.26142059	0.56964117	0.46252069
0.4015738	0.27986558	0.3348143	-0.09896936	0.39969993	0.67126108	-0.14362253	0.35826865	0.64236953	0.64953394	-0.042676604	0.13187476	0	0.9324126	0.2828297	0.64840995	-0.063109243	-0.056570017	0.084508001	-0.11898452	0.19266242	-0.03342546	0.46839605	0.82386964	0.72254963	-0.23531234	-0.33387022	0.023823524	-0.098775719	0.38179298	0.75676803	0.14331599	-0.0051411799	0.29808876	0.32407934	-0.18521834	0.51462767	0.86192869	0.77133276	0.81417248	-0.046958415	0.40429712	0.81913069	0.1005243	0.12366576	-0.055564764	0.50166575	0.027787551	-0.146055	0.31686328	-0.013012076	0.49195926	-0.40943605	0.30691747	0.6844837	-0.1228489	0.23281369	-0.066981481	-0.15185883	0.040515514	0.04549055	0.74580211	0.40790015	0.54564953	0.17305249	0.13328749	-0.22471698	-0.11137115	-0.18861042	0.72301718	0.74127993	0.59538502	0.79730495	-0.045751698	0.31873185	0.15477819	0.37566754	-0.077416624	0.56325839	0.48509355	-0.25134833	0.30648202	0.42252624	0.48734598	-0.030149377	-0.20622461	0.82517057	0.45768328	0.27594748	0.69872251	-0.10655748	-0.31537869	0.035230392	-0.098549196	0.20077886	-0.034040871	0.22377097	0.59507275	0.33251702	-0.26411852	-0.36922207	-0.10585251	-0.10706795	0.17447479	0.56022797	0.42455339	-0.022943024	0.15710108	0.48419017	-0.23773237	0.10165044	0.72558714	0.518751	0.29410347	-0.0078495473	0.11919549	0.60218539	0.078389678	0.10904751	-0.13548291	0.11546419	0.080151253	-0.32273818	0.46645953	-0.11205096	0.24833399	-0.33642741	0.038485346	-0.17983024	-0.47174823	0.10059283	-0.034956612	-0.18454055	-0.066376898	0.021020395	0.31167804	0.13754833	0.23866549	0.13036095	0.186741	-0.31125803	-0.36646631	-0.1163848	0.65531875	0.63593498	0.27905417	0.70115415	-0.061303837	0.27286763	0.3566066	0.44801637	-0.051494513	0.157257	0.56688971	0.46194697	0.027344728	0.33091609	0.44680397	0.29618833	0.23500936	-0.13958433	-0.17183286	0.51165061	0.35943392	-0.096215028	0.21992083	0.46673982
0.4017652	0.26556955	0.25140328	-0.14467453	0.41908482	0.58450675	-0.21542319	0.24465784	0.57251376	0.53432449	-0.045961131	0.091012902	0.9324126	0	0.25296025	0.57447107	-0.13070437	-0.055332312	0.042803742	-0.088274296	0.14179922	-0.070571781	0.40561593	0.77009428	0.67456948	-0.31602528	-0.42554664	-0.04075417	-0.17175996	0.27830169	0.70089597	0.17034214	-0.064020435	0.26120938	0.2894161	-0.2158725	0.46617102	0.82460482	0.74840145	0.80652385	-0.10631086	0.402841	0.76932253	0.03376513	0.081671368	-0.16972722	0.47540151	-0.022933192	-0.17200284	0.26490396	-0.028161214	0.42762743	-0.44265776	0.19595987	0.74160448	-0.14143935	0.23731676	-0.067952385	-0.23575825	-0.0074724614	0.019022272	0.78261796	0.4131227	0.50126231	0.078467829	0.046473917	-0.32670856	-0.18858097	-0.32226115	0.63730269	0.70000544	0.57903955	0.76308627	-0.10076409	0.32521668	0.13833998	0.29078754	-0.11878173	0.53721914	0.40304964	-0.30117118	0.18552357	0.34072888	0.36723157	-0.047281278	-0.20249699	0.82518433	0.44877269	0.28112073	0.6189357	-0.20606877	-0.2774432	-4.5767865e-05	-0.076485845	0.14486111	-0.064560916	0.22799941	0.5999883	0.34354642	-0.28076987	-0.43572237	-0.17388582	-0.17394813	0.063172679	0.44611655	0.28997782	-0.096482729	0.12474121	0.43941457	-0.26834427	0.10538125	0.6622795	0.48610263	0.34167788	-0.048613233	0.091170704	0.556258	0.020848706	0.057748594	-0.2154136	0.21577892	0.071127226	-0.38260112	0.42050552	-0.12650035	0.21903849	-0.32594591	-0.044636518	-0.14361055	-0.47714878	0.096040719	-0.031182164	-0.28007773	-0.090624891	-0.012693422	0.36094285	0.055680689	0.22598481	0.062679683	0.11883447	-0.38557782	-0.41600568	-0.23965764	0.52861186	0.55713618	0.28782959	0.64012047	-0.12339538	0.16953544	0.24367085	0.35627527	-0.12500042	0.11879029	0.46829974	0.42142434	0.062074733	0.2739043	0.33431694	0.20739025	0.17163182	-0.19700854	-0.24010541	0.43894496	0.26708266	-0.10364883	0.14210844	0.36845932
0.72949987	0.47576793	0.53088962	0.46105113	0.5994491	0.54111853	0.61090495	0.65951327	0.46064458	0.4301543	0.47555316	0.71975125	0.2828297	0.25296025	0	0.64117636	0.43093142	0.60338234	0.49332221	0.29778674	0.49883272	0.46139225	0.69701433	0.59242934	0.49457153	0.5644183	0.44908913	0.43642627	0.50485227	0.69382547	0.23676239	-0.047524485	0.58503319	0.59327649	0.30310393	0.47273053	0.84255783	0.47578305	0.20616392	0.49811472	0.53813935	0.56020776	0.27535901	0.57657752	0.48344007	0.56419797	0.52637517	0.50307247	0.58416136	0.6908313	0.37362832	0.7281002	0.59524858	0.79676743	0.47557556	0.72723157	0.34079789	0.21552436	0.41949397	0.5379514	0.39448225	0.44873145	0.20821821	0.64326164	0.53625881	0.47977658	0.35449988	0.69492893	0.52019957	0.19076754	0.29015822	0.73264119	0.44445417	0.50302835	0.55053422	0.21132781	0.63387909	0.39433565	0.49347558	0.61676837	0.5037198	0.66567601	0.57464336	0.34449681	0.42284847	0.53212894	0.12010203	0.13885437	0.78341843	0.53527695	0.14978115	0.33707126	0.36321694	0.19656805	0.38467182	0.43135214	0.055042683	0.4899419	0.65886955	0.33043592	0.27262182	0.44127084	0.37942786	0.67502254	0.19909987	0.15084148	0.55663732	0.49397731	0.2370563	0.41295037	0.6385528	0.44276097	0.19484758	0.52834982	0.53592257	0.3471197	0.35093833	0.51547	0.45107735	0.39225581	0.53670869	0.30372147	0.31359299	0.44662611	0.20398701	0.54196974	0.67078696	0.83269606	0.60021833	0.41177995	0.22275051	0.18518326	0.459996	0.24290379	0.42724259	0.44029855	0.34860837	0.58951017	0.51638172	0.58611684	0.38849501	0.42130996	0.38301254	0.22530649	0.36529671	0.65305271	0.26333623	0.56489772	0.74613055	0.65787709	0.81095409	0.63102761	0.48473154	0.31773734	0.20959198	0.14536568	0.5840174	0.76984555	0.5163374	0.72124951	0.38737467	0.041788816	0.1938338	0.040231151	0.19594365	0.59115862	0.62081597
0.44958302	0.48313435	0.55123748	0.29625152	0.43819505	0.70635988	0.46803221	0.71277264	0.51603935	0.59344519	0.32233838	0.59543694	0.64840995	0.57447107	0.64117636	0	0.18009449	0.2918322	0.41818781	0.20199998	0.49971953	0.27251888	0.61828694	0.73149266	0.5633329	0.27682315	0.25020247	0.42387181	0.47287451	0.59393242	0.60668039	0.1072144	0.38226918	0.65466858	0.52666151	0.35889599	0.5746602	0.69911141	0.49484297	0.59474177	0.44615534	0.50557442	0.63441435	0.43755885	0.49022472	0.4255662	0.60672652	0.3039867	0.30648744	0.4225547	0.2149466	0.48525487	0.25670888	0.71386605	0.46602037	0.23136008	0.42618338	0.20472887	0.3542828	0.31787721	0.33555932	0.43461921	0.46309185	0.4149346	0.45235177	0.42899587	0.22290462	0.3844298	0.41103146	0.60946664	0.59319029	0.55938492	0.78395791	0.34264882	0.32098252	0.37936953	0.62756116	0.2894743	0.51354222	0.62453288	0.3464299	0.62781643	0.51531081	0.50160839	0.27085445	0.24615718	0.40490319	0.37341629	0.4666083	0.84415847	0.07085817	0.077096666	0.38661531	0.1628858	0.4520613	0.28356059	0.20108207	0.48567625	0.36411969	0.11042654	0.14545848	0.37071493	0.39944549	0.52061856	0.44351268	0.31862696	0.32616391	0.52791757	0.4961639	0.25267819	0.32822458	0.61025535	0.34534198	0.28758068	0.4082258	0.32924034	0.51532131	0.41470897	0.49797755	0.25608465	0.21569769	0.1865013	0.13626229	0.48888498	0.16385325	0.23198659	0.22867664	0.52224695	0.14815621	0.0025810016	0.31646413	0.20941968	0.29348877	0.13819856	0.34327383	0.15485248	0.29745678	0.30502017	0.39976681	0.46739406	0.21832261	0.17138262	0.367379	0.5313363	0.54554007	0.35517761	0.63342753	0.40302608	0.62049029	0.67219704	0.71603801	0.48797481	0.22936605	0.55562753	0.43873686	0.16721248	0.57437409	0.73550791	0.5346533	0.63431042	0.36849177	0.036508874	0.48649025	0.37344731	0.24576135	0.52354315	0.59181154
0.054970252	0.39915037	0.36223725	0.76734881	0.1148079	0.15289453	0.66608101	0.62084397	0.010746912	0.031310453	0.41369426	0.6857293	-0.063109243	-0.13070437	0.43093142	0.18009449	0	0.65026209	0.4647811	0.31981342	0.40717112	0.40880639	0.42732139	0.15798465	-0.091344903	0.79548233	0.50932657	0.50722253	0.53632827	0.21766579	-0.0427932	0.17527609	0.69076442	0.36937563	0.23560826	0.61329156	0.20490399	-0.096733803	0.053313004	0.17070637	0.67532993	0.39866797	-0.044598098	0.39957319	0.50325653	0.71418367	0.33495656	0.78785712	0.79103449	0.5347837	0.41424509	0.39392172	0.54049175	0.30290211	-0.033197019	0.23107316	0.25469596	0.26060455	0.5885269	0.49792193	0.52721783	-0.028757035	0.15267925	0.33145807	0.2767106	0.55223103	0.50474841	0.49697106	0.49543654	-0.14131844	-0.13326206	0.0060774645	-0.023428272	0.63744343	-0.039469945	0.31984496	0.39100733	0.7364943	-0.050677077	0.15423671	0.66373016	0.63122962	0.057688708	-0.0030465064	0.37576738	0.66226774	-0.21599177	0.16501056	0.18417248	0.052869449	0.59850105	0.51406252	0.43759227	0.29904296	0.35828417	0.41676177	0.1236733	0.12226066	-0.020282905	0.76963686	0.48591389	0.59859727	0.60762124	0.18667826	0.022464078	0.10246428	0.64310839	0.47510268	0.038744616	0.6839159	0.062499396	-0.16986308	0.1603197	0.14516132	0.71618649	0.38467996	0.028603291	0.36459902	0.50379763	0.6580101	0.076333808	0.65669682	0.68571108	0.24309769	0.26449017	0.3178299	0.49049174	0.32638354	0.31111188	0.20874313	0.32948147	0.31532603	0.69551986	0.63480059	0.47409542	-0.051102123	0.21581705	0.24610287	0.22965082	0.29820537	0.58757336	0.53106812	0.53604801	-0.043971454	-0.20572548	-0.024137482	-0.10191011	0.61358999	0.38447584	0.4359084	0.25838383	0.58341616	0.32656319	0.044880484	0.23616012	0.058186158	0.397687	0.24200171	0.49890861	0.25302307	0.46635962	0.13500342	-0.062894282	0.072360725	0.10094327	0.40875668	0.38963187
0.22668606	0.39911208	0.25438405	0.60714872	0.29414502	0.26743248	0.71580053	0.54925625	0.065665902	0.025306667	0.43072918	0.75039835	-0.056570017	-0.055332312	0.60338234	0.2918322	0.65026209	0	0.4362804	0.32285971	0.36043125	0.38400928	0.40207205	0.2301432	-0.029612341	0.65478769	0.36716969	0.39693793	0.49884616	0.25711896	-0.095102101	0.14178682	0.62038455	0.39756902	0.27894443	0.63469152	0.31248253	-0.053853379	0.052659036	0.32137369	0.62373246	0.46972583	-0.13442968	0.4067248	0.4804337	0.60189841	0.58210543	0.70911478	0.76977324	0.54729077	0.31426877	0.42238257	0.60785671	0.35874306	0.085183506	0.36782203	0.33798487	0.21657193	0.46432039	0.45391249	0.46467302	0.11509318	0.16134983	0.39388884	0.34425796	0.61151535	0.28063982	0.56645389	0.37959381	-0.16671927	-0.11053008	0.15386993	-0.0066846658	0.53454098	0.13116598	0.24013604	0.31332109	0.57315577	0.12439417	0.36098369	0.67607545	0.54865397	0.20143355	0.069318173	0.38093416	0.70417667	-0.13134579	0.25586959	0.44218233	0.19650492	0.32559654	0.6713205	0.37449076	0.29747094	0.26712944	0.42622532	0.18744611	0.26945543	0.21061143	0.6240186	0.30000459	0.40012071	0.41074772	0.25239279	-0.022387191	0.017557827	0.56603371	0.5018611	0.034579601	0.65002533	0.24464821	-0.0624234	0.25282167	0.46706274	0.63565079	0.34626173	-0.020003479	0.39774476	0.40482753	0.55289399	0.52511233	0.57988882	0.57820157	0.21922556	0.25915901	0.39392409	0.66352942	0.46888163	0.55939049	0.25953846	0.29726037	0.25359077	0.46429647	0.44454834	0.44235691	0.15636584	0.24549478	0.3890594	0.34348795	0.51164497	0.37756141	0.48546733	0.31547685	-0.13443195	-0.13077332	0.1843299	-0.066914078	0.5848954	0.41184577	0.4355268	0.43456937	0.60484464	0.30920117	0.048520028	0.16959557	0.17967	0.43506304	0.29459171	0.49087127	0.4802511	0.43889953	0.060901176	0.028077976	-0.061723046	0.24306938	0.47534724	0.39233965
0.28198518	0.82801303	0.60366225	0.54733193	0.232517	0.33504302	0.5948705	0.62333988	0.15754854	0.2741408	0.80497956	0.63350835	0.084508001	0.042803742	0.49332221	0.41818781	0.4647811	0.4362804	0	0.78575488	0.89951407	0.78370217	0.57750047	0.38559119	0.064651258	0.53855969	0.55447906	0.56499507	0.62849627	0.31223193	0.16855771	0.08914198	0.59773288	0.63660099	0.41291296	0.63520005	0.33800609	0.095487552	0.09400238	0.15539911	0.72721695	0.68513465	0.1234809	0.76539695	0.5649492	0.55436962	0.33976974	0.55717433	0.5512917	0.50512472	0.84026929	0.31444576	0.53852924	0.41311305	0.049846347	0.28767509	0.84891307	0.85906747	0.78758479	0.72442413	0.7864722	0.089552101	0.32617385	0.37556626	0.51566838	0.41207918	0.31530171	0.43552254	0.41383439	0.098421754	0.075262161	0.24186636	0.32244112	0.60213351	0.30962596	0.80842002	0.6885131	0.57438833	0.18195975	0.34533263	0.63364271	0.59097109	0.29505744	0.235988	0.80564139	0.6253676	-0.037047076	0.2957202	0.4989874	0.40052263	0.33823407	0.47162703	0.94206269	0.79813824	0.90363034	0.81803004	0.16735556	0.40749573	0.26368586	0.601382	0.54661825	0.49138798	0.66270995	0.41330069	0.15975158	0.13757878	0.58782615	0.61108026	0.36266613	0.63045554	0.44699822	0.1727845	0.1628679	0.2930523	0.69366502	0.77180301	0.21704792	0.74596549	0.57221106	0.63387648	0.16296076	0.45273657	0.50101954	0.35223893	0.74740183	0.44535811	0.5934393	0.50368494	0.51171715	0.39669654	0.83703545	0.84710662	0.53821882	0.69524865	0.87147379	0.18952238	0.445882	0.44611381	0.50763978	0.41592497	0.48555924	0.55000123	0.45210055	0.11808015	0.11114727	0.24952079	0.25552088	0.63976894	0.63789789	0.6257864	0.41958487	0.58001477	0.22332165	0.30248053	0.29046548	0.18911352	0.55954918	0.48616531	0.5606798	0.49928418	0.29304082	0.033321712	0.2110561	0.29058982	0.17936173	0.53903501	0.41637469
0.20643147	0.51135727	0.39230351	0.47621439	0.19806292	0.044862698	0.48925696	0.38401362	-0.0074687462	0.051489649	0.93113941	0.5185914	-0.11898452	-0.088274296	0.29778674	0.20199998	0.31981342	0.32285971	0.78575488	0	0.7119523	0.85474423	0.3287987	0.13824718	-0.14024922	0.41239964	0.43896324	0.4168687	0.51949935	0.1052187	0.014195168	0.002840079	0.46827608	0.54915011	0.27636195	0.55086737	0.12549742	-0.079126214	0.011669778	-0.0094925547	0.6022158	0.32826134	-0.058281741	0.70290415	0.48051468	0.36134046	0.18381566	0.39888944	0.48989846	0.24298834	0.83687107	0.089540337	0.4728042	0.13115471	-0.11473672	0.20816578	0.65197067	0.8558622	0.62104171	0.45821822	0.72057723	-0.058406065	0.21601586	0.090202998	0.37881661	0.22188738	0.14198448	0.26163122	0.22922872	-0.07754692	-0.047560895	0.060054298	0.20510543	0.50324892	0.18735229	0.60252416	0.44691422	0.51060936	0.030489557	0.093262235	0.56906917	0.32378738	0.13352263	-0.010300388	0.91315273	0.5999124	-0.20550803	0.19130481	0.31152099	0.17731641	0.2484074	0.48760521	0.76959798	0.9443269	0.70795435	0.88121305	0.0095946654	0.2089748	0.15716535	0.55829325	0.43577884	0.37080508	0.5717918	0.22142866	-0.019161874	-0.11846886	0.42796519	0.50489341	0.14035677	0.60894407	0.28628669	-0.031481595	0.067121303	0.17741607	0.61488946	0.5415103	0.01623077	0.69362035	0.46618224	0.49253497	0.12407684	0.31864309	0.44937112	0.11996748	0.81798043	0.20899921	0.51710545	0.25361653	0.46488843	0.33145389	0.70959146	0.85213677	0.33880024	0.4996325	0.77728832	0.12442485	0.2568195	0.23160654	0.39825324	0.28693198	0.3099308	0.44017307	0.20508144	-0.128682	-0.070512628	0.1438588	0.065768501	0.52462559	0.37248516	0.38666288	0.22171363	0.46419051	0.13494202	0.059085193	0.16479834	0.21825634	0.34288033	0.2680167	0.31128842	0.33203003	0.19292764	0.048148871	0.017243016	0.1235231	0.26452901	0.32695112	0.17577432
0.33711645	0.74739245	0.60136091	0.48073923	0.21855998	0.36407541	0.55784578	0.58129045	0.20283369	0.36219523	0.75637652	0.61038403	0.19266242	0.14179922	0.49883272	0.49971953	0.40717112	0.36043125	0.89951407	0.7119523	0	0.74429327	0.64231091	0.46494432	0.16221331	0.48530638	0.52167416	0.52724848	0.59263873	0.36943212	0.32114247	0.062719814	0.53020576	0.65018386	0.47695628	0.59120331	0.41292077	0.19679905	0.18086522	0.21095164	0.66658165	0.59046514	0.25444918	0.75781148	0.5295569	0.52108721	0.31978085	0.48610369	0.49560521	0.53438562	0.77583699	0.37715205	0.46349494	0.4550046	0.068383606	0.31836882	0.74090182	0.79431575	0.73748811	0.72603727	0.7836508	0.11731632	0.44178027	0.39126539	0.52513052	0.36051364	0.30588394	0.44487834	0.43286361	0.25777637	0.17395192	0.33692045	0.4383163	0.53608272	0.32707	0.74658832	0.68548717	0.50815736	0.2009786	0.35229192	0.57756665	0.55399974	0.30690969	0.30676022	0.75158511	0.5387626	0.048152315	0.3095249	0.47167978	0.4631725	0.29151006	0.38255889	0.86823137	0.70124214	0.90083293	0.77085596	0.24038411	0.41928941	0.27914388	0.50762404	0.50190927	0.4789969	0.64222586	0.43729601	0.23956054	0.20357157	0.53994374	0.58127026	0.42797423	0.57684919	0.46752687	0.27486719	0.18484755	0.22014538	0.64073439	0.66021006	0.32844264	0.74127307	0.56014782	0.56091836	0.14463602	0.37535124	0.4249975	0.4371185	0.70568999	0.44223684	0.50906417	0.52259099	0.38940374	0.36612096	0.74287631	0.7771766	0.49602174	0.62239863	0.85400086	0.19501997	0.41036551	0.42955688	0.51134502	0.36070732	0.46870416	0.51413147	0.46357257	0.24225713	0.20157843	0.30550117	0.35366167	0.58460856	0.66202022	0.63159283	0.50094988	0.59203083	0.23459404	0.3838692	0.38748844	0.16889993	0.54590922	0.55101593	0.59023075	0.52663344	0.31766944	0.03551769	0.3225858	0.38522261	0.23864975	0.5405346	0.47666472
