0	-0.11452156	0.099533192	0.30398349	0.53850794	0.38445346	0.26990867	0.28402584	0.33973045	0.20888534	0.070252275	0.4206816	-0.0027653915	0.023532664	0.58666167	0.30662547	0.21543329	0.39346786	-0.2855245	0.029094464	-0.26007571	0.11017315	0.067642744	0.10646394	0.32703545	0.19307192	0.10955068	0.33112484	0.35014134	0.23652151	-0.35570175	0.075284794	0.22515742	0.0022344984	0.061659358	0.17787068	0.19584855	0.057348456	0.0088263817	0.36094049	0.29179746	0.04578006	-0.067694167	0.098512001	0.33706825	0.17026367	0.3161599	0.29156473	0.41213349	-0.0071188434	-0.027735708	0.19218829	0.21429203	0.12490928	0.53254314	0.24245121	-0.10072584	-0.010989643	-0.097748921	-0.15066637	-0.18409258	0.21028097	-0.22247878	0.27319458	0.20064567	0.39227013	0.28489574	0.13043851	-0.0048940912	-0.13863266	0.045979271	0.28008766	-0.15117028	0.25750599	0.53705228	-0.19399578	0.16241297	0.22042634	0.51083792	0.24421528	0.30139362	0.24861827	0.38404636	0.029544436	0.12131778	0.28282873	-0.071211179	-0.13703495	0.52274468	0.098226618	0.2032285	0.32756839	-0.30831271	-0.090589727	-0.1908997	0.041415867	0.15603449	0.3011448	0.37452894	0.22122927	0.063698231	0.33283937	0.27416614	0.11009565	-0.06484628	-0.27140686	0.40910128	0.014382244	-0.068443278	0.24383308	0.072379552	-0.081504385	-0.20454015	0.43641186	0.36357505	0.010617754	-0.30879641	0.13469527	0.35276709	0.10284717	0.26761782	0.33091897	0.26784699	-0.043514721	-0.018638549	0.089565978	0.36373133	-0.10131898	0.16669774	0.24281084	-0.16316895	-0.14612418	-0.15159374	-0.26708905	-0.25552582	0.34901014	0.14687263	0.26090701	0.14921935	0.37268603	0.26032749	0.069689893	0.09860476	-0.43820791	0.31524308	0.049624887	-0.23152226	0.32174096	0.16929112	0.30037241	0.28539344	0.48153843	0.16603685	0.1220243	-0.036262575	0.28288368	0.070320361	0.23963933	0.26623221	0.37725731	0.36176746	-0.10821569	-0.0071914797	-0.20009806	0.099000319	0.0073423231	0.32547867
-0.11452156	0	-0.070404586	-0.29680655	-0.25447343	-0.16765602	-0.21079706	-0.16465852	0.13469214	0.031165504	-0.10445135	-0.27075889	0.0025045749	0.12071593	-0.033666444	0.038353214	-0.2996568	-0.34932489	0.86990375	0.21710271	0.90606993	0.21279782	0.15856171	0.059584703	0.15075356	-0.35999907	0.074745879	-0.16685329	-0.23087364	0.002501524	0.32011366	-0.2061538	-0.31564806	-0.048601743	-0.082283517	-0.13120903	0.31964797	0.0036707979	-0.10349086	0.037099844	-0.34911902	0.91515135	0.09528499	-0.028263552	-0.26351962	-0.13548794	-0.1879825	-0.30507134	-0.37996909	0.096005059	0.81629435	0.38367879	0.028470856	0.056705497	-0.070831566	0.57725905	0.96791526	0.72296787	0.46564147	0.66151207	0.46487621	0.079637597	-0.11353225	0.12068099	-0.21551379	-0.059087506	-0.21610553	-0.16268666	0.11198752	0.16214158	0.12524207	0.12052562	0.12429939	-0.26188066	-0.20940081	0.94774468	-0.11685022	-0.25938803	-0.10476683	-0.11884339	-0.14800634	-0.21668254	0.14082679	-0.042850381	0.043482224	-0.17421096	0.074728667	0.083322069	0.021177651	-0.0005965083	-0.10831585	-0.06692282	0.64784165	0.49020901	0.89108866	0.15694288	-0.11392738	-0.0091770203	0.19137315	-0.20338385	0.26985946	-0.15332361	-0.16729897	0.0095929458	0.055174864	-0.16071065	-0.22260993	0.017040403	0.19142966	-0.2999627	0.40235399	0.25417956	-0.0096440649	0.049920916	-0.27238148	0.92973518	0.11510272	0.12725542	-0.25019646	-0.06618588	-0.076235704	-0.22653483	-0.25925097	0.26197548	0.86674802	0.54635665	-0.1723206	-0.02008585	-0.1357414	0.48663363	0.93417165	0.73395138	0.40357222	0.26882126	0.59512021	-0.13238232	-0.37139732	0.39077058	-0.19594682	-0.1720464	-0.18757268	0.38602352	-0.19625332	0.10604254	0.12540544	0.46204584	0.077201164	-0.19130642	0.33502071	-0.068891662	0.010220325	-0.28537091	-0.20346318	-0.067448758	0.047629578	-0.086259872	-0.31777915	0.28924297	-0.028205944	0.10979727	-0.22717212	-0.196427	0.033260259	-0.081761934	0.013626771	-0.32064954	-0.02467078
0.099533192	-0.070404586	0	0.54725768	-0.18322242	0.39923029	0.6775383	0.72619071	0.31707045	0.46731954	0.22104671	0.55042395	0.098352951	0.13678933	0.34145816	0.43305289	0.5844261	0.40260096	0.049012753	0.24827395	0.064144169	0.10851852	0.36416872	-0.095560289	0.28383079	0.47939713	0.48915298	0.54694656	0.68533947	0.52021791	-0.32749076	0.21575769	0.33246541	0.34056728	0.33826569	0.50923251	0.13909765	0.18947512	0.17564348	-0.081590812	0.71644561	0.0092160061	0.081638669	0.18554395	0.71813548	0.75230083	0.24122408	0.59187057	0.46811185	0.2904864	-0.10785911	0.17572239	0.29605991	0.35167402	0.075674938	0.24034815	-0.024380156	0.12836117	-0.014907365	0.042882291	-0.072780107	0.02545601	-0.25730957	0.13471564	0.35707728	0.46040801	0.43120524	0.014275488	0.41599815	-0.020677918	0.13560066	0.21661445	0.18883124	0.45381914	-0.26761227	-0.089573606	0.94070002	0.40834733	-0.090359188	0.33553805	0.65546425	0.7778952	0.32563018	0.14884481	0.1783765	0.53793536	-0.28586388	-0.08230225	0.20844233	0.53181504	0.5462011	0.54839046	0.071756013	0.039375197	0.090618804	0.11423633	0.3450493	-0.18206589	0.18672584	0.52760728	0.431074	0.54373439	0.7289374	0.57343617	-0.104464	-0.13230296	0.38599051	0.22936075	0.080680133	0.48332466	0.16949235	0.064634993	0.009098839	-0.040125289	0.78336439	-0.0089107168	0.16260887	0.25784286	0.75253462	0.7796525	0.19388059	0.55682905	0.40244627	0.041150817	-0.05968387	0.05108795	0.26995938	0.3086409	0.29937476	0.21974189	-0.066968943	0.17002469	-0.028950751	0.19493647	0.0089736139	-0.12076504	-0.33380945	0.0090312018	0.30831555	0.49249378	0.44150384	0.14322879	0.45323001	-0.051571423	0.17133411	0.26274895	0.19675112	0.4371432	0.46509828	0.73834227	0.48522306	0.58380066	0.25303629	0.11950684	0.24385192	0.34746533	0.41849042	0.49117887	0.71013252	0.28043905	0.55520237	-0.065624459	0.28781851	0.12939202	0.39145302	0.27326959	0.61952534
0.30398349	-0.29680655	0.54725768	0	0.23548087	0.55961459	0.65224065	0.74769088	0.47157833	0.57696946	0.2820066	0.63607751	-0.013213311	-0.024941554	0.38193107	0.45501539	0.88215597	0.58578466	-0.29378522	0.24569384	-0.26900467	0.20953499	0.28998154	-0.045512468	0.3414046	0.59027116	0.48184498	0.87616268	0.8803152	0.53742763	-0.33687862	0.48360787	0.39381191	0.30927599	0.33561986	0.42974552	0.11815162	0.30291266	0.0006087022	-0.074208407	0.70364856	-0.12697708	-0.024439698	0.27120837	0.85051316	0.52660632	0.13120398	0.66648789	0.71954769	-0.013836107	-0.22344397	0.010953284	0.21535845	0.463931	0.16016742	0.13199827	-0.28602424	-0.019988897	0.019149649	-0.13955184	-0.14212061	-0.028352629	-0.40874968	0.23605651	0.42076283	0.5023858	0.78486746	0.11876662	0.3095891	0.11894831	0.27874011	0.29407622	0.11226649	0.4690014	0.11179149	-0.36964282	0.51391265	0.91843407	0.28738203	0.47478295	0.64167653	0.76835964	0.46512338	0.33560576	0.27099679	0.71112414	-0.2156459	-0.2067557	0.35536483	0.49676318	0.80998435	0.63222419	-0.18405581	-0.026711457	-0.2176988	0.15940858	0.47621227	-0.05506607	0.20850412	0.63663037	0.33523719	0.77653217	0.82578107	0.465721	0.15049886	-0.036926134	0.61882894	0.27912748	0.05543176	0.58043435	0.097772089	0.066492465	-0.14463329	0.082608864	0.78265408	-0.16892129	-0.062322027	0.31721771	0.77155021	0.46645526	0.038845346	0.6600122	0.66903014	-0.25526608	-0.21288117	-0.0020213924	0.35481503	0.3465253	0.2733009	0.12704056	-0.31987582	-0.087428385	-0.03894397	0.0039950804	-0.14704203	0.014839966	-0.0747553	0.12567519	0.33037217	0.56070785	0.72961563	0.19728798	0.48582801	-0.23706721	0.32179943	0.12406578	0.040227774	0.48100318	0.40101123	0.67867097	0.41690457	0.70076118	0.33118744	0.38178163	0.057381275	0.41379097	0.34416199	0.44343705	0.59770794	0.29178607	0.63332045	-0.20339739	0.47152098	0.076421765	0.33506983	0.44383314	0.61262876
0.53850794	-0.25447343	-0.18322242	0.23548087	0	0.4170257	-0.10191462	0.017043273	0.44337856	0.2384142	0.014919555	0.16564365	0.13484125	0.088185574	0.13445804	0.30253934	0.1114677	0.067096363	-0.35420173	-0.061765701	-0.4251108	0.043018234	-0.061145325	0.25833866	0.31919112	-0.089518691	-0.13667809	0.17130482	0.16754762	0.2205182	0.045845594	0.32764682	0.094027565	-0.004999756	0.086343314	0.034300172	0.018256357	0.2211647	-0.021879341	0.28763136	0.094764239	-0.10532434	-0.099317877	0.044569959	0.14707034	-0.099749402	0.1900267	0.043939556	0.10087666	-0.39286644	-0.1406923	-0.19012388	0.1762009	0.19482914	0.28476755	-0.20405608	-0.24011541	-0.2539042	-0.13511513	-0.40026921	-0.20127412	0.22096314	-0.23242643	0.251575	0.18682403	0.20944277	0.14154604	-0.12569578	-0.11161763	0.25063035	0.37826668	0.22226105	0.067141083	0.096403643	0.51617967	-0.32047659	-0.13696211	0.22171081	0.49400486	0.3020065	-0.10796252	-0.017205852	0.39900592	0.30964517	0.038118597	-0.0062192731	0.16166916	-0.16096397	0.13542957	-0.0019300553	0.070818343	-0.0039532477	-0.26282399	-0.17552321	-0.40301842	-0.013773954	0.021629889	0.24880565	0.11493291	-0.065440799	-0.21513051	0.15597101	0.049712356	-0.088818233	0.068461589	0.056359327	0.32392186	0.080158143	0.054025291	0.17831823	-0.11861195	0.040693266	-0.18591971	0.17673295	0.13643827	-0.13213674	-0.17204603	0.072361033	0.12590882	-0.2262852	-0.10716445	0.10032139	-0.042377965	-0.19247167	-0.20119802	-0.17673068	0.10038026	-0.032572406	-0.26148637	-0.21349153	-0.23809262	-0.35371959	-0.12925416	-0.38157588	-0.2989677	0.14705741	0.27533958	0.13478018	0.11581709	0.14661806	0.13342147	-0.19114409	-0.089508494	-0.22346241	0.36086754	-0.13470012	-0.12665416	0.18047555	-0.078723437	-0.001322877	0.17216913	0.21193671	0.078959863	0.18730552	-0.04625111	0.22552495	0.063576761	-0.020463921	-0.055193532	0.18823093	0.069914641	-0.22834216	0.10913388	0.029866297	-0.077245117	0.085324543	0.067248709
0.38445346	-0.16765602	0.39923029	0.55961459	0.4170257	0	0.60926062	0.66894306	0.55225553	0.49934014	0.088639652	0.57163644	0.23030472	0.13260239	0.36225335	0.52260265	0.59682002	0.54188756	-0.098663476	0.11899527	-0.11984706	0.034155707	0.4125072	0.043888724	0.50450686	0.41532368	0.30693963	0.39974298	0.5496786	0.6386919	-0.09861486	0.50842662	0.34707284	0.36289928	0.43147031	0.44492672	0.21208769	0.41052838	0.29783197	0.10210794	0.59880463	-0.031151038	0.10088962	0.11460854	0.55314445	0.54756368	0.56529837	0.55757939	0.55741879	0.096673626	-0.16067482	0.049485918	0.50214299	0.67679864	0.32024632	0.11596932	-0.13226024	-5.6514666e-05	0.049427625	0.03104481	-0.12487133	0.084315897	-0.40067911	0.054902972	0.4045636	0.65917055	0.38277749	0.024013068	0.33003417	0.27909025	0.50213881	0.31313493	0.27007042	0.44250747	0.11929829	-0.19479172	0.38791361	0.44748252	0.32734866	0.86803012	0.61083249	0.63478615	0.58052562	0.47505954	0.10273242	0.48420437	-0.022191591	-0.010197426	0.27362532	0.51372644	0.6255088	0.63016803	0.053109623	-0.072484557	-0.077445391	0.038518974	0.45500612	-0.017539633	0.36377308	0.43911232	0.18857789	0.37990436	0.49595688	0.52586613	0.09486043	0.054310351	0.49468758	0.32187738	0.29346901	0.55374299	0.23789959	0.29381682	0.10951705	0.098392845	0.60851854	-0.082160607	0.20705817	0.22531787	0.51802988	0.45609209	0.28925987	0.61949959	0.45931924	0.0063579625	-0.13351411	-0.0072438575	0.5318034	0.42822305	0.31799824	0.1183998	-0.16347229	-0.018819498	0.042244675	0.096864457	-0.045237328	-0.072568665	-0.18516726	0.027383643	0.3446939	0.71767628	0.33190969	0.14043753	0.21393619	-0.19582749	0.59680181	0.30139684	0.27264657	0.46618638	0.38225366	0.51276446	0.51976357	0.56691146	0.17619397	0.3303846	0.2826029	0.48425805	0.33347946	0.3974637	0.45610621	0.38217996	0.4711114	-0.26516411	0.35167188	0.14202138	0.38873396	0.23839279	0.55454999
0.26990867	-0.21079706	0.6775383	0.65224065	-0.10191462	0.60926062	0	0.8699972	0.35004608	0.52841416	0.24504195	0.75614156	0.059182249	0.060596449	0.49876992	0.43758516	0.75415849	0.74639825	-0.14351583	0.18724344	-0.054724866	0.063973982	0.5452434	-0.14211355	0.2574472	0.61182562	0.42398969	0.55350329	0.71260915	0.54320177	-0.4987622	0.40294934	0.43865222	0.42823734	0.4823942	0.55032839	0.23103353	0.17334845	0.27719459	0.014045954	0.73947444	-0.10407855	0.14015946	0.20037633	0.64660742	0.70743236	0.40204958	0.7335883	0.8134403	0.3292029	-0.21336686	0.28231022	0.22202999	0.43737074	0.1270826	0.29563464	-0.21279275	0.0083948915	-0.024373056	0.047626879	-0.12411115	-0.058246298	-0.29540838	0.18983321	0.43227877	0.72516055	0.54469719	0.22442026	0.45278803	-0.10646385	0.082156412	0.21353467	0.12015169	0.52588153	-0.12381285	-0.26336347	0.6476974	0.49804468	0.030461812	0.56282357	0.9353396	0.83839256	0.42756788	0.26252069	0.15376171	0.7280709	-0.39691764	-0.14064158	0.31580036	0.51619885	0.73158641	0.80200847	-0.11286323	-0.10864675	-0.021426775	0.056557833	0.5885167	-0.13112711	0.29296489	0.61338972	0.32712329	0.55043844	0.74158228	0.59584629	-0.034017486	-0.062060434	0.49235922	0.27265549	0.14970455	0.58872353	0.11711598	0.032331845	0.021371595	0.056530692	0.77889873	-0.16952871	0.11962196	0.22879614	0.66294309	0.69341848	0.35057195	0.71447502	0.71699413	0.023220073	-0.16651491	0.13984143	0.37047907	0.31694493	0.41824703	0.23003831	-0.28696029	-0.014418081	-0.073499479	0.11012294	-0.067400759	-0.13232163	-0.21764806	0.019048114	0.36781103	0.77839136	0.50419302	0.25790605	0.4956657	-0.21098552	0.28610289	0.2329288	0.15861854	0.48091572	0.44662422	0.80789694	0.54474122	0.75151351	0.33467246	0.39242512	0.271686	0.47641587	0.48576303	0.46733463	0.74073304	0.34358039	0.7436503	-0.10075488	0.44035946	0.1050372	0.53998488	0.34243324	0.74853847
0.28402584	-0.16465852	0.72619071	0.74769088	0.017043273	0.66894306	0.8699972	0	0.57532468	0.65589647	0.21633779	0.80662495	0.21573767	0.21474719	0.57673303	0.63750098	0.82502564	0.6233753	-0.06585184	0.26778559	-0.032216496	0.13171206	0.52120742	0.0017559763	0.52091185	0.72204274	0.58017962	0.68343168	0.82877778	0.72270301	-0.36326406	0.3716771	0.51579152	0.55914528	0.51840373	0.70239247	0.34566758	0.45297275	0.28641263	0.024647063	0.85738921	-0.0084759202	0.19657123	0.20932852	0.76801445	0.7892836	0.36802902	0.84093431	0.69866438	0.31130656	-0.19155474	0.22788895	0.47536081	0.60143468	0.25709778	0.28478807	-0.1608212	0.076889115	0.12589324	0.10445092	-0.140068	0.084116185	-0.47989032	0.20294563	0.48535889	0.67013894	0.68062813	0.19283671	0.57065536	0.10931751	0.35533338	0.44541574	0.33095374	0.62628879	-0.01893094	-0.21121415	0.70083976	0.55243993	0.21241098	0.58042026	0.88333665	0.93653401	0.60375693	0.35109077	0.19671617	0.75362538	-0.22139064	-0.026744188	0.46120448	0.73667657	0.81679632	0.81624134	0.073896806	-0.03220436	0.010987695	0.14009309	0.58244689	-0.055057217	0.4489042	0.72138091	0.45900771	0.62926201	0.83099225	0.72237459	0.078166426	-0.19453956	0.62602166	0.45757848	0.21645733	0.71219441	0.28545103	0.25635533	0.0043277064	0.076120553	0.8846898	-0.061525076	0.18662707	0.34206821	0.74284505	0.76468262	0.24174523	0.82262666	0.59037457	0.01346983	-0.11906389	0.12520994	0.54785413	0.45758218	0.525205	0.26853405	-0.18628783	0.066749669	0.073588911	0.26368083	-0.019462276	-0.016454224	-0.31922673	0.087524801	0.41272429	0.79534578	0.59840053	0.29342045	0.54609995	-0.19883917	0.47709933	0.4223192	0.33656955	0.6079049	0.64293641	0.87818566	0.69324145	0.78995596	0.27746343	0.34995413	0.28930199	0.5955712	0.4854066	0.6622929	0.81537229	0.48777616	0.72100626	-0.24851216	0.52867066	0.11810544	0.50754149	0.33255535	0.82699247
0.33973045	0.13469214	0.31707045	0.47157833	0.44337856	0.55225553	0.35004608	0.57532468	0	0.75210304	-0.032474013	0.51515262	0.36985877	0.43190144	0.49542598	0.8044971	0.48088172	0.13503163	0.111391	0.13616985	0.1033377	0.082298466	0.37675072	0.38143839	0.8528902	0.27693433	0.28694431	0.41039613	0.49906173	0.75623648	0.027430565	0.31542426	0.3821633	0.59929247	0.51766156	0.57729335	0.59695483	0.74134308	0.16021385	0.30037409	0.43863563	0.34988272	0.19718797	0.052486775	0.39591747	0.32497968	0.11502537	0.49803614	0.14878402	0.11264138	0.041015383	0.22903658	0.51510505	0.56500472	0.45612823	0.25770285	0.1188416	0.12867212	0.22176755	0.19366947	-0.19676307	0.4521578	-0.74339803	0.42024453	0.27499663	0.50580275	0.42847594	-0.026677314	0.42828882	0.48239311	0.78843274	0.72959398	0.62548052	0.48566929	0.2374987	0.1104323	0.25147887	0.32784044	0.31718454	0.44899493	0.41855554	0.4344647	0.91057155	0.5150269	0.054247702	0.35026478	0.17615477	0.009897093	0.480815	0.62249935	0.61665393	0.4780961	0.29096267	-0.045007059	0.13131305	0.043123342	0.32136986	0.27790276	0.6561981	0.33589771	0.22522542	0.33530863	0.45200093	0.47004351	0.10441697	-0.31778013	0.57118357	0.60652907	0.43254697	0.55552345	0.44233261	0.59679351	-0.14770143	0.2634517	0.4488403	0.3110574	0.29493678	0.26259111	0.33427527	0.22486486	-0.086355515	0.5380267	0.099914483	-0.076821801	0.091941718	0.16976759	0.35403883	0.21785254	0.21832578	0.21117163	0.14826748	0.066567125	0.16127429	0.20803972	-0.023771801	0.2080375	-0.25565647	0.33043028	0.17330355	0.55856831	0.29523662	0.14824528	0.089286203	-0.071156249	0.7720474	0.60800724	0.42652623	0.51949111	0.7004964	0.60311836	0.70936832	0.50669166	0.04299279	0.32398414	0.18920985	0.53752462	0.13642511	0.73308592	0.61383754	0.64586134	0.33478287	-0.55433461	0.47393114	0.038604731	0.12787814	-0.02938914	0.62919839
0.20888534	0.031165504	0.46731954	0.57696946	0.2384142	0.49934014	0.52841416	0.65589647	0.75210304	0	0.43944337	0.55787233	0.27295806	0.34321897	0.43195587	0.68041806	0.56763705	0.3031051	0.1459935	0.47685879	0.15059934	0.42123546	0.6002215	0.19178953	0.64703917	0.3207789	0.49283184	0.51576753	0.62504168	0.86115997	-0.18402905	0.38407312	0.46790044	0.58555224	0.42201298	0.63610613	0.41353503	0.48667682	0.29171709	0.12095111	0.62204487	0.1872023	0.19457422	0.50512429	0.57964055	0.6390797	0.22330428	0.55139285	0.31952821	0.056040477	-0.01690159	0.27740969	0.42752009	0.59052166	0.16628784	0.28171532	0.041198743	0.2051664	0.26326268	0.062457588	0.12273602	0.22048765	-0.51492934	0.46826625	0.71612207	0.66011864	0.459579	-0.069783022	0.52381398	0.20183902	0.54331267	0.50593657	0.49880159	0.58587876	-0.0047871847	0.0062024413	0.42260708	0.44093621	0.18900311	0.3867657	0.54163769	0.59589876	0.71630437	0.62501368	0.41094269	0.37644737	-0.13060238	-0.06161606	0.34296236	0.51268468	0.6277474	0.52443166	0.28993426	0.20745765	0.16593766	0.41971742	0.4749114	0.087609584	0.41906597	0.36338815	0.42517853	0.4786206	0.60894621	0.69339745	-0.076771226	-0.23937228	0.55172185	0.52600309	0.28426126	0.56772994	0.36261518	0.29786676	-0.008658519	0.13191478	0.56849566	0.1275598	0.19477309	0.62855625	0.54916361	0.54950638	0.029277893	0.5181594	0.21913561	-0.094886196	0.064062696	0.1328343	0.26357613	0.31412439	0.15426796	0.20772595	0.061326533	0.18621504	0.22381274	0.23178553	0.21666583	-0.037078467	-0.28881717	0.29513373	0.61030636	0.63003524	0.37732451	0.14986647	0.2396237	-0.19401586	0.5077544	0.40523889	0.40480214	0.57064142	0.60113437	0.70326423	0.65572493	0.54829503	0.20551392	0.3190236	0.216952	0.54602083	0.30641213	0.63920303	0.67282304	0.49148697	0.40792788	-0.46407373	0.5020369	0.07461606	0.22586275	0.23335982	0.70403451
0.070252275	-0.10445135	0.22104671	0.2820066	0.014919555	0.088639652	0.24504195	0.21633779	-0.032474013	0.43944337	0	0.17632045	-0.060508271	-0.035257062	0.16533918	0.089845506	0.22869169	0.3456785	-0.00800685	0.82019455	0.025441896	0.83541208	0.26101962	-0.10534768	-0.048142312	0.1049553	0.5188099	0.34802933	0.37217032	0.36186501	-0.32666928	0.24055053	0.16817396	-0.0018128724	-0.1789959	0.14073516	-0.13943879	-0.24464453	0.16514067	-0.12267421	0.3499232	-0.16983666	-0.14590955	0.91718038	0.415486	0.49362894	0.19616383	0.067345947	0.30468946	-0.22695676	0.017334326	0.21534695	-0.04254022	0.1589458	-0.2105893	0.18692721	-0.10391451	0.25189298	0.25959224	-0.21097412	0.51052738	-0.19982879	0.064072624	0.28968724	0.78584594	0.30142662	0.26956307	-0.025323465	0.21912261	-0.17333597	-0.11734977	-0.072886482	-0.09811589	0.22759329	-0.045607893	-0.14551237	0.28932045	0.25101095	0.075504171	0.0068812112	0.19902044	0.30197413	-0.018684336	0.014300762	0.9062048	0.048540642	-0.41274313	-0.23244524	0.11711004	0.0048726005	0.13654479	0.22484712	-0.0087136498	0.60246318	0.070960995	0.84736724	0.30795679	-0.012444528	-0.11330098	0.18532615	0.5068655	0.36703264	0.37612416	0.41497017	-0.00044554995	-0.0018450951	0.097718361	-0.11126317	-0.31185673	0.09095614	0.1336318	-0.40519343	-0.034732818	-0.016030898	0.31752364	-0.19128692	-0.24928176	0.8284055	0.46851252	0.47349324	0.21772434	0.020392724	0.18124478	-0.08295995	0.10240926	0.051930623	-0.034040537	0.097355123	-0.09495447	0.21103809	-0.099392379	0.230185	0.26311328	-0.029819302	0.32033127	-0.096429743	0.034128311	0.22560143	0.7926009	0.22399269	0.29375423	0.14552776	0.36343667	-0.23045192	-0.17221415	-0.14963049	-0.07013205	0.18674218	0.01236137	0.2235956	0.084851399	0.17081947	0.28867467	-0.044598677	0.073979768	0.20730288	0.23417138	0.056482237	0.14124862	0.12836246	0.16191185	0.013835812	0.030469896	-0.057535003	0.19115207	0.311437	0.21638589
0.4206816	-0.27075889	0.55042395	0.63607751	0.16564365	0.57163644	0.75614156	0.80662495	0.51515262	0.55787233	0.17632045	0	0.39147091	0.44846759	0.66664056	0.73983829	0.63701242	0.64167943	-0.17928701	0.065941914	-0.14308503	0.079354602	0.5565536	0.27982892	0.4900751	0.63124361	0.29224397	0.57384917	0.78830358	0.58688192	-0.27021306	0.43819572	0.54585414	0.56225388	0.52249722	0.76418288	0.35582943	0.45589666	0.48456366	0.36403628	0.74313526	-0.074609467	0.23850574	0.21181412	0.66100138	0.55380417	0.48913586	0.67724023	0.713265	0.39553412	-0.25476715	0.3848861	0.47905911	0.49656905	0.3536837	0.21067832	-0.27682154	-0.11939141	-0.016694991	0.0072717115	-0.18666653	0.33369464	-0.42968946	0.37636292	0.41429793	0.52548346	0.56790479	0.40271538	0.65713236	0.19806806	0.3287796	0.44900131	0.37795454	0.62758888	0.16116498	-0.32048617	0.5746715	0.48099558	0.23019082	0.51375644	0.7890046	0.75175365	0.52982929	0.3453421	0.14405578	0.77005857	-0.11068382	0.048802063	0.49587781	0.66772039	0.69314485	0.74838689	-0.085129763	-0.20674405	-0.14895072	0.069928195	0.64718112	0.17379683	0.43527063	0.56735355	0.22542356	0.57087918	0.7319468	0.53220785	0.15969547	-0.085968075	0.70699774	0.43649411	0.23868531	0.70438874	0.13639092	0.19473927	0.076148153	0.27345713	0.75092656	-0.14797974	0.14750628	0.28349372	0.6652536	0.55638943	0.41652736	0.70487848	0.57368739	0.039051338	-0.21038273	0.17995728	0.50411587	0.33746591	0.42915998	0.16587953	-0.3302792	-0.11964246	-0.078320048	0.078760155	-0.12073347	0.17314571	-0.11737278	0.16072457	0.35405071	0.69751105	0.52855267	0.25502101	0.39930431	-0.10981267	0.41049789	0.28285096	0.25832155	0.63030292	0.39165127	0.69539364	0.63289144	0.69471838	0.34592622	0.4746089	0.29211271	0.52971834	0.35430862	0.45399567	0.59413905	0.47319547	0.59505979	-0.18310094	0.49668213	0.15971523	0.37086489	0.25471338	0.63812653
-0.0027653915	0.0025045749	0.098352951	-0.013213311	0.13484125	0.23030472	0.059182249	0.21573767	0.36985877	0.27295806	-0.060508271	0.39147091	0	0.91488973	0.15819075	0.66258965	-0.026183539	-0.12447937	0.12267585	-0.090953942	0.10694916	-0.071113626	0.25325393	0.7162902	0.41047338	-0.019027914	-0.09211317	-0.074129933	0.12271411	0.29711669	0.37828176	0.13966831	0.36779744	0.60016528	0.43694422	0.54364688	0.20639601	0.59073991	0.70887227	0.51943773	0.22786651	0.11802168	0.53437416	0.056487609	0.069277506	0.10262198	0.34579164	0.11711264	-0.13948602	0.18964236	-0.097859878	0.21744595	0.6272288	0.2531049	0.13155485	-0.087384001	-0.037121186	-0.14553302	0.014993344	0.068874226	-0.14305443	0.60777734	-0.21298111	0.14050605	0.12139505	-0.0053996507	-0.10244082	-0.0018314928	0.60043931	0.59244054	0.50175408	0.4404834	0.75922301	0.40108096	-0.037945474	0.064265675	0.11576158	-0.010785773	-0.11063018	0.12490334	0.12150424	0.15772427	0.24863603	0.2071993	-0.070402654	0.053181844	0.38636481	0.42601846	0.072844673	0.42120385	0.12355018	0.14317669	0.22756607	-0.12179093	0.056688978	-0.0090897402	0.25939725	0.27101746	0.26065237	-0.072020173	-0.040205071	0.042735325	0.097626232	0.16204873	0.15555213	-0.0035306352	0.36200744	0.51755118	0.39915281	0.37179325	0.1889663	0.44973649	0.24982801	0.12360389	0.090290569	0.094528432	0.41702454	0.15202966	0.10797973	0.12884757	0.051942177	0.15329954	-0.16185561	0.16567086	-0.064164278	0.1031472	0.16148118	0.046880671	0.070404366	-0.05972484	0.018050636	-0.049624165	0.067155021	0.17707963	0.045652437	0.042491068	-0.21060848	0.038478463	0.080132907	0.21180269	-0.09003965	0.0014230952	-0.16197036	0.1221292	0.27815902	0.30898148	0.54687834	0.41952589	0.11504871	0.16560683	0.41657961	0.09814497	0.11861268	0.054544998	0.27422147	0.17954065	0.063941236	0.18970468	0.14219046	0.31482953	0.048258174	-0.30556567	0.23864005	0.20189985	-0.057336677	-0.04593962	0.15803003
0.023532664	0.12071593	0.13678933	-0.024941554	0.088185574	0.13260239	0.060596449	0.21474719	0.43190144	0.34321897	-0.035257062	0.44846759	0.91488973	0	0.24582529	0.71339905	-0.038359636	-0.14072289	0.19889519	-0.067839632	0.22982928	0.0063599054	0.32289995	0.72139175	0.45601704	-0.057770571	-0.069802921	-0.018186046	0.17768492	0.31384983	0.29901846	0.062068122	0.39118113	0.62216319	0.44412803	0.60788748	0.34054706	0.56846895	0.66345308	0.58007981	0.22419404	0.2097477	0.55492064	0.10291523	0.097018566	0.097534819	0.26003406	0.12971831	-0.16953175	0.24036981	0.034602785	0.41480709	0.56241364	0.23403841	0.16654377	0.09031037	0.084071773	-0.029152298	0.046578023	0.15654206	-0.044454588	0.66417362	-0.28524282	0.3108889	0.13724933	0.040919197	-0.075822753	0.020352535	0.66963286	0.51126882	0.47027177	0.49004901	0.76584629	0.42897801	-0.016741239	0.16004257	0.1444347	-0.046320017	-0.07513112	0.062967962	0.11687438	0.13433701	0.30797921	0.21907609	-0.027280112	0.04491522	0.32562315	0.37380267	0.15003688	0.39850535	0.12822557	0.14846487	0.25708294	-0.054271746	0.16417114	0.048025898	0.30059306	0.31228146	0.32607274	-0.099315859	0.031940824	0.081552228	0.1399855	0.17149541	0.11065769	-0.13937363	0.40497902	0.5511623	0.40883959	0.31410736	0.24475262	0.45688599	0.16679151	0.1596311	0.10281083	0.18930123	0.39780093	0.20906394	0.1349096	0.14251307	0.061943159	0.13482676	-0.21305721	0.19918642	0.055555371	0.2327486	0.097438292	0.018779686	0.021612529	0.068501067	0.10736582	0.065716116	0.070372817	0.14356155	0.14158112	0.077874686	-0.20666635	0.18075739	0.11293757	0.19744326	-0.068765618	0.046501067	-0.16815802	0.10872506	0.28231572	0.36976389	0.51108751	0.44747712	0.18726946	0.21320254	0.44095512	0.103031	0.13375343	0.096277227	0.21348589	0.21301473	-0.0015088387	0.26197106	0.20479948	0.40070685	0.031512773	-0.35757381	0.26487491	0.18375239	-0.063186992	-0.080846619	0.19493392
0.58666167	-0.033666444	0.34145816	0.38193107	0.13445804	0.36225335	0.49876992	0.57673303	0.49542598	0.43195587	0.16533918	0.66664056	0.15819075	0.24582529	0	0.60604302	0.37251001	0.53326584	-0.036092	0.18390006	-0.0021277787	0.20310033	0.41258889	0.21928977	0.6683723	0.5414747	0.44579756	0.40332327	0.49567851	0.53568557	-0.30340479	0.16470856	0.30797944	0.39705778	0.33980965	0.50869576	0.68366176	0.40775461	0.1965178	0.39394086	0.42332957	0.11225417	0.18866881	0.1904484	0.39491742	0.43741671	0.31292927	0.45423047	0.46437122	0.45021634	-0.059179919	0.57828882	0.42107949	0.47292534	0.69947477	0.46894903	-0.037285358	0.16317936	0.15788221	0.23889122	-0.09805717	0.41993582	-0.55979914	0.41577526	0.29947318	0.36253082	0.44892088	0.47627954	0.41076787	0.078665409	0.24159323	0.70167372	0.23604025	0.43240046	0.39517722	-0.087991956	0.3707194	0.23743821	0.49045625	0.33581151	0.6353192	0.49586389	0.58032988	0.051620743	0.22824402	0.56060648	-0.073433298	0.052088858	0.90605751	0.5745579	0.53077262	0.7268372	0.04236905	-0.0019262425	0.020558719	0.13824361	0.37847864	0.36824649	0.75459929	0.54435077	0.38347317	0.40894044	0.49348486	0.54088979	0.070131893	-0.36422469	0.43023853	0.35219204	0.097681689	0.43772458	0.49901812	0.29290662	-0.10675162	0.54030722	0.50434636	0.054082286	0.077410782	0.30162769	0.43431215	0.41822593	0.44156808	0.49349538	0.34626506	0.14058147	0.018475605	0.31315902	0.63915555	0.30875057	0.59988589	0.48796997	-0.070294681	0.06694326	0.046338303	0.20086543	-0.075322055	0.49249796	-0.08217352	0.41838548	0.27415243	0.56450012	0.33987684	0.3388123	0.33640985	-0.25788794	0.46533238	0.53788628	0.21002335	0.41770449	0.54962319	0.48340779	0.58694218	0.49346412	0.15056945	0.16486513	0.23462405	0.47759214	-0.067086119	0.63150852	0.4333295	0.62840221	0.4410196	-0.26437896	0.121697	-0.1950658	0.27128279	-0.071639708	0.52775503
0.30662547	0.038353214	0.43305289	0.45501539	0.30253934	0.52260265	0.43758516	0.63750098	0.8044971	0.68041806	0.089845506	0.73983829	0.66258965	0.71339905	0.60604302	0	0.41056336	0.21301181	0.10442746	0.1292426	0.11102819	0.12865484	0.49378667	0.59308937	0.79207497	0.30256738	0.25176081	0.3875505	0.60903526	0.6889837	0.074304597	0.36054639	0.52432035	0.73977864	0.55228079	0.78373307	0.54620912	0.77283105	0.50605719	0.50549382	0.55275069	0.24993091	0.40438881	0.19703846	0.50833172	0.38629082	0.34670948	0.46745256	0.24226752	0.29343608	-0.075782814	0.35724889	0.68320946	0.54016508	0.42523781	0.19973526	0.011351209	0.031117877	0.19098252	0.1554549	-0.14617968	0.63699276	-0.66034332	0.46242865	0.33002947	0.39980391	0.35460792	0.091629773	0.69197545	0.56165311	0.68866532	0.78018569	0.75309251	0.63966594	0.20114451	0.030929227	0.4105796	0.35434917	0.23525337	0.43160846	0.52430705	0.54027976	0.72724063	0.41353234	0.12268482	0.44953564	0.21649585	0.17330563	0.51211762	0.76512621	0.58182609	0.5520118	0.26722203	-0.054460684	0.095817553	0.10632088	0.4451682	0.40276994	0.62791404	0.30223696	0.23491267	0.396234	0.54709905	0.47926984	0.19992408	-0.22300442	0.66395949	0.67168526	0.43571735	0.63968773	0.43940353	0.54770189	0.030506204	0.34130958	0.5187488	0.19361682	0.36960086	0.35840021	0.49631266	0.3610984	0.15217252	0.48953418	0.15069813	0.091833955	-0.0037073123	0.17081365	0.43416976	0.23757644	0.26619415	0.17090535	0.042671534	0.028236596	0.1536456	0.24691035	0.022995768	0.26000556	-0.2619949	0.33806132	0.24090885	0.55996071	0.28263046	0.16745863	0.12428597	-0.036424943	0.58999722	0.57851476	0.5323795	0.6600352	0.53844011	0.59933584	0.74205137	0.5431691	0.20946359	0.31873967	0.29339464	0.49497595	0.16863836	0.62460142	0.54385651	0.6417219	0.41344166	-0.43010105	0.43687161	0.10061795	0.19224597	0.018517999	0.56830898
0.21543329	-0.2996568	0.5844261	0.88215597	0.1114677	0.59682002	0.75415849	0.82502564	0.48088172	0.56763705	0.22869169	0.63701242	-0.026183539	-0.038359636	0.37251001	0.41056336	0	0.6472924	-0.2733823	0.24704515	-0.21892222	0.11130488	0.39452798	-0.13970577	0.33824851	0.73362965	0.53270632	0.80607208	0.81305724	0.59795932	-0.36227774	0.49701799	0.44543896	0.4130181	0.43910723	0.48425688	0.18618196	0.32565311	0.015574698	-0.22826585	0.73823258	-0.14731982	0.054557041	0.18532228	0.7463681	0.60116663	0.10923635	0.78719292	0.74381426	0.09035272	-0.26158797	0.052881735	0.23727584	0.5087884	0.11064091	0.15352616	-0.31360795	-0.042034247	0.095929963	-0.0063391267	-0.18012053	-0.11950133	-0.41094737	0.16858507	0.39994963	0.55143368	0.82950454	0.17684349	0.34727787	0.07904284	0.31079834	0.2776092	0.16750445	0.50858489	0.01773191	-0.34095575	0.56051033	0.71645116	0.20047147	0.50280822	0.73025505	0.81713332	0.48357869	0.3137158	0.20150195	0.73959412	-0.32540348	-0.20746513	0.33492779	0.53828101	0.87817859	0.7074969	-0.11864649	-0.069856101	-0.15849208	0.094253236	0.54670916	-0.19590825	0.22110111	0.78452191	0.36977868	0.68210064	0.81420434	0.56151437	0.10256479	-0.06614698	0.57349854	0.34996652	0.10940684	0.64666367	0.19084557	0.10933703	-0.1474853	-0.073740933	0.80254786	-0.19060196	0.051159141	0.25956658	0.67837585	0.55547686	0.029347352	0.77183908	0.68534453	-0.18878141	-0.2342779	0.019800911	0.3750256	0.37513381	0.39773268	0.15332106	-0.33332103	-0.08987842	0.035035971	0.13829722	-0.16221957	-0.074219941	-0.16260355	0.024420617	0.33351684	0.65170411	0.74945347	0.28399217	0.58478059	-0.16459615	0.35815951	0.19255742	0.15913978	0.48203892	0.47864132	0.76812659	0.47544368	0.72501003	0.25281668	0.41613728	0.19409985	0.51046099	0.44247598	0.50492954	0.67066521	0.2906024	0.65396362	-0.20404446	0.48490542	0.1242285	0.4337648	0.36687684	0.67969605
0.39346786	-0.34932489	0.40260096	0.58578466	0.067096363	0.54188756	0.74639825	0.6233753	0.13503163	0.3031051	0.3456785	0.64167943	-0.12447937	-0.14072289	0.53326584	0.21301181	0.6472924	0	-0.30064114	0.16130818	-0.25765958	0.16725869	0.43925185	-0.15538839	0.14186269	0.60503655	0.32803125	0.48276099	0.59571548	0.399828	-0.41896741	0.52419573	0.2950151	0.1755557	0.29291214	0.35002661	0.12094688	0.0054750627	0.22631004	0.054472294	0.57476631	-0.27364567	0.030323495	0.28636187	0.569052	0.53484751	0.50958214	0.53986723	0.88174692	0.27497009	-0.24156762	0.28476908	0.11647131	0.33033457	0.28859264	0.15667072	-0.36546072	-0.13138833	-0.064252494	-0.070793401	-0.037734737	-0.097912297	-0.097346672	0.21847554	0.43357866	0.56786327	0.49360231	0.39630468	0.21656747	-0.12058653	-0.015621519	0.097219106	-0.1167896	0.36155137	0.14074948	-0.43488045	0.46527219	0.47938845	0.200755	0.52961144	0.7381778	0.64472645	0.2879408	0.16290689	0.29802258	0.6816992	-0.42603942	-0.12879886	0.38819253	0.32441582	0.59838312	0.77015318	-0.26999377	-0.098233616	-0.23232308	0.13027358	0.53880593	0.034739572	0.25342899	0.59869825	0.21501584	0.45843065	0.58097446	0.48924021	0.16298658	0.1269616	0.35319836	0.052395066	-0.054462576	0.4340423	0.079114618	-0.12503745	0.070265773	0.23080923	0.63259027	-0.34613915	-0.016785106	0.25027298	0.59477266	0.50249668	0.56316578	0.5403734	0.76407719	0.010460219	-0.2417595	0.073888646	0.38782875	0.26222236	0.42804282	0.16578585	-0.45579788	-0.17005817	-0.11009882	-0.0061225551	-0.16431314	0.10673866	0.085942732	0.10424403	0.44995585	0.67594957	0.46398542	0.22009448	0.46114259	-0.14675479	0.23414539	0.060342549	-0.0095004863	0.31017665	0.17473999	0.44875308	0.3145056	0.56626312	0.34541764	0.37982138	0.35520862	0.3623975	0.32029288	0.20290407	0.37818499	0.25058766	0.5949972	0.10500736	0.25411918	0.16614018	0.49679581	0.38682337	0.45561877
-0.2855245	0.86990375	0.049012753	-0.29378522	-0.35420173	-0.098663476	-0.14351583	-0.06585184	0.111391	0.1459935	-0.00800685	-0.17928701	0.12267585	0.19889519	-0.036092	0.10442746	-0.2733823	-0.30064114	0	0.30524311	0.91124986	0.23851715	0.30057607	0.080957141	0.23721193	-0.21293506	0.14919574	-0.23726298	-0.20038881	0.17338622	0.39565066	-0.19071816	-0.25928926	0.082463272	0.010627218	0.028828252	0.30970643	0.151639	0.14221554	0.0056063	-0.1939141	0.80001073	0.15069424	0.064663528	-0.19570027	0.047446452	-0.0030112231	-0.22769762	-0.34706811	0.22913713	0.63740458	0.33955057	0.21281621	0.20577996	-0.10586331	0.46793997	0.87781976	0.67610517	0.58556729	0.68229742	0.49552512	0.096847502	-0.090236488	0.033359385	-0.03132774	-0.052752035	-0.23245394	-0.11570749	0.30775159	0.24353018	0.22685577	0.13538995	0.2863331	-0.17825474	-0.36980244	0.88659154	0.013045337	-0.25948244	-0.2170867	-0.07732657	-0.076144389	-0.10138219	0.13833864	0.081686535	0.10991863	-0.085912644	0.12996716	0.29838948	-0.039268353	0.17687727	-0.038707936	0.013557087	0.87412142	0.51504258	0.87760812	0.25201425	-0.0068131319	-0.070308922	0.21058848	-0.12109901	0.34155125	-0.20449508	-0.10473886	0.24231387	0.052717444	-0.11585157	-0.23119342	0.11552538	0.26712015	-0.14491443	0.47113942	0.36683992	0.25064708	-0.052288877	-0.18518682	0.80356913	0.32202428	0.23730572	-0.18367614	0.12673695	0.034056686	-0.1485678	-0.25492483	0.27066952	0.74843597	0.47997692	-0.038728252	0.18483127	0.029824164	0.39234845	0.89716499	0.75597537	0.56699282	0.53842751	0.68582645	-0.19318758	-0.4915758	0.25127694	0.011680959	-0.064407234	-0.20879108	0.38310709	-0.12655734	0.21840216	0.17107071	0.55817336	0.35139698	-0.13837028	0.37511596	-0.028635395	0.12847094	-0.27900707	-0.18027414	-0.070563558	0.18296367	-0.027546248	-0.18518826	0.29720114	0.024266526	0.11090223	-0.22518569	-0.17914779	0.11392007	0.054152812	0.017370124	-0.25272495	0.026995658
0.029094464	0.21710271	0.24827395	0.24569384	-0.061765701	0.11899527	0.18724344	0.26778559	0.13616985	0.47685879	0.82019455	0.065941914	-0.090953942	-0.067839632	0.18390006	0.1292426	0.24704515	0.16130818	0.30524311	0	0.29096486	0.79596814	0.23041773	-0.18745953	0.1492504	0.137879	0.74374959	0.33845616	0.31995516	0.47875642	-0.20556038	0.1307438	0.049458744	0.052017109	-0.1283752	0.10354495	0.056502422	-0.057261516	0.037474699	-0.24327849	0.30860899	0.14187824	-0.081654799	0.71876925	0.35730788	0.49284585	0.050175045	0.085568114	0.14702088	-0.18943915	0.26000678	0.20607139	0.10343093	0.30514446	-0.20155471	0.42082514	0.2350382	0.62752896	0.60474282	0.13367389	0.54072427	-0.22919257	-0.12587938	0.1880579	0.61779076	0.2804348	0.33612052	-0.080670524	0.25324171	-0.03949032	0.085010238	0.08864467	0.024504892	0.15034942	-0.1597213	0.18925821	0.27458455	0.19062475	0.091461485	0.0052761314	0.19394899	0.3268455	0.13072987	-0.0045539224	0.85824754	0.041327526	-0.29706152	-0.17241367	0.18040671	0.15066532	0.21244119	0.22042935	0.35418491	0.84025657	0.39985949	0.84191637	0.20512226	-0.12077042	0.026737671	0.28055012	0.72990641	0.30074963	0.37049244	0.51746048	-0.013950384	-0.12680341	0.014586262	-0.010948341	-0.23472324	0.1029722	0.422552	-0.1484607	-0.084861212	-0.10235259	0.30345142	0.14471606	-0.10082553	0.78275564	0.36420778	0.49056502	0.020560904	0.088289629	0.088207016	-0.0063036842	0.41305791	0.17883971	0.066916972	0.18552888	0.025208738	0.4366078	0.27771545	0.54631298	0.58000392	0.26293477	0.50312613	-0.15000622	-0.21809088	0.27860554	0.62668849	0.21987118	0.3111358	0.33311493	0.42474941	-0.26192416	-0.00095293179	0.1899066	0.093817841	0.12472622	0.30855489	0.31221404	0.19017396	0.15509027	0.13716161	-0.14447307	0.11111712	0.29908628	0.16186286	0.33233536	0.26614007	0.2235846	0.14603266	-0.12661521	0.070390143	-0.11882305	0.20176218	0.18801723	0.31257088
-0.26007571	0.90606993	0.064144169	-0.26900467	-0.4251108	-0.11984706	-0.054724866	-0.032216496	0.1033377	0.15059934	0.025441896	-0.14308503	0.10694916	0.22982928	-0.0021277787	0.11102819	-0.21892222	-0.25765958	0.91124986	0.29096486	0	0.25773135	0.36093534	0.099570573	0.1624732	-0.21821468	0.14003231	-0.16465512	-0.16133816	0.12710617	0.30354185	-0.14823878	-0.21281011	0.080704887	-0.016111223	0.036911219	0.3550188	0.052675788	0.12413276	0.036831148	-0.20389034	0.78876039	0.15608609	0.09137416	-0.17995844	0.055644042	-0.062957117	-0.20284898	-0.29228606	0.24723165	0.72432979	0.4951571	0.10451133	0.15881248	-0.12904954	0.5673878	0.87592178	0.69316767	0.53232273	0.71852964	0.55178656	0.098660805	-0.10506355	0.17400471	-0.048889258	-0.0054641204	-0.19730476	-0.066338091	0.31677341	0.16863539	0.12189466	0.12668419	0.23650113	-0.13976355	-0.3847406	0.89682287	0.0076713549	-0.25017961	-0.22598631	-0.068258037	-0.0048234573	-0.079575332	0.12609905	0.033182915	0.11363546	-0.072716211	0.048132651	0.22210254	-0.011743962	0.12029705	-0.0028268848	0.050041506	0.72998075	0.51763551	0.95412732	0.23728976	0.065875596	-0.04871262	0.19940814	-0.10915925	0.34808238	-0.12702437	-0.065467319	0.18463649	0.040404458	-0.1441639	-0.19152129	0.081902097	0.25070827	-0.16874083	0.45253508	0.27646188	0.16281474	-0.0023102146	-0.17739249	0.79862686	0.24677889	0.24218104	-0.16115568	0.13818978	0.039351875	-0.14673436	-0.18816964	0.30457999	0.80972679	0.58695971	-0.11332269	0.09162254	0.0046447374	0.4665088	0.8425954	0.7694	0.47594285	0.4454845	0.71393671	-0.20350823	-0.44844834	0.36889782	-0.02995269	-0.059064342	-0.17251797	0.43501618	-0.13670801	0.16638295	0.096098835	0.51438915	0.25431517	-0.10842107	0.37685743	0.036096976	0.10259566	-0.25072863	-0.14475594	-0.046174998	0.16158117	-0.032997389	-0.20496209	0.31888551	0.067448694	0.15654104	-0.17015382	-0.24045846	0.11810512	-0.0072612443	0.076291182	-0.27378546	0.072503005
