0	0.11354178	0.19907807	0.22752221	0.77456717	0.48797442	0.43263595	0.36843341	0.49421423	0.41329208	0.29983566	0.38305892	0.3652656	0.21359843	0.79156534	0.51071613	0.32651793	0.19709143	0.16802615	0.29217396	0.16465667	0.25471422	0.27305811	0.5321709	0.66002042	0.39740127	0.32101392	0.19268299	0.20546251	0.50013663	0.32034502	0.33747532	0.21367427	0.25718219	0.08433387	0.35793721	0.54587177	0.35816134	0.20921036	0.30585898	0.25345304	0.23340635	0.026551623	0.24193745	0.15178642	0.4559138	0.3889834	0.39646925	0.054406053	-0.043610076	-0.046447938	0.42385887	0.68457751	0.53655513	0.69877761	0.41218169	0.090211443	0.21976419	0.14700329	0.20335471	0.11687201	0.3667591	0.51495256	0.43981026	0.36554403	0.51641724	0.27310352	0.16834824	0.31285222	0.0012175207	0.28860228	0.52853934	0.19423306	0.20069802	0.75009925	0.14112518	0.17572266	0.22947665	0.82630339	0.40387514	0.46772429	0.14752583	0.48956297	0.31101379	0.24456459	0.34437991	0.15784298	0.32303195	0.75614456	0.44630577	0.32648234	0.40720874	0.18453315	0.25767478	0.13892656	0.2609196	0.28559096	0.44729567	0.66666967	0.37550123	0.36637431	0.22633072	0.2360126	0.42819131	-0.31944353	0.08180233	0.23340596	0.18554801	-0.088469358	0.29966505	0.4522411	0.39071401	0.16603999	0.40007501	0.32454728	0.19668135	0.075177474	0.27755121	0.16254774	0.31137059	0.34317243	0.35712186	0.29606231	-0.16248761	0.086895137	0.34705691	0.82020817	0.4791756	0.59487837	0.36156657	0.12521137	0.22812995	0.23509802	0.18842812	0.17738594	0.60080199	0.13295328	0.39392772	0.31046816	0.36987674	0.22734285	0.1489816	0.14147651	-0.12152335	0.46248229	0.44599127	0.22235982	0.30983923	0.56619463	0.27613075	0.51030257	0.18711488	-0.19332924	0.12803742	-0.22559495	0.42823133	0.39210302	0.56623155	0.31147545	0.53844102	0.32548968	0.23492293	0.061608504	-0.1502068	0.18535234	0.25352856	0.44719639
0.11354178	0	0.33669279	0.087359209	0.28182722	0.24605331	0.21759801	0.31942539	0.34921898	0.47261035	0.33755583	0.097750981	0.25716265	0.26801876	0.34182764	0.37297875	0.26056873	-0.23423907	0.84242002	0.53078129	0.93512434	0.51134226	0.45249189	0.22518649	0.47828985	0.17264072	0.51348306	0.27390023	0.22836719	0.57193425	0.20600599	0.29104733	0.26352787	0.37152315	0.29681134	0.37493616	0.6205073	0.43898266	-0.066517377	0.068475234	0.14280669	0.90397715	0.24958979	0.318588	0.11161425	0.39368368	0.0019108532	0.36208053	-0.20890974	0.50991785	0.7410844	0.31788678	0.46913472	0.39951039	0.035321462	0.65737394	0.96765614	0.69997129	0.5241538	0.69680837	0.60700109	0.07552269	-0.068174401	0.20054036	0.27125518	0.27145105	0.26217746	-0.040226153	0.37445869	0.37051124	0.53406811	0.41595076	0.40514494	0.23038934	0.3320801	0.93626765	0.27361192	0.10402192	0.33659589	0.13637586	0.091587174	0.093944843	0.4368091	0.43717746	0.42358108	0.089909817	0.17375208	0.16041014	0.35537007	0.40189947	0.30263585	-0.11079545	0.79915452	0.63737585	0.93565293	0.48209655	0.57364921	0.17649764	0.40387549	0.24572821	0.53153276	0.2772206	0.23426434	0.56579815	0.21588653	0.18679402	0.21757565	0.36683208	0.11850037	0.16394262	0.58162139	0.51227723	0.012420404	-0.0095603266	0.2783886	0.91528826	0.3560561	0.46334037	0.15296048	0.40359941	-0.1921232	0.24480762	-0.17381637	0.093850992	0.87976394	0.38632867	0.31835885	0.50277882	0.21185379	0.55116523	0.93065071	0.80908459	0.53550906	0.55260609	0.70033705	0.18108744	0.053678833	0.35210462	0.26212289	0.20649444	0.25782372	0.18515019	0.19128318	0.38808614	0.48731614	0.61489046	0.41990374	0.31821347	0.62015235	0.13372686	0.24716042	-0.087219088	-0.31693221	0.27054247	0.023354817	0.19885265	0.19036235	0.60949957	0.24740324	0.15936458	-0.032367315	-0.050797688	0.34882096	-0.028167639	-0.042516118	0.32985836	0.42536125
0.19907807	0.33669279	0	0.7112988	0.41893148	0.46854391	0.6415567	0.7925894	0.43590644	0.67341105	0.70768117	0.55061061	0.38548455	0.31413378	0.47678067	0.64130395	0.7491405	0.13687493	0.42277576	0.67301826	0.45259449	0.69327	0.53956494	0.16222854	0.41219204	0.63831304	0.65301095	0.81406094	0.78362239	0.69792288	0.17327635	0.47869589	0.66954562	0.46933096	0.34328135	0.7317582	0.33813898	0.32425823	0.21482232	0.1121075	0.81137835	0.25780833	0.11916424	0.68629179	0.80649508	0.80092853	0.34005865	0.73602653	0.30665581	0.17520647	0.3082837	0.29722338	0.42859835	0.46350378	0.11637498	0.46373427	0.25633818	0.4840913	0.60100388	0.3187456	0.51311393	0.097610558	-0.034082479	0.2951436	0.68431149	0.587188	0.67699186	0.20055218	0.62894558	0.17359147	0.40901722	0.21213843	0.28427507	0.68859447	0.31204982	0.30436409	0.96655081	0.71274791	0.40269125	0.37158845	0.54867333	0.72413774	0.52686069	0.57286269	0.6992814	0.61887629	-0.0043274773	0.31432365	0.38004297	0.69128686	0.76712705	0.37484739	0.40592526	0.62935115	0.4860777	0.68327994	0.63587008	0.19849372	0.32532065	0.70928606	0.73134212	0.78184176	0.83241508	0.67098669	0.09880759	0.32009932	0.72328234	0.48311535	0.13887782	0.71092272	0.57705205	0.32595314	0.14048522	0.052383763	0.83458967	0.23074089	0.1559731	0.69767712	0.82393593	0.85417633	0.18614727	0.67235458	0.43714971	-0.23283382	0.42933929	0.37835172	0.38641249	0.49677335	0.39363528	0.49396233	0.19687799	0.50885371	0.60521632	0.49955072	0.56798949	0.11209208	0.29415303	0.44785071	0.67493317	0.4889411	0.69762126	0.41201688	0.66717314	0.027893611	0.46021817	0.40029865	0.46722967	0.71458978	0.57616398	0.68187154	0.35119396	0.20764787	-0.060588495	0.47829134	0.12027158	0.2500683	0.65961636	0.65628475	0.80902174	0.47089932	0.4183995	0.25757588	0.3834831	0.087774953	0.16228945	0.76915323	0.5707047
0.22752221	0.087359209	0.7112988	0	0.51284384	0.67100274	0.76329374	0.79720657	0.51058785	0.69001797	0.62062048	0.74848439	0.47957884	0.33833323	0.48044522	0.72183702	0.87845676	0.40444781	0.15759913	0.51244412	0.21925674	0.6428796	0.58702997	0.25932607	0.38216065	0.59267212	0.42773381	0.79573628	0.85897527	0.58156747	0.24790924	0.61296696	0.67874201	0.37893928	0.24756115	0.68536764	0.16366802	0.27491838	0.45546859	0.32733111	0.86410615	0.063829535	-0.049377958	0.67091657	0.91307612	0.69224114	0.55026193	0.67364388	0.62934553	-0.051532424	0.14272581	0.33887792	0.45056169	0.56714566	0.19338726	0.30374139	0.0041151123	0.29668101	0.40039138	0.074735013	0.40423887	0.17399878	0.15609783	0.36687482	0.6941611	0.67871999	0.64109761	0.27921866	0.67106006	0.18313379	0.40194375	0.1833773	0.20100634	0.70523403	0.27346251	0.047959486	0.74402193	0.97879969	0.4705857	0.61202087	0.72078715	0.82971813	0.56685046	0.67451181	0.61975141	0.79042684	0.067929823	0.43349811	0.33787663	0.69884819	0.80170112	0.61559868	0.16789257	0.4518914	0.25002502	0.60536567	0.54542345	0.29793438	0.32506829	0.62792576	0.53463655	0.79499369	0.88304512	0.55380206	0.0092413897	0.4608632	0.78824309	0.41967441	0.14565414	0.79566428	0.38239701	0.2933598	0.34068898	0.28929067	0.84499425	0.027398286	0.14697738	0.65118933	0.88439793	0.71028745	0.52729723	0.65009721	0.7422362	-0.24632213	0.22388443	0.36695878	0.40910132	0.49486968	0.35303033	0.31541391	-0.064300143	0.26632324	0.40313287	0.23532344	0.44451576	0.15935644	0.31705163	0.46407394	0.70154814	0.63286974	0.65720323	0.49298197	0.56817935	-0.086399068	0.48041339	0.29110273	0.38386171	0.74743882	0.47687593	0.805435	0.57821979	0.47809774	0.13165612	0.56021241	0.1122187	0.3444307	0.54971837	0.54573316	0.72951367	0.60024543	0.68307336	0.38876004	0.43909338	0.11899875	0.39907429	0.67892405	0.46666099
0.77456717	0.28182722	0.41893148	0.51284384	0	0.76465623	0.61961008	0.62137504	0.76783188	0.67050117	0.49521056	0.51407116	0.47929519	0.2989605	0.80626081	0.7557198	0.53913284	0.16048605	0.28311606	0.49522199	0.34290029	0.48255825	0.49079094	0.54854341	0.79815809	0.48339537	0.51277494	0.50109601	0.51135052	0.72368923	0.43897937	0.58785715	0.42889778	0.34026824	0.18368719	0.54095582	0.57683094	0.49919516	0.21449297	0.37292385	0.49683681	0.34531099	0.047778995	0.44829773	0.42850647	0.58984051	0.48843976	0.5469807	0.1477823	-0.010708366	0.13872504	0.34941041	0.77369851	0.70290735	0.59388931	0.55555861	0.25376119	0.40417803	0.32092629	0.24515916	0.30611744	0.37475248	0.5065485	0.45039289	0.55684702	0.73314818	0.5426226	0.093355677	0.48008551	0.25612718	0.59381894	0.6042893	0.28354508	0.41002092	0.75972849	0.30765377	0.38542175	0.51782664	0.88938688	0.69389816	0.58683725	0.42625625	0.73601898	0.53134768	0.45371597	0.47990262	0.18945555	0.33552752	0.72680972	0.68307521	0.55390123	0.39337843	0.33159135	0.4583029	0.33132294	0.47505052	0.45110306	0.47948051	0.70069013	0.52155439	0.59979495	0.54079046	0.5452069	0.60426536	-0.16913035	0.35253862	0.48102414	0.33163007	0.0049379412	0.51535161	0.61766434	0.54437519	0.1695412	0.36608125	0.60558208	0.31971793	0.17418034	0.48839371	0.45021055	0.48195416	0.34589739	0.52135269	0.37740346	-0.25300037	0.2958113	0.33681663	0.79027661	0.59295306	0.49153639	0.4839807	0.26907616	0.38611773	0.40378316	0.26002959	0.41688841	0.47810351	0.22340524	0.49030979	0.48420742	0.59871891	0.5082643	0.24568143	0.36632176	-0.03172612	0.70975018	0.60275624	0.34175156	0.53406469	0.66544511	0.52200077	0.67861244	0.23223442	-0.12456513	0.44203278	-0.09516249	0.5095145	0.58215749	0.73440911	0.49612837	0.66858408	0.4298438	0.21718323	0.27396108	-0.1051349	0.25626527	0.46731101	0.57939395
0.48797442	0.24605331	0.46854391	0.67100274	0.76465623	0	0.87987258	0.80336558	0.78202012	0.7689274	0.43143576	0.74038041	0.67004018	0.52257882	0.69430002	0.82181367	0.7046248	0.52109076	0.27603373	0.3894629	0.34966434	0.45314115	0.66521847	0.5492065	0.65016752	0.50149018	0.412346	0.47124572	0.62733209	0.69604952	0.50050346	0.82618152	0.66704014	0.52559959	0.39930666	0.73493509	0.41927862	0.52946863	0.49375948	0.49991201	0.66347793	0.26539847	0.11648181	0.46720136	0.53124447	0.6364639	0.69269734	0.72545284	0.39850584	0.023942301	0.090333222	0.39157861	0.72996846	0.74158372	0.46395059	0.38599306	0.16918756	0.2734319	0.30487708	0.24519985	0.25663865	0.35444981	0.33609606	0.39162858	0.56286301	0.90527436	0.45653498	0.23229777	0.65871519	0.42828685	0.64629347	0.43973213	0.40204086	0.65706721	0.50145318	0.28010711	0.43991645	0.64187704	0.66638521	0.9377833	0.82819667	0.67845234	0.7832879	0.63491999	0.37833066	0.71749801	0.38494982	0.57400559	0.5693394	0.80303087	0.71859803	0.60972432	0.32278309	0.32096235	0.32675004	0.38795599	0.53786979	0.5856617	0.61729968	0.53086282	0.5087135	0.55295776	0.65273393	0.64437587	0.0096409708	0.54840887	0.71729419	0.56150956	0.23998745	0.72015957	0.51053691	0.59300833	0.48422894	0.48229798	0.70427929	0.22929571	0.37694666	0.46631575	0.55125483	0.55603139	0.59462166	0.70752618	0.61249579	-0.17427294	0.22098619	0.4342333	0.70183459	0.62225889	0.54214566	0.38083224	0.15847136	0.26345381	0.34102921	0.24981645	0.36718486	0.39736849	0.3560914	0.5090592	0.50709161	0.84172096	0.46495905	0.34965565	0.39345082	0.15661095	0.75285692	0.55558587	0.56686983	0.738178	0.62081284	0.769304	0.80782705	0.56049269	0.068691658	0.63580816	0.12252375	0.54543231	0.67982035	0.69584729	0.68952601	0.77251877	0.66973268	0.36178843	0.4766997	0.10961219	0.42741604	0.70444263	0.6864167
0.43263595	0.21759801	0.6415567	0.76329374	0.61961008	0.87987258	0	0.89059955	0.61553331	0.73776619	0.47882406	0.84205944	0.58069295	0.46683398	0.70942781	0.76786928	0.85169645	0.61965631	0.26106975	0.45062536	0.3314382	0.4825341	0.63594338	0.42583718	0.516514	0.67045732	0.5024398	0.59126515	0.73715179	0.6816249	0.33995141	0.75768254	0.75581867	0.51390015	0.43019484	0.82079101	0.38967428	0.3750452	0.48615585	0.39554746	0.79324302	0.2546647	0.049205402	0.52741295	0.64562337	0.74625977	0.64768673	0.84482094	0.57592664	0.05340563	0.058870373	0.46957822	0.63905897	0.67331688	0.40258311	0.42542066	0.13289577	0.31829878	0.34987047	0.27768128	0.24918973	0.24371272	0.17278044	0.45291984	0.60749387	0.89656147	0.53682415	0.39931082	0.67028689	0.21666685	0.45175449	0.27317967	0.26437354	0.73810322	0.4003275	0.23003044	0.62563125	0.71458472	0.59212152	0.80219858	0.94517976	0.75716234	0.6966209	0.63720645	0.42943083	0.85616714	0.2056129	0.53096013	0.55627522	0.77205037	0.85903166	0.74429856	0.26724958	0.35927243	0.31534392	0.42936895	0.58254439	0.46976024	0.52610188	0.68040431	0.57665927	0.63260017	0.75439814	0.66625519	0.013118513	0.44973449	0.81728039	0.53854194	0.2325178	0.80689698	0.49534765	0.43484127	0.43312419	0.41513128	0.80879814	0.21268843	0.21167446	0.52115675	0.66363515	0.72024064	0.59193591	0.82704863	0.76410155	-0.19853032	0.19706361	0.49337239	0.66074349	0.61253849	0.63001042	0.44491971	0.10738695	0.30734158	0.35674425	0.27938929	0.36791543	0.36427271	0.44887898	0.5485908	0.57179586	0.82857386	0.55192963	0.43137926	0.51164131	0.0030078533	0.61479379	0.42662352	0.4960838	0.80786731	0.63848234	0.83574481	0.71381409	0.57629753	0.067456449	0.56925063	0.10228178	0.54921136	0.71941382	0.70500992	0.83025189	0.74535975	0.72416937	0.45780715	0.46696678	0.1169928	0.4430974	0.79507619	0.70733511
0.36843341	0.31942539	0.7925894	0.79720657	0.62137504	0.80336558	0.89059955	0	0.73443233	0.83493549	0.57582499	0.78472619	0.65900725	0.56904782	0.7016124	0.85328816	0.88051365	0.37909467	0.40253997	0.5581981	0.4637673	0.60139196	0.72327963	0.46600443	0.62707413	0.76584603	0.62933314	0.75282461	0.84426646	0.79340077	0.39067964	0.80505968	0.8228263	0.67840716	0.56743615	0.91806887	0.49113773	0.59050295	0.40739347	0.39288876	0.85244163	0.31591101	0.22775259	0.60401296	0.74399419	0.81750479	0.5334054	0.92160591	0.42012147	0.20071417	0.17455095	0.44789408	0.64723063	0.66639383	0.39107462	0.49400879	0.22255205	0.39696431	0.54190125	0.38902413	0.36751009	0.32648182	0.14191144	0.39647627	0.67377203	0.86198008	0.71943706	0.35454151	0.78966393	0.37697962	0.63167645	0.42581788	0.48277962	0.80620736	0.49678311	0.34359173	0.77159645	0.75734353	0.59942308	0.72120309	0.84026231	0.86599746	0.78926669	0.7018546	0.54469326	0.83740596	0.31940525	0.5906347	0.6037406	0.89555671	0.91613402	0.61519845	0.42837604	0.50930477	0.45705375	0.54989718	0.67750183	0.48956238	0.59908345	0.79874736	0.72835881	0.76985818	0.8666192	0.77176201	0.12069581	0.5521471	0.87231612	0.68399816	0.30058033	0.87367258	0.65585989	0.60243816	0.42772086	0.38172166	0.90952821	0.27657207	0.37868706	0.59201772	0.76222598	0.82568647	0.42123029	0.88997529	0.64138237	-0.1395405	0.34355961	0.53482744	0.63699294	0.66991943	0.63882183	0.55352379	0.19918423	0.43042874	0.55455309	0.48040472	0.47849085	0.4072775	0.35733901	0.59051263	0.62428431	0.76856324	0.7200364	0.50408915	0.68304858	0.15629111	0.73122873	0.5976907	0.65561509	0.86354704	0.72535843	0.85185598	0.65989204	0.42905078	-0.075561676	0.65605697	0.1535481	0.46167576	0.78067448	0.78822311	0.8751804	0.73249446	0.63269202	0.43727012	0.55316793	0.15068935	0.30773228	0.88950534	0.78520809
0.49421423	0.34921898	0.43590644	0.51058785	0.76783188	0.78202012	0.61553331	0.73443233	0	0.80162605	0.35776297	0.55866683	0.64226886	0.62881685	0.71565151	0.83729099	0.5294858	0.11890323	0.37142283	0.33469943	0.45954469	0.4016005	0.59419766	0.72698569	0.84830986	0.45804687	0.4073365	0.44166516	0.51772744	0.73063884	0.52594575	0.76111437	0.59425573	0.60979264	0.4898864	0.69595586	0.60429462	0.78654699	0.30120479	0.59800484	0.49345148	0.41595027	0.30323578	0.35503816	0.41402428	0.53400572	0.40160456	0.67963003	0.053000175	0.20149433	0.17406296	0.40333005	0.68694488	0.58855011	0.56782028	0.44928298	0.28161818	0.24555018	0.38636816	0.3853358	0.22082049	0.60699511	0.44078583	0.38985072	0.42536401	0.75663746	0.49062773	0.17771036	0.60932534	0.59142322	0.85344277	0.70127785	0.6228724	0.58397833	0.70224288	0.43272508	0.38510621	0.48864548	0.7012551	0.74453845	0.56364715	0.52528615	0.92797747	0.61259582	0.31268233	0.54028243	0.56887214	0.59255976	0.7102027	0.82131798	0.59396839	0.34680949	0.46950091	0.3229476	0.40943586	0.33373009	0.52829815	0.68526275	0.80358673	0.51661784	0.52139732	0.46401439	0.53065765	0.63889772	0.06924946	0.55665886	0.58928406	0.61497166	0.25017991	0.61258035	0.65366492	0.81182641	0.40332668	0.51330641	0.60176539	0.3880626	0.49177072	0.38618647	0.42188675	0.43466235	0.31063504	0.63720414	0.32667511	-0.04861998	0.30301477	0.45108127	0.67667045	0.54825378	0.53525477	0.4299091	0.30074164	0.30438649	0.43894181	0.40462977	0.36743719	0.60836224	0.15887136	0.57262018	0.35559603	0.67455148	0.4501444	0.28868061	0.35215603	0.3241436	0.9041944	0.77673088	0.63001852	0.65574521	0.65699514	0.64442673	0.66155354	0.29320743	-0.092596613	0.64644576	0.18707773	0.36038778	0.63615454	0.72890005	0.553796	0.71395393	0.4563791	0.2490351	0.48384393	0.037615527	0.20833049	0.65191872	0.72521533
0.41329208	0.47261035	0.67341105	0.69001797	0.67050117	0.7689274	0.73776619	0.83493549	0.80162605	0	0.65454977	0.6913928	0.69213232	0.61193868	0.69564984	0.87785143	0.72859452	0.2042635	0.5555111	0.61346505	0.60069267	0.69156551	0.76993841	0.53021753	0.76308609	0.50669871	0.52705567	0.64800446	0.69519108	0.89110125	0.38236456	0.80807761	0.70095471	0.66154455	0.4605014	0.83370696	0.57855027	0.70150931	0.48483407	0.52081892	0.70422565	0.4762485	0.24245234	0.66781638	0.66024907	0.81047851	0.52258655	0.78005551	0.25864755	0.24772113	0.25231612	0.49500371	0.75642158	0.76677769	0.39854708	0.48307413	0.40217948	0.42897268	0.50954917	0.43661749	0.53837087	0.47291381	0.2139324	0.35618758	0.74676024	0.78377164	0.54804861	0.15950972	0.76002386	0.51372073	0.80802371	0.53433839	0.60752793	0.7106303	0.47780661	0.45420091	0.65820293	0.67745083	0.64601228	0.66200176	0.64604572	0.67882206	0.83281936	0.83577746	0.61600835	0.658529	0.38964443	0.59180898	0.56379116	0.84819513	0.70914535	0.37269625	0.60546168	0.56272836	0.5673247	0.63315417	0.70104577	0.50875355	0.63629395	0.55130898	0.63743659	0.6825918	0.72110482	0.82598965	0.17378356	0.57834366	0.73331551	0.66764189	0.26415583	0.70783221	0.62502034	0.70291997	0.43847783	0.35699494	0.77843109	0.43160173	0.46261849	0.67339318	0.67684064	0.73255544	0.36467287	0.68575333	0.42693678	-0.09443842	0.43443851	0.48762338	0.64569581	0.72079506	0.49552852	0.43276759	0.3785507	0.48361592	0.54972053	0.50828318	0.59201952	0.36975287	0.31799228	0.56494642	0.69781885	0.71598947	0.55074442	0.33270838	0.42768399	0.27301902	0.81468521	0.67586813	0.7058453	0.76491547	0.74215091	0.7528095	0.69719121	0.34552056	-0.16696197	0.65434288	0.10564224	0.45054843	0.70621277	0.81322268	0.73343555	0.68720374	0.53513199	0.27654523	0.58605584	0.14939109	0.23177773	0.76533053	0.73498842
0.29983566	0.33755583	0.70768117	0.62062048	0.49521056	0.43143576	0.47882406	0.57582499	0.35776297	0.65454977	0	0.51556006	0.43397261	0.28488025	0.46478611	0.61815074	0.59684564	0.023391335	0.42579401	0.88115924	0.39963108	0.91544976	0.48215863	0.11654266	0.41313128	0.46810593	0.55770365	0.71770193	0.65385817	0.65545182	0.10737595	0.43883111	0.53049837	0.36550045	0.07476187	0.60930639	0.30291834	0.30410492	0.43010445	0.1799755	0.73536296	0.2560703	0.030098926	0.93629558	0.73439125	0.71217274	0.45766522	0.52922755	0.33241414	0.019664918	0.24682112	0.30562695	0.58052582	0.5237086	0.16038051	0.43765607	0.30028541	0.55730417	0.62165532	0.26668551	0.68962147	0.12978212	0.13753921	0.28129317	0.87853688	0.47532085	0.59854127	0.039130577	0.63992813	0.16638136	0.38871275	0.29780859	0.26655078	0.58768831	0.26057051	0.22625931	0.74508145	0.66489508	0.43269301	0.29368034	0.41704013	0.60933203	0.41802183	0.55081761	0.95771155	0.50897561	-0.060575232	0.32060688	0.31826018	0.58840172	0.54814432	0.25732447	0.41689818	0.80346524	0.46259449	0.92253744	0.52824974	0.12220302	0.28954097	0.54074038	0.67814394	0.78120333	0.72914154	0.61381551	-0.021977817	0.33240015	0.57550002	0.36456743	-0.010078864	0.57755604	0.53316497	0.26214297	0.19091217	0.030533715	0.74427739	0.20732606	0.14209606	0.90633757	0.77100092	0.72752472	0.27734159	0.43451244	0.3728193	-0.14610816	0.41818811	0.32340728	0.43201073	0.46794075	0.3130382	0.41273822	0.25296147	0.50856508	0.65216877	0.4349049	0.61604927	0.0053999897	0.11389136	0.35430748	0.8775878	0.40075867	0.6412508	0.4304273	0.47316487	-0.012218251	0.38411673	0.38425162	0.42821131	0.59724826	0.57358829	0.54989548	0.46599147	0.17747523	-0.23887654	0.32358003	-0.11359887	0.26708128	0.47607095	0.60294754	0.58826576	0.41897965	0.35470584	0.12163095	0.26112186	-0.023058422	0.2094497	0.51719432	0.34362769
0.38305892	0.097750981	0.55061061	0.74848439	0.51407116	0.74038041	0.84205944	0.78472619	0.55866683	0.6913928	0.51556006	0	0.68864256	0.64952689	0.66273721	0.7969314	0.73487449	0.59154429	0.17567743	0.37402327	0.22926693	0.50451668	0.61644208	0.51238388	0.45476267	0.60596251	0.29456382	0.5838612	0.78828202	0.5543234	0.35797995	0.71876094	0.74128292	0.54332718	0.37595707	0.81357593	0.30437274	0.39610998	0.73855057	0.64684736	0.78886744	0.14713196	0.04048867	0.5759812	0.69193086	0.63784731	0.74058235	0.72154508	0.71373962	0.081531305	-0.0070850462	0.66753892	0.5727907	0.61055772	0.43437222	0.2861186	-0.0034018516	0.15858325	0.33280374	0.22190091	0.25939678	0.4205362	0.24870334	0.49812381	0.60195351	0.70013059	0.50302173	0.5980124	0.79624409	0.2906863	0.40699592	0.24526778	0.35413007	0.77624489	0.29151506	0.082913673	0.61114981	0.70655559	0.47874042	0.66325387	0.84680463	0.74812056	0.59302106	0.61768386	0.46044821	0.91617633	0.29610728	0.68025044	0.49650137	0.73554455	0.72277987	0.76457774	0.16802879	0.28259745	0.21236444	0.46535542	0.55527068	0.52549241	0.47158875	0.58897433	0.42891902	0.61082154	0.74512797	0.55382254	0.054280989	0.52837451	0.80711478	0.53565585	0.24017917	0.79294324	0.38024923	0.38494658	0.63394188	0.60004241	0.74935873	0.093648221	0.24176528	0.54915511	0.68516331	0.62147383	0.76344947	0.68261047	0.82788148	-0.14011631	0.10250679	0.61739722	0.57571969	0.52332779	0.57256217	0.31401448	-0.042961424	0.15641298	0.31367594	0.2370774	0.30416057	0.39679717	0.36921229	0.59774951	0.59763585	0.68025393	0.50199628	0.57557655	0.42951892	0.093587303	0.5069442	0.35356858	0.48946141	0.78274192	0.48718581	0.77917562	0.65200056	0.57712965	-0.0084264255	0.55229713	0.18707154	0.38462717	0.62023014	0.55353253	0.70364014	0.6811454	0.69164419	0.35234098	0.50618692	0.17665344	0.44813841	0.68350065	0.54318765
0.3652656	0.25716265	0.38548455	0.47957884	0.47929519	0.67004018	0.58069295	0.65900725	0.64226886	0.69213232	0.43397261	0.68864256	0	0.84361377	0.56707914	0.78926952	0.51857647	0.28696673	0.38011939	0.30740736	0.39253739	0.46613255	0.64524206	0.62193418	0.61869243	0.39094876	0.23746874	0.40453193	0.52567829	0.60487472	0.51666027	0.69096486	0.61313304	0.76323632	0.50586632	0.73735284	0.46725269	0.74727807	0.68157051	0.62100665	0.51081879	0.26672085	0.38072591	0.46789286	0.43519356	0.53426807	0.63687351	0.61763309	0.19966073	0.25105773	0.096374239	0.52423141	0.72711293	0.59519892	0.43374749	0.2346019	0.16789065	0.11733897	0.31978409	0.3196459	0.32102175	0.61565117	0.16821235	0.23287754	0.52552939	0.58751463	0.37180385	0.24263277	0.79092881	0.61255314	0.68459946	0.51653431	0.75882303	0.61149759	0.37309048	0.28135348	0.39948422	0.47385524	0.43793103	0.55803389	0.57175548	0.58852209	0.59623675	0.54954914	0.36491188	0.60370071	0.59513053	0.76113613	0.47771004	0.77584427	0.53074897	0.40990208	0.43148454	0.26041042	0.34303955	0.39310202	0.50543776	0.57304046	0.56027357	0.38768993	0.37762263	0.48617651	0.54074165	0.58759677	0.13126182	0.5116939	0.60972672	0.73108999	0.35850395	0.59720534	0.46335315	0.68229198	0.66230972	0.49139738	0.54885758	0.20714982	0.63144949	0.43919179	0.45281015	0.492218	0.51005064	0.53557795	0.40078368	0.10295908	0.21171669	0.51807816	0.5960358	0.55706254	0.49997458	0.25959335	0.18036246	0.20805704	0.34992093	0.35839956	0.30917412	0.40606867	0.20906801	0.37365225	0.48510731	0.48719492	0.37363425	0.3513253	0.30776203	0.46346343	0.64820156	0.6108505	0.76749638	0.62139279	0.53801177	0.55990143	0.58297754	0.31795076	-0.19518641	0.53717171	0.12285825	0.31961265	0.57295561	0.58545303	0.50938609	0.55591922	0.41840051	0.29591869	0.51173004	0.24828065	0.17289966	0.56299881	0.57848425
0.21359843	0.26801876	0.31413378	0.33833323	0.2989605	0.52257882	0.46683398	0.56904782	0.62881685	0.61193868	0.28488025	0.64952689	0.84361377	0	0.47732596	0.72785153	0.34391667	0.19534439	0.33449659	0.15878828	0.37828064	0.32910595	0.55140727	0.70794252	0.56880533	0.27688487	0.1204112	0.25801976	0.4526864	0.45120792	0.43774249	0.6068931	0.61943302	0.80602726	0.61529597	0.7089632	0.48039303	0.77716662	0.60340064	0.70049926	0.3880493	0.29646362	0.5336278	0.32780225	0.31327408	0.35140275	0.42384225	0.56017201	0.11011031	0.36461105	0.11063142	0.56875726	0.56681825	0.35045143	0.38813913	0.17856596	0.17998785	0.030771606	0.27895512	0.38015965	0.17281077	0.71275499	0.21735361	0.30188774	0.3107591	0.43188048	0.25090597	0.36221991	0.72533237	0.67200894	0.64196129	0.55561695	0.82920073	0.60558147	0.29344076	0.32087133	0.32893705	0.33168382	0.25752527	0.48347376	0.44433154	0.48965204	0.55856899	0.44043875	0.21586068	0.52517549	0.66821897	0.75780584	0.44210716	0.685989	0.41546834	0.33070025	0.39541007	0.13004458	0.30905496	0.23728697	0.42123043	0.6150971	0.54143475	0.28949395	0.25487137	0.3271917	0.4188256	0.45190655	0.23296981	0.57199757	0.55614874	0.78224978	0.4586412	0.52092379	0.41332883	0.6929006	0.60928574	0.50144801	0.41016558	0.25153275	0.66546354	0.30365431	0.32744324	0.32584494	0.37524204	0.46568521	0.27692781	0.11617779	0.17508107	0.49916012	0.4308557	0.37597575	0.41960857	0.22705664	0.19707503	0.13683397	0.25956225	0.31096981	0.21724849	0.47287399	0.14224899	0.40552212	0.28545885	0.42513195	0.24591392	0.30067308	0.21980307	0.56750656	0.5889609	0.58410016	0.75458813	0.56922808	0.39514198	0.4819574	0.45387636	0.22006592	-0.18267048	0.52123611	0.26309358	0.1527852	0.4625566	0.45246948	0.41095002	0.48138444	0.29704031	0.168278	0.54862866	0.23595756	0.15729131	0.51126433	0.51721087
0.79156534	0.34182764	0.47678067	0.48044522	0.80626081	0.69430002	0.70942781	0.7016124	0.71565151	0.69564984	0.46478611	0.66273721	0.56707914	0.47732596	0	0.76093673	0.60918001	0.30197198	0.40322962	0.49133935	0.43964637	0.43594044	0.52274551	0.67867722	0.82368813	0.67851825	0.54410719	0.48253862	0.53263949	0.75933886	0.44092468	0.63300884	0.547983	0.52340999	0.37848644	0.69216295	0.74718791	0.58585075	0.34927198	0.50429364	0.5295666	0.42249222	0.16529694	0.40834895	0.39662577	0.6622828	0.5303833	0.72817494	0.24957793	0.15950852	0.093482316	0.69053021	0.78082879	0.72178337	0.77954999	0.64114041	0.27281639	0.40338657	0.4554703	0.4893352	0.22565539	0.49880177	0.43506463	0.60392047	0.50338213	0.73367934	0.54983616	0.44010333	0.63977119	0.23587925	0.53997203	0.62569634	0.40208067	0.54289566	0.72485791	0.38727405	0.45493788	0.46256184	0.82168102	0.58210711	0.71859435	0.46404498	0.72911766	0.53798962	0.41326154	0.65242616	0.34011454	0.57752134	0.87757314	0.76091475	0.65754072	0.59735817	0.42865425	0.44478957	0.40304376	0.415792	0.56298852	0.59740205	0.81743749	0.65714791	0.6257982	0.50373148	0.55814675	0.70299822	-0.10505327	0.34900073	0.57157011	0.48733769	0.1347434	0.62508657	0.67652492	0.61813572	0.39298168	0.55261966	0.62002017	0.38772732	0.30419963	0.44673118	0.41558574	0.57269422	0.44874633	0.67398593	0.51979874	-0.079645358	0.2662888	0.61646367	0.88924941	0.67121317	0.78577017	0.5851365	0.29348123	0.41478797	0.49415031	0.44352881	0.36729132	0.68307867	0.22331204	0.61184913	0.43986972	0.60036698	0.50509865	0.44645054	0.45627141	0.095847535	0.69101496	0.681111	0.52394902	0.65308249	0.77219676	0.57426362	0.63878571	0.28202095	-0.227453	0.39620153	0.01938539	0.43605814	0.62997591	0.81244097	0.62017786	0.67712268	0.43410086	0.28416807	0.3170028	-0.025573866	0.1890166	0.5973217	0.71505937
0.51071613	0.37297875	0.64130395	0.72183702	0.7557198	0.82181367	0.76786928	0.85328816	0.83729099	0.87785143	0.61815074	0.7969314	0.78926952	0.72785153	0.76093673	0	0.69526325	0.23565193	0.4287988	0.52251771	0.48781915	0.65256869	0.72615634	0.68983296	0.80135659	0.53744174	0.46048034	0.6606722	0.77757319	0.77489378	0.4717509	0.78435269	0.73482133	0.7007909	0.44970693	0.85124484	0.58801223	0.73910288	0.55482526	0.6202428	0.732323	0.3953628	0.27787407	0.63585456	0.70222115	0.70619017	0.58710646	0.75636845	0.30498211	0.23807856	0.22741635	0.55779512	0.79438429	0.70802002	0.49120678	0.48007157	0.27167055	0.33472516	0.49484066	0.37726207	0.43927078	0.57271464	0.36050545	0.46509873	0.67106037	0.75439401	0.59805689	0.26373974	0.85217352	0.53992678	0.74497208	0.65203019	0.63740287	0.7381966	0.55407034	0.38117105	0.638231	0.71804538	0.68168911	0.73863364	0.71495299	0.7496819	0.8079248	0.70000527	0.57901364	0.7279479	0.43829397	0.6640242	0.65093988	0.91555003	0.71248014	0.49590951	0.47683151	0.47641445	0.46297956	0.59669833	0.63443271	0.62200959	0.68688533	0.58119696	0.60250166	0.70272705	0.77597973	0.69212883	0.099523587	0.63098235	0.76403559	0.69779765	0.28893115	0.75813785	0.6535059	0.70456719	0.48414938	0.46515403	0.78616546	0.35392076	0.4986201	0.64994987	0.7067907	0.6547484	0.48650553	0.67793362	0.51416625	-0.088620814	0.38644436	0.5247541	0.69714211	0.62404784	0.50443992	0.43935677	0.26898388	0.36452764	0.52207111	0.41992315	0.49370013	0.46779879	0.27495672	0.61614091	0.61910524	0.68414799	0.58977855	0.43099219	0.47842907	0.28730066	0.76486288	0.70094984	0.69292487	0.79573681	0.7000582	0.74779324	0.74254327	0.37011058	-0.18822658	0.6583347	0.10966507	0.44180203	0.70296923	0.78904416	0.69781189	0.75156878	0.57086625	0.31950112	0.57973865	0.18469398	0.29421873	0.72815532	0.70578624
0.32651793	0.26056873	0.7491405	0.87845676	0.53913284	0.7046248	0.85169645	0.88051365	0.5294858	0.72859452	0.59684564	0.73487449	0.51857647	0.34391667	0.60918001	0.69526325	0	0.48193008	0.31806068	0.59299056	0.38718214	0.63162097	0.64932415	0.24540666	0.4466714	0.78085737	0.61863977	0.77741614	0.80952268	0.72232688	0.25427921	0.67021465	0.75536143	0.49756374	0.42801101	0.78905948	0.34691688	0.33877472	0.36603606	0.23692326	0.85275899	0.24916061	0.073502748	0.63346099	0.76413209	0.81141127	0.53171607	0.85227167	0.58240384	0.023419984	0.20527106	0.42558358	0.53620306	0.64303926	0.27340313	0.47511164	0.18405921	0.4485247	0.50305689	0.29065287	0.42578512	0.11587707	0.071014159	0.39951829	0.70441121	0.79171563	0.71902658	0.36125522	0.66930071	0.15800342	0.45263253	0.22059574	0.25550335	0.74877567	0.38162207	0.23132389	0.74986015	0.83899783	0.54564273	0.59579665	0.81162518	0.78951391	0.64118596	0.6899966	0.58995969	0.81198252	0.067396603	0.42682625	0.4614078	0.72939714	0.92729274	0.65957323	0.30409437	0.54044913	0.40817209	0.59402556	0.63859054	0.27612657	0.41748855	0.79198567	0.68699755	0.76400854	0.83756824	0.70876764	0.042075887	0.37783945	0.82170028	0.49755784	0.16924693	0.82046922	0.53677057	0.36279394	0.30870603	0.25531588	0.88101949	0.21402	0.15417594	0.63170848	0.76247535	0.83277187	0.43146963	0.82528863	0.72089459	-0.21008931	0.32969065	0.4729237	0.52482379	0.63190268	0.55475776	0.51392921	0.11862212	0.44692192	0.50250751	0.38036491	0.49202684	0.239896	0.35880413	0.51142281	0.68306356	0.7005566	0.72619337	0.5372112	0.65745682	-0.070498806	0.56873795	0.38074799	0.45847106	0.80437509	0.64938194	0.82598667	0.58727036	0.4721889	0.064619842	0.5291033	0.066949485	0.40915009	0.66247765	0.70404642	0.82743269	0.60104666	0.62432912	0.4725093	0.44440155	0.0031276304	0.34377253	0.79466074	0.64753396
0.19709143	-0.23423907	0.13687493	0.40444781	0.16048605	0.52109076	0.61965631	0.37909467	0.11890323	0.2042635	0.023391335	0.59154429	0.28696673	0.19534439	0.30197198	0.23565193	0.48193008	0	-0.12117273	-0.0014493793	-0.13255772	-0.017559638	0.24738201	0.15588729	-0.026975988	0.37708175	0.063782334	0.088281636	0.30089787	0.15222464	0.13413997	0.40956009	0.34758073	0.12727508	0.19766314	0.32570619	-0.062572316	-0.074792913	0.49446926	0.25701587	0.37706598	-0.17814642	-0.14226614	0.087776277	0.23135827	0.29223251	0.60266701	0.38091458	0.6855494	-0.10876145	-0.27256656	0.35623081	0.19491909	0.34129204	0.21096147	-0.022657979	-0.27109647	-0.066668335	-0.006006316	-0.021545295	-0.14716347	-0.013205297	0.13491142	0.30868491	0.18163236	0.47379957	0.098992404	0.52274066	0.31462305	-0.07894891	-0.02630488	-0.17079375	-0.072979887	0.35166136	0.022197447	-0.2124805	0.15659581	0.33733183	0.16279096	0.49250654	0.65580034	0.37850161	0.2132427	0.21625411	-0.028059501	0.59217452	0.10066393	0.35293046	0.17997306	0.27375487	0.43178679	0.77211262	-0.14378304	-0.096624889	-0.15007478	-0.05531804	0.18794742	0.26684266	0.12369966	0.31036038	0.074770401	0.13896443	0.29739681	0.22336225	0.025054297	0.11990264	0.3967601	0.12943778	0.17699454	0.44742442	-0.032174174	-0.017634756	0.48792622	0.45314179	0.29772866	-0.21511995	0.00017822908	0.027688262	0.22340436	0.27796493	0.68852266	0.43201879	0.73236119	-0.12656487	-0.27171364	0.37091628	0.31434807	0.29136605	0.42419982	0.065291627	-0.30617254	-0.12964596	-0.026439066	-0.027086381	-0.11818315	0.17115381	0.3471001	0.29123832	0.1889841	0.55671105	0.10107664	0.37679619	0.20537387	-0.10186835	0.15505155	-0.05738678	0.12341955	0.35782679	0.09780878	0.44927348	0.37088977	0.5190562	0.20396336	0.22284646	0.10315991	0.29664121	0.31072956	0.10126751	0.39095322	0.33394041	0.53392556	0.2911759	0.22924182	0.17228826	0.37408084	0.33004429	0.20791354
0.16802615	0.84242002	0.42277576	0.15759913	0.28311606	0.27603373	0.26106975	0.40253997	0.37142283	0.5555111	0.42579401	0.17567743	0.38011939	0.33449659	0.40322962	0.4287988	0.31806068	-0.12117273	0	0.54671104	0.90648509	0.52221387	0.49016504	0.24183323	0.5465312	0.22693157	0.47001068	0.28087045	0.24662636	0.69006556	0.2444187	0.3752441	0.2589255	0.43149257	0.32493987	0.4696096	0.59623208	0.54189739	0.10628311	0.1088891	0.20656713	0.74117707	0.20004384	0.39069522	0.19637605	0.5514571	0.13177327	0.41703494	-0.18217425	0.51647759	0.48329112	0.34682912	0.54967282	0.49951106	0.12198296	0.51118808	0.81646818	0.54395295	0.65677703	0.68586444	0.58360991	0.13685057	-0.10498162	0.13006741	0.41356593	0.33339043	0.23947832	-0.0099302364	0.50647083	0.38744438	0.60544751	0.36984947	0.51262369	0.24448289	0.31628313	0.83508924	0.35651553	0.16793364	0.35253471	0.14630614	0.13693163	0.17757785	0.48281255	0.52805362	0.457429	0.16300624	0.28306612	0.34516802	0.35818336	0.52185282	0.32545829	-0.050801667	0.95603314	0.59220281	0.85704261	0.46191287	0.59479104	0.21266805	0.47801898	0.26242679	0.52068849	0.31627361	0.30037627	0.72463987	0.25580675	0.19072315	0.23380033	0.43149951	0.1653994	0.24214748	0.54558601	0.60912734	0.21337102	0.068714989	0.31908783	0.72235436	0.49519784	0.46418769	0.23912052	0.51808076	-0.058773529	0.2721309	-0.099592047	0.23997608	0.67679934	0.43890924	0.41679304	0.64893292	0.35936654	0.40808953	0.82654625	0.70070761	0.67313882	0.76849294	0.5913404	0.19192618	0.087349612	0.30785555	0.39643314	0.27693126	0.24663823	0.21949154	0.19034331	0.50362629	0.57563986	0.69160547	0.62181621	0.31902359	0.65435724	0.17108544	0.31403925	-0.040007756	-0.46866106	0.25722499	0.034464266	0.27442521	0.24369964	0.63395737	0.32622173	0.22479926	0.075220016	0.016296804	0.34398547	0.1203754	-0.12031417	0.43448598	0.42196953
0.29217396	0.53078129	0.67301826	0.51244412	0.49522199	0.3894629	0.45062536	0.5581981	0.33469943	0.61346505	0.88115924	0.37402327	0.30740736	0.15878828	0.49133935	0.52251771	0.59299056	-0.0014493793	0.54671104	0	0.55029411	0.82370744	0.43294134	0.060904376	0.41877149	0.54438739	0.82148753	0.7081212	0.5957576	0.71655065	0.088044901	0.38065002	0.44772992	0.3227977	0.14900561	0.54823075	0.45975875	0.28656022	0.1815044	0.032377987	0.60189696	0.41870972	0.10813376	0.74711768	0.580791	0.6768622	0.32279307	0.5518597	0.22887169	0.15339914	0.35651854	0.26473239	0.57641521	0.51983241	0.1264568	0.66469082	0.5205433	0.81661087	0.7512763	0.49386993	0.6309798	-0.0054764768	0.071948749	0.31824252	0.73603594	0.4652377	0.68690147	0.041306709	0.55788274	0.10605101	0.39905659	0.33272895	0.20147789	0.46178189	0.35639469	0.46516944	0.66102311	0.52878821	0.46985574	0.22445036	0.36711631	0.47373832	0.42900672	0.4984226	0.87752107	0.38480532	-0.12837458	0.14097152	0.38896772	0.5315812	0.57974668	0.21296535	0.55925056	0.94665889	0.625847	0.8534085	0.57244153	0.06816762	0.30947994	0.62159795	0.8615573	0.7202277	0.66343271	0.67178524	-0.015809532	0.22021227	0.47667722	0.29159376	0.0013055701	0.48797034	0.6776914	0.27638332	0.02549402	-0.061831061	0.68928022	0.40297245	0.1025848	0.76054638	0.62408195	0.72875431	0.082747857	0.45805862	0.26545321	-0.1335863	0.56068755	0.31137325	0.45606017	0.51215376	0.34888044	0.66211227	0.5029992	0.73830266	0.78623179	0.5594947	0.64746714	0.048291356	0.10141744	0.39911409	0.70578338	0.37268659	0.68753024	0.43740981	0.59961081	-0.035839235	0.40073477	0.47435549	0.34971072	0.52335225	0.67845129	0.41937736	0.38801326	-0.011862645	-0.29417823	0.30502961	-0.14586357	0.27342102	0.44740623	0.69452971	0.53842054	0.31067497	0.1829762	0.051345805	0.21287868	-0.09799646	0.12103252	0.48635238	0.38187601
0.16465667	0.93512434	0.45259449	0.21925674	0.34290029	0.34966434	0.3314382	0.4637673	0.45954469	0.60069267	0.39963108	0.22926693	0.39253739	0.37828064	0.43964637	0.48781915	0.38718214	-0.13255772	0.90648509	0.55029411	0	0.55384257	0.59037968	0.29669674	0.58314757	0.2896544	0.54048138	0.35436376	0.3399075	0.70423369	0.33088552	0.43660086	0.36250503	0.52000511	0.43453506	0.52576051	0.67619626	0.58105615	0.049369396	0.11938712	0.25601635	0.80360793	0.30143723	0.37399795	0.21795112	0.53652938	0.12379214	0.49468355	-0.15285539	0.56299631	0.66975585	0.39505191	0.54177021	0.52191518	0.12052912	0.64249437	0.88386656	0.65479688	0.61987087	0.74670609	0.64875292	0.14284441	-0.069462682	0.19960234	0.38960198	0.39208224	0.33953885	0.044973026	0.50779619	0.46579913	0.65777348	0.45732949	0.54612293	0.34492853	0.39557627	0.91468462	0.39200182	0.22504394	0.41737087	0.22426765	0.19782429	0.230602	0.57105101	0.59253484	0.46979195	0.23041608	0.27203077	0.31767072	0.43401168	0.54989201	0.42001514	-0.001232107	0.88573271	0.64941688	0.9668903	0.51649757	0.70757627	0.26080163	0.52068022	0.35188394	0.59467704	0.36957951	0.35646093	0.72269278	0.2616762	0.28708467	0.34376965	0.51900826	0.20158615	0.32306801	0.66503692	0.65973777	0.14854541	0.077079418	0.38576868	0.80556861	0.48762693	0.49499713	0.25424676	0.52171011	-0.090348738	0.35805427	-0.060199052	0.15952115	0.83171426	0.48612776	0.41509038	0.64157364	0.33743893	0.56397963	0.85704725	0.79813602	0.63031348	0.70112139	0.73930245	0.25059403	0.11380777	0.42225302	0.37364348	0.3194099	0.34386484	0.26645774	0.28912154	0.46748977	0.62437709	0.72148165	0.59471261	0.43268397	0.72510303	0.25028704	0.36449751	0.002340805	-0.35980727	0.41074468	0.13803724	0.27216071	0.3146793	0.70984877	0.38770409	0.28352678	0.09965582	0.039147874	0.45009458	0.081320509	0.012095617	0.4967577	0.54035787
