0	0.43947817	0.18519586	-0.03532863	0.8288632	0.096166166	-0.072649442	-0.029370479	0.34945476	0.23065055	-0.014597751	0.18943662	0.33833366	0.44213674	0.74415366	0.31577187	-0.15575782	0.080987043	0.29388285	0.018013876	0.33184665	0.024053985	0.23286053	0.71156923	0.72082482	0.14715145	0.2305345	0.088306708	0.11161723	0.40551542	-0.099196185	-0.11461891	0.23381903	0.15911103	0.073071179	0.2278472	0.77683832	0.59922741	0.071065041	0.51499993	0.17615367	0.30753786	-0.015003047	-0.027449558	-0.024703248	-0.064279937	0.13858108	-0.019113616	-0.024942779	0.35619774	0.13659345	0.65494826	0.089787936	0.51171063	0.57573023	0.67323825	0.29610074	0.18629346	-0.10697461	0.34077022	0.15608535	0.82859555	0.12744927	0.49167143	0.10450741	-0.20733017	0.030623532	0.48820801	0.14702451	-0.018144615	0.27385522	0.83696976	0.26314868	0.26016782	0.85839064	0.02521586	0.22888748	0.037126086	0.5548976	0.23278713	-0.061089524	0.029024677	0.37538286	0.30320544	-0.048312789	0.29604777	0.47449296	0.004935615	0.80187672	0.19296548	-0.14088153	0.12818815	0.12042761	-0.062377447	0.095431704	-0.085420802	0.16327881	0.59321861	0.81850529	-0.065894032	0.15387076	0.024603745	-0.015261728	0.44210302	-0.062907422	0.025242748	0.15169894	0.14187736	-0.010135916	0.1478932	0.72509364	0.55422288	0.42707149	0.58141254	0.038434466	0.00432427	0.08768766	-0.062206646	-0.025752225	-0.054444373	0.57319866	-0.18394604	-0.0012378064	0.31235716	-0.074039961	0.5080674	0.34879358	0.62334212	0.51989617	0.43562041	0.045767134	0.012995938	-0.03041097	0.031555407	0.13269341	0.82227357	0.14591699	0.41018497	0.21865502	-0.051124781	0.0086816328	0.25644918	-0.06786446	-0.014257063	0.41140717	0.78996013	0.1251214	0.24862515	0.56341008	0.22059423	0.39497773	0.26831218	0.18583562	0.1198326	-0.14645383	0.041310874	0.29910678	0.53243911	0.13018743	0.42809438	0.11650724	0.037900591	0.15288007	-0.19323984	-0.032308185	0.22951799	0.23845345
0.43947817	0	0.098296572	0.22605048	0.51400451	0.31099045	0.33481762	0.31161427	0.29017988	0.43499175	0.42596403	0.40794658	0.41388048	0.34635926	0.55392298	0.40180712	0.013067367	0.070652509	0.76995468	0.45871762	0.66916265	0.46405394	0.22711394	0.46220784	0.38726838	0.34131047	0.32538144	0.30659283	0.36910591	0.41335735	-0.19455713	0.019417467	0.36745416	0.38940375	0.27533773	0.37987855	0.36414898	0.36773528	0.26528226	0.36380837	0.38376656	0.82255434	0.24198784	0.45111401	0.20977463	0.26265194	0.021610414	0.21174437	0.16231537	0.20150355	0.57472769	0.35424546	0.45594371	0.52792301	0.3397848	0.25476786	0.78933859	0.5732481	0.41011782	0.34416533	0.38608596	0.49003253	0.17498378	0.30405461	0.40797671	0.2028101	0.29732046	0.29704353	0.35883369	0.18354695	0.20043555	0.39836163	0.35620465	0.29690007	0.41262107	0.59544729	0.29523609	0.25596852	0.41959055	0.36540774	0.32375859	0.37645562	0.19954362	0.35670448	0.39371455	0.4273138	0.32805497	0.32655005	0.49989927	0.35877086	-0.012552914	0.23634875	0.45577059	0.40343929	0.56055822	0.4028104	0.25352856	0.34196088	0.36408858	0.34387202	0.27463591	0.32418188	0.31130449	0.32466355	-0.087852493	-0.099957553	0.39824796	0.4629741	0.085252356	0.36124331	0.2380528	0.31786622	0.22229544	0.35773026	0.4239596	0.53506192	0.15571406	0.39768766	0.24923963	0.32775653	0.3635024	0.24306757	0.1077088	0.18637768	0.27207891	0.2148075	0.5034966	0.47291601	0.38827437	0.093656824	0.62620142	0.4039486	0.26284106	0.33733821	0.4546569	0.33535525	0.18071344	0.091143888	0.44632967	0.24111588	0.18330845	0.21185531	0.22918982	0.16404615	0.24640475	0.33181382	0.32912304	0.47206422	0.56416915	0.36914117	0.53977076	0.40082817	0.20349298	0.11880098	0.087567534	0.16198394	0.28046259	0.55080157	0.43429466	0.58384429	0.33880334	0.31465892	0.24541161	-0.18657599	0.19484829	0.25954974	0.37215868
0.18519586	0.098296572	0	0.17744495	0.23027839	0.27336208	0.25691171	0.3770237	0.22687068	0.41485657	0.24090242	0.21535156	0.098837091	0.14221538	0.36441391	0.37004388	0.10082091	0.043686621	0.36356026	0.15855079	0.30434189	0.24789445	0.22759489	0.21438033	0.22458893	0.44273592	0.43701837	0.48515913	0.47458449	0.43875756	-0.16924626	-0.0058180671	0.40256607	0.44487296	0.1144298	0.50395926	0.2897104	0.15190286	0.0072533232	0.10090285	0.38153442	0.12249114	0.007481681	0.27230577	0.17672998	0.40331646	-0.0071519827	0.18527653	0.14127229	0.26935634	0.10945956	0.31087202	0.27480571	0.3569405	0.046760401	0.30106176	0.075764616	0.19929309	0.32200895	0.34844087	0.33140681	0.15312139	0.0306762	0.41076088	0.4157007	0.23334805	0.40918424	0.35267903	0.47425621	0.074072548	0.11331501	0.19392402	0.24261969	0.38728904	0.14295868	0.20703651	0.83000737	0.11937545	0.16891134	0.22225671	0.19221999	0.37653076	0.31685741	0.38611565	0.21370171	0.25828913	-0.011927567	-0.0075259522	0.24846293	0.18428413	0.22640456	0.20993885	0.45787646	0.14484845	0.31077286	0.23420015	0.29105619	0.12354678	0.15926804	0.31863936	0.40752925	0.36987795	0.41458143	0.40156573	-0.17311293	0.069234354	0.36825449	0.11277673	-0.14410916	0.29905637	0.22076491	0.005172201	-0.018163502	0.01865512	0.41687406	0.3109131	-0.007799883	0.31096154	0.13955202	0.26537839	0.070255816	0.17229458	0.090953076	0.12299104	0.12187588	0.27682785	0.30041169	0.33591295	0.20119807	0.31691253	0.1345964	0.24780125	0.51056328	0.37123936	0.36698161	0.16002549	0.13046615	0.31661296	0.43178306	0.32778767	0.42669964	0.34046198	0.43045684	0.18305465	0.071992755	0.13549014	0.053017979	0.3689597	0.31877773	0.32077173	0.16789867	0.21661053	0.036323611	0.34025366	0.048875676	0.23525255	-0.039143202	0.35865492	0.3853905	0.23390161	0.31157476	0.11915588	0.24289273	-0.11595492	0.15856212	0.083780034	0.23200566
-0.03532863	0.22605048	0.17744495	0	0.078444191	0.2596371	0.51770987	0.42132585	0.082922144	0.34427998	0.46274142	0.52667071	0.087183621	0.045418797	0.10954268	0.27320524	0.48704226	0.30179836	0.31429584	0.39669005	0.2554449	0.51804857	0.19770115	0.12109519	-0.05370089	0.56085626	0.1395905	0.56448207	0.67679073	0.17024772	0.052820203	0.066674058	0.58348524	0.52771499	0.41089972	0.45746846	0.053225358	0.10642569	-0.07580517	0.036751497	0.6468411	0.29446465	0.26975875	0.5342256	0.8246844	0.38306994	0.12060026	0.46572668	0.73208727	0.039852223	0.34007882	0.040274635	0.3439122	0.12591359	0.039856563	-0.065764418	0.32714448	0.20832355	0.45074803	0.072152975	0.3513205	0.07721296	-0.12184522	0.14503435	0.44998525	0.40278231	0.32756484	0.09520532	0.21364674	0.047913828	-0.044630743	-0.051461494	0.18450921	0.52080523	0.029649294	0.27354148	0.24247192	0.86586403	0.04682222	0.25227003	0.513274	0.45639041	0.097700321	0.1951882	0.43083667	0.57709607	0.027825572	0.27548358	0.11090873	0.2474771	0.43540922	0.4934994	0.21628527	0.36624146	0.35942637	0.45047461	0.081562708	0.1571133	0.034006532	0.51759199	0.090616427	0.617057	0.70898249	0.086663168	0.017461065	0.096423483	0.63459285	0.43607571	0.13888424	0.55254417	0.011731442	-0.021414907	0.14378386	0.067308589	0.64154285	0.4269886	0.11906124	0.525739	0.82375721	0.24263858	0.17962643	0.37634615	0.60764933	-0.063566589	0.3239465	0.14097534	0.28593035	0.048576083	0.17975324	-0.027918772	0.29789392	0.25293373	0.21456294	0.26940613	0.28969068	0.068309541	0.15163879	0.16505039	0.3410532	0.28994422	0.26497712	0.28402303	0.24566378	0.18355922	-0.047338827	-0.026303396	0.21267264	0.50727569	0.2716436	0.42913145	0.17035556	0.53336537	0.22917593	0.16430852	0.19548646	0.17487277	0.25355093	0.21468631	0.42422893	0.15588758	0.57471336	0.49511516	0.19416763	0.087717359	0.17511268	0.39983668	0.45282455
0.8288632	0.51400451	0.23027839	0.078444191	0	0.39788508	-0.05486094	0.2160692	0.6580567	0.40594742	0.12534111	0.14999264	0.44725223	0.47406272	0.6662964	0.52666347	-0.15071997	0.0064548228	0.42577223	0.17451011	0.4135972	0.13091809	0.40563526	0.76155372	0.84697984	0.19124594	0.25576108	0.27464029	0.19672602	0.61336062	0.045760681	0.042418776	0.37461905	0.4169531	0.24421677	0.24077655	0.72946137	0.78769699	0.10239854	0.48213413	0.29149389	0.33970083	0.18744761	0.08798273	0.067639676	0.025034846	0.23044809	0.01267487	-0.087642573	0.21897292	0.25697544	0.46186319	0.067465503	0.64075734	0.64715698	0.46280092	0.39133613	0.35492594	0.095879962	0.2187182	0.20411944	0.71910119	0.27807214	0.48446993	0.23523026	-0.034548411	0.23519183	0.32398694	0.11504965	0.2509589	0.62257779	0.85940314	0.5645463	0.30656653	0.76051777	0.23162341	0.29519328	0.24495921	0.74778273	0.47272381	-0.1180538	0.20880693	0.59802981	0.4289027	0.084600438	0.24777504	0.56279286	0.054614343	0.77348872	0.4686371	-0.11321816	0.067777973	0.23845754	0.089869482	0.26677127	0.039550344	0.27827978	0.64105011	0.82665856	0.01895267	0.15068301	0.26530683	0.15227559	0.57198277	0.067666224	0.10313892	0.29346853	0.34009355	0.16655471	0.28963751	0.67394534	0.76209943	0.37618193	0.5141612	0.21211938	0.11391659	0.31409199	0.084574819	0.098616715	-0.025077655	0.54431931	-0.1450422	-0.071739629	0.37733728	0.032012691	0.375032	0.33702512	0.64926952	0.45599901	0.31285735	0.20886851	0.17304235	0.084587614	0.10819426	0.21006309	0.71788985	0.19325537	0.40192052	0.36808443	0.11040142	0.1213941	0.15472414	0.031743334	0.19597743	0.69943409	0.80722262	0.37960943	0.35671556	0.65462631	0.41827931	0.49122827	0.32575837	0.14905245	0.30529676	-0.0090694193	0.097244536	0.40848472	0.62801291	0.27828495	0.52206334	0.24856196	0.065630549	0.37859676	-0.075163569	0.078122652	0.27385427	0.40941423
0.096166166	0.31099045	0.27336208	0.2596371	0.39788508	0	0.30391434	0.65843952	0.72779257	0.62578426	0.21218295	0.18678292	0.46444548	0.29107012	0.3175693	0.58448273	0.20173299	0.27909042	0.44013822	0.14154676	0.51654215	0.21763514	0.72206204	0.51945846	0.50532936	0.2788762	0.09636053	0.318481	0.23281027	0.61768288	0.093340071	0.33859351	0.57510662	0.51277672	0.53854324	0.34960577	0.27994102	0.41439447	0.027707017	0.37824088	0.44996586	0.18664375	0.46052901	0.27422781	0.18521176	0.40046762	0.40536346	0.39838945	0.11384861	0.052961156	0.15390437	0.027528841	0.29503969	0.69681214	0.40605494	-0.13779809	0.30986544	0.29936578	0.32651518	0.040425104	0.45653957	0.18313144	0.12759253	0.54923856	0.47838066	0.67402516	0.40059792	-0.088371211	0.16875127	0.47064469	0.53531368	0.31421271	0.48615033	0.44401918	0.034212924	0.47117275	0.39251466	0.36119729	0.47988607	0.90886086	0.20263352	0.58633578	0.6202368	0.45460132	0.16579771	0.23495784	0.28523071	0.34675859	0.29387264	0.64381565	0.13529418	0.34411873	0.41626671	0.12493809	0.43115375	0.15739345	0.53903684	0.45459737	0.24597411	0.24954127	0.00369564	0.33423025	0.31204774	0.41878513	0.17086599	0.32795612	0.48420154	0.46230555	0.40333385	0.40972138	0.13907896	0.41142557	0.14860093	0.35284413	0.44651996	0.27231035	0.50542465	0.31865642	0.22922809	0.31521874	0.45603626	0.20758075	0.15728538	0.44634126	0.078099257	0.1018815	0.3634734	0.48992244	0.24303392	-0.13402285	0.32606101	0.216922	0.24269435	0.37161087	0.37578659	0.078393511	0.37703663	0.4057049	0.45100548	0.59554559	0.18571127	0.046561377	0.22951793	0.4397163	0.48351364	0.22808299	0.50362641	0.48189512	0.3638857	0.45381881	0.34740719	0.36800764	0.12907164	0.66574325	0.23416596	0.45464876	0.41106901	0.35118865	0.57172659	0.45184514	0.45332779	0.13754987	0.69724347	0.19383209	0.38255774	0.45501052	0.4678677
-0.072649442	0.33481762	0.25691171	0.51770987	-0.05486094	0.30391434	0	0.69661417	-0.0069391521	0.36772856	0.68728771	0.80469515	0.23285536	0.21877443	0.42043388	0.48526441	0.45646955	0.46797271	0.51681003	0.59000189	0.48913328	0.69181504	0.12269632	0.067388574	-0.14529148	0.76434515	0.33286704	0.45828829	0.64313498	0.23289891	-0.23820222	0.0045396906	0.55205241	0.51069655	0.42362242	0.69557958	0.095680447	0.041281446	0.25989669	0.26779304	0.66170234	0.36486937	0.34219103	0.73451121	0.50082532	0.71096894	0.19063542	0.65504742	0.69556305	0.20246417	0.54928137	0.18209969	0.81754589	0.38936162	0.13963626	-0.038810723	0.40121686	0.32634676	0.67575725	0.31671424	0.54095451	-0.016292401	-0.20747098	0.22884636	0.59461036	0.65551227	0.47084945	0.34879181	0.58249572	-0.024584545	-0.20239864	-0.13286963	0.25644911	0.5233723	-0.14863355	0.57539649	0.42198096	0.41473061	0.039416347	0.31129088	0.90644106	0.69826899	-0.055534299	0.14040672	0.66332181	0.66434437	-0.1647146	0.49563732	0.13034088	0.27111057	0.47410814	0.64294276	0.51021328	0.63162733	0.62583957	0.69070058	0.072245514	0.04903073	-0.1487827	0.7509766	0.26846309	0.51610755	0.53971172	0.00072683805	-0.31301805	-0.044774951	0.61000491	0.43166507	0.055262793	0.55997163	-0.1301422	-0.28557172	0.010966453	0.15820899	0.75570933	0.71371977	0.068680623	0.71269025	0.53995958	0.60496768	0.17007067	0.65914881	0.65287811	0.10375635	0.57916862	0.045874564	0.61673388	0.18899901	0.31471636	-0.1279851	0.57391921	0.42249203	0.52705425	0.51281876	0.54754646	-0.14410862	0.2185756	-0.017422617	0.3741473	0.44736651	0.39682681	0.32315685	0.47270787	0.016584857	-0.28232168	-0.16550976	0.17592865	0.6538506	0.30361652	0.52364914	0.44679716	0.57138864	0.29792766	0.12762582	0.21133036	0.14636606	0.26389353	0.42932573	0.61773694	0.43961547	0.63213642	0.50314272	0.10307844	-0.084457206	0.39616303	0.50025427	0.40286324
-0.029370479	0.31161427	0.3770237	0.42132585	0.2160692	0.65843952	0.69661417	0	0.49144217	0.5543442	0.63587829	0.59531884	0.44909569	0.40096114	0.42234643	0.72087677	0.36860945	0.33005043	0.5801141	0.57243166	0.58019255	0.613498	0.42745309	0.32175345	0.14464004	0.69388763	0.34109572	0.51318311	0.54755825	0.5250398	-0.054360026	0.16147231	0.65079108	0.66817361	0.53430759	0.65752283	0.19886552	0.35115426	0.23553378	0.36915101	0.64311004	0.28384924	0.52991109	0.62916825	0.4037744	0.71738472	0.37989602	0.59368546	0.41338413	0.17885675	0.53546385	0.04404717	0.64518724	0.57120609	0.36616761	-0.15576709	0.41253433	0.45112698	0.71946191	0.23112639	0.58208599	0.042191193	-0.023360324	0.40368029	0.61272167	0.78296747	0.64811239	0.17388657	0.48029027	0.1288334	0.25157819	0.070285628	0.557805	0.58450775	-0.054446278	0.69878024	0.56809222	0.4890216	0.45218197	0.64269567	0.61946483	0.90321152	0.36110926	0.26590182	0.59727587	0.49454074	0.082079945	0.54536558	0.28242398	0.60512218	0.39553429	0.49167862	0.63448244	0.58145005	0.70122915	0.61054493	0.31541668	0.27537262	0.064169835	0.67866332	0.2512179	0.60472418	0.59418229	0.26767578	-0.12697887	0.12411928	0.58204088	0.5374379	0.22987676	0.55670526	0.023565278	0.099865873	0.094892298	0.28063979	0.75090261	0.65175649	0.25622015	0.64456186	0.47409087	0.55496879	0.30309202	0.5355179	0.41221109	0.24005337	0.51481551	0.053107198	0.58630763	0.32413196	0.34390694	-0.15488536	0.58698742	0.48401666	0.57358915	0.57329131	0.55690639	-0.059140101	0.30083551	0.11382808	0.50096921	0.58279443	0.48791834	0.20909534	0.51521432	0.17274099	0.1772518	0.06092117	0.45114173	0.68075714	0.45697751	0.64789076	0.54056102	0.582586	0.3065624	0.47622697	0.29596629	0.28115078	0.30403453	0.55919435	0.69941891	0.54914253	0.69520993	0.35463919	0.42574797	0.10259569	0.37748527	0.5022117	0.48255938
0.34945476	0.29017988	0.22687068	0.082922144	0.6580567	0.72779257	-0.0069391521	0.49144217	0	0.54876479	0.1474952	-0.002640704	0.34775248	0.2833121	0.38520611	0.49459309	-0.007146001	0.14680736	0.33778266	0.12578847	0.40901774	0.11329009	0.62308418	0.56885296	0.69649391	0.10964439	0.10658406	0.25233418	0.057492982	0.76812707	0.16571638	0.22408955	0.39233875	0.3839379	0.29423053	0.15826146	0.43999901	0.53617884	-0.03145371	0.3545236	0.24601317	0.1742762	0.27509464	0.11289336	0.0063122601	0.15265213	0.37893793	0.16070429	-0.1410683	0.040086438	0.11384578	0.14579081	0.13004584	0.66106215	0.43079593	0.11567908	0.25856423	0.27028774	0.14685337	0.022849437	0.26025015	0.31183497	0.23719907	0.55730943	0.39318259	0.35858083	0.28333695	-0.020241748	0.043781319	0.37719526	0.77345845	0.53360656	0.55032197	0.34219241	0.28278114	0.30594824	0.32227017	0.25808404	0.60308781	0.7252016	-0.069296794	0.41838337	0.8592065	0.4531815	0.10909844	0.07850035	0.34370116	0.044852385	0.43823015	0.49275002	-0.081659829	0.089484486	0.27766203	0.070667835	0.25247567	0.069157305	0.38337275	0.42603526	0.51527431	0.03191995	0.036594554	0.2650103	0.15124684	0.59818524	0.13175388	0.31025805	0.27839023	0.31968091	0.22418227	0.26439442	0.35004215	0.59482662	0.19785389	0.30267437	0.2803421	0.13363584	0.30279396	0.17218274	0.074251729	0.057551942	0.50248368	-0.12630041	-0.038377676	0.27537774	-0.0074041346	0.17195371	0.26128755	0.50982086	0.19022877	0.078002813	0.18459883	0.13298137	0.1152511	0.1214406	0.18558935	0.28908853	0.23779889	0.41581598	0.48676319	0.44333454	0.14867961	-0.0060111266	0.10951233	0.32070093	0.73385242	0.47814949	0.39133059	0.3473441	0.44241265	0.33478697	0.38370758	0.19624294	0.066130573	0.59800416	-0.010037524	0.32273382	0.29477308	0.40684409	0.36070441	0.42268087	0.24853752	-0.091719589	0.57641707	0.01714486	0.19668313	0.27727138	0.38286257
0.23065055	0.43499175	0.41485657	0.34427998	0.40594742	0.62578426	0.36772856	0.5543442	0.54876479	0	0.42098796	0.29830017	0.24210744	0.14532106	0.42857359	0.4997219	0.22252253	0.071340685	0.62343845	0.31216845	0.51270818	0.4930429	0.53916839	0.37062768	0.52170432	0.46047765	0.44068219	0.50794715	0.47741912	0.79781055	0.038266014	0.20936085	0.61090935	0.54006367	0.40121216	0.43254338	0.35947347	0.31044219	0.011517968	0.26419653	0.52950024	0.49680476	0.13528441	0.55131934	0.37271835	0.53166212	0.051210771	0.31669665	0.21052361	0.22623068	0.36782055	0.29644934	0.35505748	0.66848917	0.25371665	0.19569456	0.40851828	0.38926335	0.40154528	0.21046405	0.61841492	0.24242026	0.068595401	0.4506911	0.79125115	0.44793498	0.54273983	0.16034523	0.47394521	0.3949443	0.44273825	0.31961693	0.44094265	0.54455318	0.20228056	0.34604506	0.50844654	0.34881979	0.30462332	0.57936137	0.30682114	0.5267707	0.54292668	0.78134846	0.38503096	0.30572989	0.18670125	0.20444808	0.3232197	0.46682907	0.27590677	0.24765205	0.54546411	0.24378456	0.55749202	0.4470339	0.44637496	0.31265862	0.32114256	0.37034947	0.33446981	0.4778582	0.49674601	0.67140203	-0.057635757	0.24833656	0.56480279	0.40526598	0.14346512	0.44415405	0.15930846	0.26106202	0.15826931	0.1595695	0.53843735	0.39797874	0.32157562	0.59101178	0.36357794	0.46222491	0.32002271	0.25008686	0.20374606	0.44543628	0.20287504	0.29726282	0.39065645	0.52951379	0.23476022	0.10854494	0.25287899	0.33761163	0.42362629	0.45475884	0.56245071	0.19379873	0.32642919	0.35706322	0.77447359	0.49962048	0.33681082	0.23373173	0.42109573	0.41361208	0.42818568	0.22970435	0.4534885	0.57978577	0.60223504	0.60067409	0.41536468	0.4846652	0.17836407	0.52982078	0.15924978	0.41222151	0.30267003	0.57806145	0.60237732	0.49321997	0.54999387	0.30503329	0.55667793	-0.020863866	0.45177254	0.37183519	0.52618112
-0.014597751	0.42596403	0.24090242	0.46274142	0.12534111	0.21218295	0.68728771	0.63587829	0.1474952	0.42098796	0	0.55168473	0.15259535	0.10168277	0.3354464	0.39393313	0.2430245	0.18843553	0.6205874	0.95337996	0.54159431	0.9409173	0.048230133	0.028393142	-0.10838162	0.61992926	0.40569742	0.60914022	0.65214399	0.31892809	-0.19707781	-0.014342794	0.52461903	0.550097	0.31318035	0.56554793	0.093937629	0.082178112	0.17659103	0.13143297	0.59329321	0.45066424	0.24184359	0.92467449	0.49132159	0.56599454	0.090290223	0.47358582	0.50121552	0.030220749	0.84970618	0.13684098	0.68595153	0.27962808	0.0582198	0.0084022324	0.51668723	0.63323699	0.75576461	0.35514644	0.54129193	-0.01930655	-0.14196519	0.17117356	0.61162698	0.46775934	0.52085374	0.25005063	0.51376296	-0.030373658	-0.035650474	-0.087394077	0.31697432	0.46333673	-0.014942419	0.63963417	0.43938324	0.45543288	0.19377229	0.24995873	0.67474497	0.60053937	0.082952901	0.20746133	0.96375061	0.47591685	-0.098552037	0.31368435	0.19715764	0.24433561	0.33988217	0.41294703	0.55978644	0.89576814	0.79721162	0.94170408	0.042719654	0.016587265	-0.02524283	0.67517302	0.36589423	0.61219444	0.58270238	0.12515211	-0.28593773	-0.052895414	0.5284811	0.4066763	0.007010717	0.54860047	-0.069903245	-0.13327598	-0.015280699	0.053229152	0.73302385	0.82378597	-0.038429378	0.89719498	0.52947901	0.45731797	0.13456799	0.49104703	0.47215951	-0.055436948	0.79627842	0.065009884	0.55547608	0.13229719	0.24646827	-0.012176325	0.67823968	0.66082512	0.50904968	0.5057102	0.63909245	-0.067087516	0.063801118	-0.030009218	0.52093563	0.38864465	0.43976706	0.25747655	0.46607949	0.041914054	-0.043017536	-0.077211425	0.19369901	0.63732904	0.46837121	0.48687403	0.43902623	0.449877	0.23616399	0.13776218	0.096860359	0.12408263	0.147291	0.56047029	0.51142652	0.41874186	0.50802243	0.43264503	0.096998008	-0.081606889	0.41160277	0.3201487	0.33212808
0.18943662	0.40794658	0.21535156	0.52667071	0.14999264	0.18678292	0.80469515	0.59531884	-0.002640704	0.29830017	0.55168473	0	0.48777401	0.55251358	0.56348472	0.6286614	0.3839934	0.4321908	0.47682801	0.50061153	0.52891531	0.58816328	0.14457945	0.33956477	0.0079150414	0.75718436	0.29506688	0.35030966	0.6578197	0.17307451	-0.078561582	-0.055782871	0.57428518	0.56925573	0.45654816	0.73459147	0.29838319	0.34381594	0.43623428	0.51654557	0.69040487	0.44557537	0.43600666	0.60461743	0.51318635	0.56892146	0.22018804	0.61372261	0.65532291	0.3707699	0.50876494	0.37393354	0.62139649	0.34912197	0.32389512	0.15533036	0.46914927	0.31101966	0.51247933	0.37726422	0.47332667	0.29829937	-0.10226866	0.23585182	0.44417702	0.4337764	0.35352168	0.56611853	0.50507762	-0.01060688	-0.1237293	0.095249304	0.41752403	0.50737227	0.13179867	0.48706928	0.37622268	0.42987983	0.17613626	0.23030239	0.75050102	0.62255362	-0.13664826	0.07297308	0.52125617	0.75473474	0.15310869	0.60996105	0.29267353	0.39995495	0.43045363	0.58381475	0.45938084	0.50116368	0.52775143	0.55804033	0.14133884	0.27996369	0.060146942	0.63051755	0.20495703	0.45322903	0.51771389	-0.012259754	-0.19885138	-0.21446123	0.58868758	0.53145672	0.12199007	0.54271855	0.061496183	-0.021472603	0.26212545	0.38253383	0.71722244	0.56786681	0.17622185	0.55578431	0.51931531	0.42346207	0.2849358	0.62696798	0.58345095	0.14464326	0.4654004	0.19336033	0.48582871	0.18281462	0.38961205	-0.029903834	0.51763739	0.3978756	0.39809716	0.38172909	0.48070694	0.15770938	0.15844765	0.00091684643	0.26479607	0.30577978	0.27738913	0.38602415	0.32718466	0.03600403	-0.18274666	0.063895437	0.24785814	0.63302794	0.33172858	0.56356438	0.49748679	0.59429027	0.45645029	0.11177175	0.24478013	0.061488025	0.39334653	0.47229616	0.58370866	0.47537196	0.61695936	0.51746319	0.088059705	-0.036967069	0.19665117	0.44131837	0.46893238
0.33833366	0.41388048	0.098837091	0.087183621	0.44725223	0.46444548	0.23285536	0.44909569	0.34775248	0.24210744	0.15259535	0.48777401	0	0.87091364	0.4612285	0.74822768	-0.045052188	0.084394833	0.40694556	0.18649154	0.58653568	0.1521339	0.47849397	0.70432041	0.40146404	0.18889726	0.013950829	0.11736856	0.25397415	0.21684951	0.25571802	0.17586973	0.33144639	0.45199682	0.4346307	0.30133126	0.41452099	0.71619631	0.55041014	0.6877864	0.30983322	0.32152384	0.69980568	0.19840879	0.18842951	0.16505711	0.31286841	0.18628682	0.043397974	0.38744384	0.21638632	0.26415243	0.14294865	0.44558388	0.48174328	0.011067922	0.46429238	0.32541175	0.18361666	0.23373791	0.30222814	0.52397723	0.18262374	0.31552896	0.12394276	0.23353691	0.16684977	0.24387687	0.16709371	0.3850625	0.36364057	0.3978269	0.67123031	0.21647949	0.32522979	0.45109531	0.22846905	0.19275368	0.49803693	0.44443079	0.11675965	0.35799446	0.098343428	0.13392243	0.1119063	0.26143598	0.66975268	0.66237575	0.33483433	0.70858683	-0.031048175	0.11900895	0.37226965	0.15772436	0.40551613	0.077699652	0.49505762	0.6114176	0.23756239	0.090630266	-0.084036568	0.16174986	0.22336331	0.091552518	0.34318137	0.089908299	0.27572983	0.54242052	0.46923045	0.22442836	0.22582969	0.54346428	0.43590157	0.46586127	0.27511114	0.26300607	0.55519768	0.15118126	0.19991784	0.072358509	0.32519489	0.1671388	-0.012651116	0.47771614	0.089344042	0.17803192	0.14943307	0.22444758	0.21968197	-0.11932078	0.38732135	0.23782513	0.1048233	0.2180096	0.31188469	0.31199204	0.23703419	0.18830539	0.070865678	0.18633821	4.4723145e-05	0.075798666	0.068267295	0.33072248	0.3963809	0.30426834	0.60638057	0.31145062	0.31724221	0.46046998	0.55911874	0.44750839	0.3160618	0.40045095	0.40685537	0.26734513	0.53327247	0.46298696	0.48482939	0.58193742	0.41799106	0.16152347	0.37464779	0.32653115	0.13440199	0.3295215	0.39087662
0.44213674	0.34635926	0.14221538	0.045418797	0.47406272	0.29107012	0.21877443	0.40096114	0.2833121	0.14532106	0.10168277	0.55251358	0.87091364	0	0.58924945	0.76941169	-0.06917198	0.12907542	0.32893683	0.13263284	0.48380515	0.11394816	0.29860931	0.73189634	0.41333427	0.22581103	0.03814561	0.081854875	0.28113711	0.16478017	0.2236948	0.08192275	0.30110698	0.39899315	0.37996842	0.34900078	0.50617104	0.75401205	0.5716026	0.72622061	0.26350071	0.25082002	0.59079297	0.14154081	0.13497527	0.15518864	0.34218904	0.18747747	0.056584538	0.48161119	0.17671059	0.3640172	0.13635843	0.40727137	0.62061354	0.15917612	0.37649063	0.24629916	0.12347458	0.28018488	0.2690425	0.59388462	0.11269099	0.32562578	0.081334776	0.10682365	0.11329226	0.43809016	0.16753564	0.16532665	0.27329997	0.46837469	0.63290251	0.22570542	0.39279818	0.37771078	0.2208033	0.12490449	0.5005146	0.30143955	0.10248067	0.32346239	0.083888035	0.053784564	0.088105134	0.32497243	0.61002952	0.59461371	0.42894835	0.58846995	0.02666722	0.11899353	0.3330922	0.12105249	0.32125631	0.045070071	0.3834291	0.59797536	0.31331782	0.082624163	-0.046260495	0.1176763	0.17852774	0.033220797	0.17392063	-0.056397142	0.21451995	0.4474696	0.2712729	0.17102716	0.32428713	0.4777239	0.4009515	0.56905482	0.23698333	0.23396032	0.45284726	0.09170197	0.124845	0.038961332	0.33315767	0.13090249	0.0036174014	0.40625545	0.10525316	0.22409612	0.18514866	0.22814812	0.30127984	-0.025037987	0.33056535	0.20471326	0.088942103	0.15156302	0.27231575	0.41171702	0.11339721	0.16100809	0.016433719	0.055636974	0.024491045	0.13654041	0.040372132	0.12599064	0.24002485	0.41986701	0.4177548	0.27838259	0.27471216	0.41230759	0.46592381	0.4106612	0.35923094	0.26477592	0.29356131	0.12696357	0.46748603	0.46862756	0.38223226	0.46415565	0.33701316	0.11523469	0.18798881	0.1589349	-0.021396276	0.27948099	0.3314964
0.74415366	0.55392298	0.36441391	0.10954268	0.6662964	0.3175693	0.42043388	0.42234643	0.38520611	0.42857359	0.3354464	0.56348472	0.4612285	0.58924945	0	0.64426813	-0.013951251	0.26277927	0.57497819	0.30386117	0.59803322	0.34201759	0.2721689	0.67396783	0.62535815	0.5134372	0.40875355	0.34950647	0.45518968	0.56682736	-0.26363475	-0.0048184603	0.46100952	0.43711979	0.21232197	0.61289509	0.78444115	0.56543672	0.19489525	0.59991398	0.40389739	0.47805196	0.17410056	0.34533326	0.20045452	0.36795489	0.17598379	0.25121788	0.17920485	0.45628112	0.37941836	0.68685217	0.5457564	0.78408226	0.66575366	0.61882961	0.48314277	0.35878905	0.26525942	0.54251735	0.4407435	0.66835559	0.05222012	0.60676133	0.39452321	0.19037894	0.3663467	0.7312738	0.48244004	-0.027500607	0.19933783	0.71100422	0.44068662	0.44908074	0.54441904	0.4047892	0.50416535	0.13919367	0.54694204	0.41254377	0.38312289	0.4270112	0.35360063	0.32652036	0.29707671	0.53381699	0.25561181	0.23176315	0.77998804	0.31629822	0.11216268	0.36827597	0.46612235	0.26804313	0.45767717	0.27858501	0.23542697	0.4516828	0.6046362	0.29765557	0.29384096	0.32540351	0.23834397	0.40722778	-0.24145464	-0.086713294	0.41366126	0.30843194	-0.10454231	0.30563384	0.56647924	0.32250381	0.20478725	0.62981433	0.42256221	0.39468889	0.074359653	0.28854848	0.20572754	0.29628277	0.5017731	0.18915353	0.19920404	0.3491836	0.19939049	0.4355116	0.67282064	0.69967239	0.65052879	0.332086	0.3651608	0.27265049	0.33722544	0.35008963	0.44717376	0.53999358	0.2123862	0.34287482	0.40565	0.28144244	0.28152296	0.36815634	0.2491671	-0.025281977	0.19990233	0.60827577	0.14889813	0.54819253	0.65643653	0.48274415	0.61270929	0.45109073	0.34480222	0.22264772	0.0016986495	0.11021918	0.32663022	0.7665348	0.45081182	0.62615666	0.40449152	0.29077561	0.1637322	-0.25028644	0.14909396	0.33993167	0.36328527
0.31577187	0.40180712	0.37004388	0.27320524	0.52666347	0.58448273	0.48526441	0.72087677	0.49459309	0.4997219	0.39393313	0.6286614	0.74822768	0.76941169	0.64426813	0	0.07753909	0.15342115	0.51723595	0.36691311	0.57550973	0.36234716	0.46447016	0.65033541	0.49234129	0.51855079	0.23201505	0.45002056	0.55297606	0.50367363	0.1942224	0.14643331	0.58160812	0.7146489	0.50960808	0.58353962	0.46957666	0.7415801	0.3881516	0.5623075	0.50947721	0.34045281	0.63501	0.41965518	0.33724768	0.44928744	0.30427401	0.33476907	0.20341389	0.32843701	0.34775595	0.2648244	0.3879653	0.64973961	0.56915162	0.076671691	0.42090052	0.35265649	0.42943745	0.26666551	0.41982264	0.37986682	0.094656297	0.39852287	0.4091521	0.39222953	0.51058894	0.42178555	0.3736543	0.38272166	0.49820598	0.4375161	0.82427992	0.45265539	0.23338021	0.57059108	0.46836642	0.36628215	0.57230198	0.5656225	0.31168098	0.60735413	0.3182645	0.31265887	0.35264019	0.42749817	0.40712942	0.52898458	0.42390372	0.76662218	0.16023944	0.23193427	0.51886461	0.34720567	0.56520952	0.3260811	0.47556307	0.51303402	0.30708258	0.34077447	0.11944677	0.5241587	0.46003118	0.30149476	0.093384656	0.019259885	0.51220537	0.57191924	0.33009819	0.38630752	0.25900683	0.46184813	0.20767083	0.40768457	0.56257614	0.45386486	0.50629375	0.41583127	0.36393852	0.2582879	0.28453993	0.28676548	0.13184221	0.44669888	0.26601121	0.13912138	0.36166896	0.39940029	0.33487089	-0.019781208	0.46118773	0.36987325	0.38099377	0.36498844	0.44005755	0.22695386	0.29947064	0.22486198	0.34154097	0.34192489	0.29435486	0.18329024	0.31925067	0.35556704	0.39103777	0.36530784	0.54159115	0.55135832	0.48057952	0.69194291	0.61907223	0.56287605	0.33271339	0.49753879	0.33748002	0.18828329	0.45892638	0.67067961	0.63029936	0.61143362	0.59201461	0.30630451	0.41301192	0.14051303	0.24017593	0.4081557	0.52305321
-0.15575782	0.013067367	0.10082091	0.48704226	-0.15071997	0.20173299	0.45646955	0.36860945	-0.007146001	0.22252253	0.2430245	0.3839934	-0.045052188	-0.06917198	-0.013951251	0.07753909	0	0.40071339	0.13198128	0.13347052	0.16608154	0.32158349	0.21150517	0.036353972	-0.16425535	0.53906392	0.21632751	0.18360928	0.26313383	0.10366673	0.040150407	-0.087323628	0.47086339	0.23161624	0.34234931	0.35504016	-0.0088612203	-0.12355179	0.011239513	0.080419776	0.44554775	0.1169903	0.14447312	0.31522926	0.33351122	0.51583677	0.14415923	0.59413325	0.53706731	-0.037504108	0.17577404	0.087104005	0.25011326	0.06140698	-0.10065284	-0.11354315	0.088800538	0.015015795	0.2787269	0.12809669	0.32855493	-0.025225088	-0.1305951	0.19295151	0.34060832	0.41089672	0.30374211	0.02387227	0.33001036	0.029544872	-0.20402112	-0.21194916	-0.062457269	0.44126147	-0.11062483	0.079089187	0.1280566	0.38826941	-0.095095186	0.18250573	0.53092588	0.48851269	0.015748051	0.068479263	0.23010302	0.44528161	-0.088362667	0.2726227	-0.014560707	0.10288926	0.52672297	0.5142597	0.20233766	0.13958928	0.16612075	0.32024018	0.048136992	0.12691131	-0.089851613	0.56512322	0.20584568	0.28978339	0.38590183	0.047151369	-0.021185019	0.11340815	0.48084163	0.19536252	0.12466279	0.42976966	-0.10010912	-0.18075852	0.14031116	0.063117237	0.45528323	0.18419248	0.052897513	0.34676139	0.32847332	0.40794009	0.16395381	0.51743145	0.56357977	-0.01007114	0.2180267	0.17465615	0.18676182	0.07820938	0.081367224	-0.052692829	0.11526282	0.093680583	0.36355772	0.36604071	0.24546723	-0.056045686	0.263369	0.10829703	0.23197864	0.27291519	0.31789117	0.30472518	0.3036734	0.068919539	-0.17194746	-0.12043978	0.080879249	0.38135556	0.13785653	0.23383612	0.11564955	0.28664163	0.20862421	0.12481008	0.12583706	0.10715991	0.21818611	0.037982564	0.28067693	0.11271516	0.38398493	0.32772639	0.18517958	0.10882661	0.27686889	0.3923875	0.25354607
0.080987043	0.070652509	0.043686621	0.30179836	0.0064548228	0.27909042	0.46797271	0.33005043	0.14680736	0.071340685	0.18843553	0.4321908	0.084394833	0.12907542	0.26277927	0.15342115	0.40071339	0	0.069866312	0.11789398	0.23768199	0.21647546	0.22744751	0.25341901	-0.045379124	0.35040025	0.057517974	0.043171898	0.18041944	0.066721272	-0.10998527	-0.032555821	0.39132292	0.10510734	0.29256804	0.39160651	0.19007471	-0.030376158	0.029474812	0.41077291	0.405955	0.04524825	0.17147758	0.19807335	0.18595945	0.32902451	0.39266859	0.57144599	0.46887907	0.043395989	0.1120441	0.2783574	0.37697511	0.21241756	0.16684478	0.075106452	0.08964111	-0.0090839459	0.17367563	0.20553782	0.2453721	0.12908149	-0.16218355	0.44737402	0.18707916	0.47440664	0.064671232	0.19309832	0.19144124	-0.12630855	-0.17487625	0.010617309	-0.06662838	0.44332779	-0.053021925	0.15141709	0.099559113	0.23534585	-0.01742294	0.33011894	0.49896395	0.39245684	0.12233632	-0.092062111	0.150968	0.50774395	-0.036535718	0.27805738	0.19796689	0.047803312	0.23977187	0.64040171	0.087306618	0.12490092	0.11459792	0.15355898	0.067686886	0.2207675	0.050359204	0.31489082	0.044526176	0.088468668	0.13891362	-0.07339881	-0.16853486	0.07362438	0.30531188	0.12681048	0.002032324	0.30718156	0.13014232	-0.15375473	0.21533633	0.37797446	0.31728765	0.16671025	0.050270712	0.17876308	0.20251571	0.23978762	0.48319621	0.30441832	0.58996875	0.025907367	0.15657679	0.2805189	0.32652929	0.15239888	0.25813	0.017883257	0.10385969	0.03110982	0.097034313	0.18913165	0.14926088	0.14163116	0.15549561	0.25992888	0.054062064	0.29061843	0.13760628	0.29493537	0.14336225	-0.097356414	-0.20603331	0.049738822	-0.12474912	0.37924137	0.011733967	0.17226689	0.14360475	0.24183813	0.23672252	0.17725092	-0.0048007256	0.18002895	0.20654549	0.024067853	0.27626408	0.13827706	0.25914924	0.14092872	0.14137724	0.049844983	0.082369721	0.4518441	0.17376015
0.29388285	0.76995468	0.36356026	0.31429584	0.42577223	0.44013822	0.51681003	0.5801141	0.33778266	0.62343845	0.6205874	0.47682801	0.40694556	0.32893683	0.57497819	0.51723595	0.13198128	0.069866312	0	0.63410765	0.78634444	0.66428375	0.32461241	0.38462	0.32948545	0.55037429	0.64216481	0.58804162	0.60240699	0.57723597	-0.26888456	0.076523352	0.54653686	0.55976274	0.39098526	0.56609441	0.43463697	0.35525379	0.28169438	0.34142264	0.55999432	0.69462941	0.24713111	0.67157972	0.35898505	0.59960504	0.055519402	0.34668261	0.25592529	0.34626212	0.67626833	0.38465753	0.59213975	0.64618652	0.30923282	0.27017928	0.83341293	0.80289364	0.711946	0.5269851	0.70352366	0.3612693	0.12903143	0.39739906	0.6916396	0.42150583	0.54412937	0.3795994	0.66782173	0.19944156	0.19088007	0.33004995	0.46331621	0.49860442	0.3316865	0.72573112	0.56762205	0.3087663	0.4077268	0.44539563	0.5001153	0.58483626	0.30720972	0.55212728	0.58878472	0.51579674	0.20219678	0.43710222	0.50535589	0.44821667	0.24887436	0.35836793	0.8270309	0.59634917	0.81536989	0.64620643	0.39609792	0.30566519	0.29196435	0.59974643	0.57781035	0.53661506	0.56900501	0.48913761	-0.14401563	-0.016984332	0.50180245	0.46890147	0.061935917	0.51168831	0.26925662	0.19721754	0.21938368	0.29273891	0.6266708	0.70058345	0.19734734	0.65777762	0.38726514	0.61075565	0.29798334	0.38774228	0.22748683	0.32098578	0.47580818	0.3554264	0.62291376	0.56516022	0.46858784	0.22029614	0.73059346	0.70574876	0.61309779	0.66599032	0.76446626	0.24533225	0.28251422	0.21949538	0.68416038	0.48485159	0.49448985	0.44461713	0.53378468	0.27635949	0.22930999	0.26515902	0.43410592	0.60581124	0.70050669	0.5493518	0.59475135	0.52759177	0.20100632	0.31280671	0.17199255	0.35801241	0.23743383	0.72086061	0.60676409	0.65763264	0.56260045	0.34187763	0.34315182	-0.13714607	0.37734982	0.33661236	0.47759318
0.018013876	0.45871762	0.15855079	0.39669005	0.17451011	0.14154676	0.59000189	0.57243166	0.12578847	0.31216845	0.95337996	0.50061153	0.18649154	0.13263284	0.30386117	0.36691311	0.13347052	0.11789398	0.63410765	0	0.54283267	0.87553513	0.0059772301	0.031566375	-0.11326923	0.54057079	0.40630988	0.57071476	0.58671899	0.24402823	-0.20416341	-0.016189269	0.43951164	0.51971658	0.31033715	0.48592428	0.083623	0.15547666	0.25652094	0.1304679	0.53050051	0.42186964	0.26235654	0.83579257	0.42930822	0.4729581	0.10621684	0.40928424	0.41181359	0.0050331001	0.87343019	0.080520205	0.6335414	0.24350792	0.10490256	-0.019767718	0.56818514	0.73076629	0.77742324	0.33776215	0.48734863	-0.0073366281	-0.08854151	0.081418754	0.50005345	0.4017998	0.45226867	0.21300259	0.43208131	-0.044623148	-0.0025518996	-0.052584078	0.35563866	0.39264737	0.049444095	0.68884342	0.37311589	0.43136709	0.26010778	0.20604255	0.57231872	0.51752256	0.038706369	0.13971075	0.9280293	0.4159232	-0.046165427	0.3168143	0.2267188	0.25047913	0.22960911	0.33098551	0.55752025	0.94527284	0.79804487	0.89891461	0.020174857	0.025024633	0.004488396	0.62918178	0.36318264	0.55888897	0.52238921	0.082881197	-0.24320166	-0.076159314	0.4339044	0.41836149	0.040060432	0.52378432	-0.05078965	-0.063689347	0.018671713	0.06970834	0.66629948	0.79350769	-0.040349387	0.80460534	0.47458309	0.40359016	0.12745937	0.43336529	0.37806223	-0.082458601	0.81420046	0.011455243	0.53666303	0.11324275	0.26381252	-0.030510486	0.74858691	0.72583323	0.46070098	0.47330348	0.59860988	-0.043170624	0.031170992	-0.10302433	0.42983233	0.31315338	0.3839998	0.19494646	0.38355604	0.041321344	-0.0062534134	-0.043499239	0.23771701	0.58020428	0.45904229	0.43434997	0.43469482	0.41694555	0.19853539	0.090187542	0.094251549	0.090690768	0.10744339	0.55788007	0.43285694	0.40180508	0.45252094	0.36374425	0.067240184	-0.058524149	0.35569434	0.27581237	0.27203804
0.33184665	0.66916265	0.30434189	0.2554449	0.4135972	0.51654215	0.48913328	0.58019255	0.40901774	0.51270818	0.54159431	0.52891531	0.58653568	0.48380515	0.59803322	0.57550973	0.16608154	0.23768199	0.78634444	0.54283267	0	0.55351967	0.5211591	0.5325239	0.335246	0.46933866	0.4757727	0.41307098	0.46861629	0.50315901	-0.13613008	0.17789009	0.53492536	0.5717071	0.51533871	0.55078666	0.5014185	0.43533217	0.3588186	0.52923488	0.52744047	0.53294725	0.47710547	0.56015159	0.26498189	0.50995536	0.12939448	0.38670347	0.24236182	0.45024006	0.55736437	0.48961425	0.52175216	0.6417991	0.31684104	0.25961575	0.69057387	0.68582095	0.52378444	0.62057963	0.7250782	0.40754555	0.13075707	0.52034875	0.51451106	0.42954836	0.46399383	0.39423944	0.58739237	0.28505052	0.23186689	0.35183941	0.52231453	0.48715643	0.31897537	0.67217627	0.49134728	0.31173052	0.37701023	0.52857095	0.4661197	0.59084536	0.26974802	0.3522499	0.49505233	0.47727175	0.32119332	0.47170131	0.43378627	0.48215115	0.16088619	0.39957412	0.72730436	0.4887978	0.77212343	0.51865855	0.48798844	0.45060603	0.25742177	0.4843779	0.39808559	0.41186844	0.46110833	0.34168291	0.010610414	0.032988519	0.46874171	0.57673374	0.2240131	0.50989835	0.22503757	0.28676379	0.27044958	0.39603599	0.59509748	0.5295457	0.3288386	0.53339603	0.28993209	0.46656121	0.40793806	0.34983847	0.25195604	0.34705838	0.38040309	0.34141811	0.52019561	0.47409162	0.34304799	0.11438948	0.63149641	0.58271146	0.53117688	0.62016978	0.71502206	0.24290135	0.36904375	0.31364098	0.48093246	0.46792486	0.3929829	0.34218688	0.45357383	0.32936293	0.26337464	0.23682861	0.42384403	0.59239682	0.5846038	0.49628142	0.57577399	0.47818753	0.28347992	0.41997122	0.26926264	0.3339747	0.28084937	0.63440814	0.60228691	0.66555124	0.51767692	0.32246256	0.41175657	0.068607654	0.28762995	0.37070013	0.46464134
