0	0.37019625	0.19942311	0.24090881	0.50249979	0.52588714	0.46329469	0.47807952	0.59415312	0.25327686	0.20529338	0.50142274	0.5093351	0.39286328	0.81771764	0.52810592	0.18282834	0.41667556	0.32929179	0.25964987	0.32007483	0.24570887	0.21585324	0.61399695	0.63545238	0.59240584	0.34898194	0.21185222	0.24764932	0.42290221	-0.14576316	-0.12674587	0.28055722	0.2429425	0.16221415	0.3573627	0.38464777	0.48578453	0.49927982	0.64796732	0.21102751	0.15036195	0.24338065	0.35139686	0.1701807	0.34250985	0.48116629	0.32346894	0.47026337	0.14930369	0.24321559	0.5884218	0.55229449	0.52769233	0.55308913	0.53873845	0.28124937	0.32824156	0.22813646	0.24072333	0.26162869	0.50151071	0.53992529	0.51792467	0.37432284	0.47307296	0.26948886	0.57668457	0.34076006	-0.0082480876	0.39847591	0.56822	0.34855854	0.28870655	0.68037759	0.35207904	0.12745695	0.21982381	0.1012005	0.35019988	0.30049686	0.35856056	0.36281183	-0.018616231	0.1137543	0.33287893	0.085005829	0.23846382	0.75278034	0.31759627	0.32436453	0.40196222	0.30617602	0.26434518	0.3298199	0.2058155	0.22477005	0.52704836	0.61073197	0.36093703	0.32396452	0.17414901	0.21564681	0.3346957	0.098838716	-0.024750459	0.3656692	0.27794748	0.01793922	0.33611651	0.38661038	0.44914786	0.53147859	0.49009142	0.29490534	0.19520704	-0.044812993	0.3727991	0.17965781	0.41361988	0.41341234	0.37544816	0.36672016	0.02858982	0.29535139	0.18747453	0.6290716	0.23096759	0.54122044	0.36311379	0.27457664	0.23825647	0.26690271	0.249232	0.28763205	0.40298612	0.021927628	0.12314354	0.306569	0.2764416	0.28650937	0.19809599	0.29412806	-0.25875343	0.34464788	0.5355717	0.32614953	0.36844264	0.30467713	0.30919521	0.23620769	0.24652681	0.24316972	0.1682923	-0.041198955	-0.048436251	0.39517568	0.56037259	0.32839837	0.24874065	0.10887945	0.20057966	0.10591353	0.036513959	0.10152834	-0.022371795	0.20362886
0.37019625	0	0.48913747	0.58701761	0.43728571	0.52432426	0.52725819	0.69685529	0.53501742	0.58962003	0.80683968	0.52296889	0.46215779	0.56262572	0.58907564	0.56186642	0.51345273	0.49464897	0.78632017	0.82035592	0.74690976	0.84634624	0.46397525	0.38531932	0.31913223	0.55840313	0.71087958	0.49326012	0.55481547	0.44949785	0.083095975	0.18600833	0.60885241	0.63453376	0.29149134	0.59427777	0.53543446	0.66076013	0.23757354	0.2891414	0.52240692	0.49774365	0.41033672	0.78713363	0.51487927	0.65469424	0.44042776	0.61884429	0.49432431	0.4464298	0.78938495	0.52307258	0.37371847	0.39999309	0.24533897	0.46752137	0.92506252	0.82692056	0.63606055	0.66611338	0.72564611	0.43215269	0.44949597	0.32421431	0.56646196	0.63478989	0.5095855	0.37502528	0.63777826	0.20661143	0.6304215	0.48869105	0.51953916	0.62379231	0.44815865	0.93726855	0.46363197	0.56256669	0.2362801	0.45451237	0.50906589	0.68118467	0.33890888	0.27792425	0.7649051	0.48983175	0.2267495	0.4938051	0.58421811	0.47774315	0.58694145	0.5228097	0.85495004	0.82142968	0.84870075	0.81590776	0.38187549	0.40772342	0.33615186	0.51440652	0.64384559	0.46607227	0.52777956	0.48843938	0.26532692	0.092243038	0.64201609	0.6414716	0.33776615	0.64263131	0.46482972	0.64731847	0.3339324	0.12977487	0.55517185	0.63136644	0.10618189	0.80021437	0.4985697	0.65404159	0.42341271	0.64839759	0.53912901	0.3236328	0.78579494	0.52842954	0.57337354	0.35954085	0.42732471	0.59957304	0.88400685	0.78222214	0.79038272	0.74370063	0.69236671	0.46760808	-0.030635993	0.29138687	0.62213869	0.43197715	0.55208097	0.28862346	0.53596657	0.14732889	0.58033353	0.50800463	0.66733716	0.62904526	0.44672628	0.58685943	0.25431285	0.51307972	0.44840498	0.45083734	0.24763927	0.047717629	0.30429393	0.55987588	0.51547079	0.3939304	0.4410911	0.25957463	0.28573414	0.061259777	0.10815289	0.24278579	0.57114834
0.19942311	0.48913747	0	0.87415276	0.17137613	0.2226917	0.43239444	0.76020486	0.29363587	0.35402905	0.23694313	0.61313144	0.51610587	0.6370087	0.41354226	0.45071805	0.74574831	0.50539493	0.47873246	0.66907176	0.64796097	0.51934295	0.46038826	0.2795623	0.17603725	0.65509882	0.67667958	0.95015715	0.93740951	0.33282647	0.17248176	0.079812771	0.84853775	0.88583142	0.41674297	0.80943007	0.47979112	0.67581939	0.15688246	0.32346241	0.87642556	-0.23110295	0.39224733	0.320361	0.93639859	0.79880473	0.55769434	0.76882188	0.67569007	0.54052753	0.56737474	0.58176337	0.33282314	0.2349176	0.1973874	0.3467915	0.43995442	0.63263141	0.79732433	0.50126571	0.579245	0.45336507	0.34648008	0.12049426	0.54768204	0.41411363	0.94435689	0.40911825	0.63769255	0.11793784	0.56527147	0.36957063	0.66063308	0.78038266	0.13649157	0.50881147	0.93625991	0.88816454	-0.018448782	0.13913114	0.34497719	0.75662943	0.083663089	0.21686645	0.31060955	0.54690342	-0.028595066	0.38244651	0.22959402	0.32568356	0.71099999	0.46791736	0.4021183	0.70863532	0.64673213	0.54197887	0.38361232	0.32082074	0.1013403	0.51632706	0.73884722	0.9330406	0.89739705	0.37298602	0.26283341	0.092843868	0.87036173	0.91349489	0.64980601	0.8048845	0.30855608	0.48410039	0.12784375	-0.047414065	0.89224106	-0.15929387	0.14851921	0.36979193	0.93020587	0.64652712	0.48175708	0.68814139	0.61850914	0.056272402	0.57388847	0.50082593	0.29729469	0.098388281	0.3041358	0.41678402	0.52745033	0.62091809	0.73608472	0.45476846	0.62288524	0.35725734	-0.07630218	-0.00099380998	0.63804051	0.15340214	0.91040252	0.055202829	0.66365848	0.015259839	0.42532115	0.22964667	0.80587512	0.84148693	-0.14480259	0.41815886	-0.19173787	0.26848583	0.16700197	0.35652394	0.44896626	-0.11328406	0.21781807	0.091884403	0.359306	-0.034122334	0.11646017	0.2757106	0.24756032	0.29993871	0.093638243	0.066261546	0.2738153
0.24090881	0.58701761	0.87415276	0	0.24970094	0.26928006	0.59877002	0.85006972	0.34116123	0.46966963	0.39111101	0.74027908	0.53723885	0.61116544	0.47831431	0.46600343	0.87652195	0.66505779	0.5425277	0.74216857	0.68890287	0.63737628	0.51587255	0.30765687	0.17437196	0.75443828	0.74676454	0.90468768	0.93769914	0.3560029	0.20308174	0.14194653	0.91292314	0.89931795	0.47370545	0.86028601	0.57686984	0.66558677	0.2264938	0.27574322	0.90964665	-0.11075015	0.41070086	0.51578029	0.92683351	0.86021787	0.57151373	0.87562546	0.82459854	0.57031795	0.62128234	0.61182364	0.2959095	0.26123984	0.15777246	0.42920217	0.53340629	0.70900382	0.81881446	0.60231082	0.66270209	0.40934081	0.42366807	0.27756773	0.65469635	0.53199482	0.88553308	0.45483547	0.76039304	0.16999062	0.53383727	0.48403174	0.59124022	0.8635279	0.19518584	0.59667868	0.83051351	0.98130204	0.02266797	0.21536519	0.5342718	0.87838212	0.14271709	0.2483971	0.39369348	0.68152421	0.081948182	0.41912328	0.33350989	0.34498987	0.85205717	0.61161916	0.49681851	0.75214968	0.70478428	0.63139705	0.44628593	0.31362336	0.11957427	0.6648493	0.78039872	0.8592923	0.92441954	0.40554646	0.34723243	0.10918791	0.89370401	0.90784042	0.63488664	0.91196974	0.32639284	0.5041774	0.25421512	0.038763334	0.93304826	0.0093326248	0.12782518	0.54573399	0.91367906	0.76670431	0.49235166	0.83752028	0.78156297	0.16650082	0.6974451	0.56158858	0.36238437	0.089653355	0.37061836	0.56285295	0.62609119	0.71204267	0.75387461	0.53653858	0.72845665	0.27811856	-0.076334861	0.15558115	0.70783961	0.20203427	0.88025996	0.18948204	0.72362728	0.007723335	0.43068169	0.31009967	0.77909826	0.87017912	-0.0071677125	0.52764774	-0.068903092	0.41596254	0.29949009	0.39372462	0.51172472	-0.11663979	0.17147706	0.23371904	0.4391294	0.040191523	0.31111175	0.34219951	0.28276045	0.25313103	0.095571226	0.10547057	0.3524572
0.50249979	0.43728571	0.17137613	0.24970094	0	0.72671433	0.59509031	0.5393436	0.63576055	0.55693747	0.41348047	0.39966247	0.29979298	0.3892153	0.67631801	0.62552007	0.10585807	0.32054421	0.5828281	0.32579663	0.3727849	0.38999219	0.30466075	0.30004397	0.5090126	0.39622322	0.40837346	0.17123404	0.28733628	0.70019955	0.079945962	0.096423602	0.31563188	0.23676792	0.40243732	0.33326802	0.40203483	0.50618873	0.22104445	0.34655394	0.22888966	0.31100508	0.19488638	0.48776738	0.19621399	0.37634617	0.39977924	0.31941451	0.36618169	0.24939564	0.2725591	0.45302235	0.72002148	0.79774242	0.4870594	0.40129195	0.37116302	0.34645985	0.30745761	0.28955492	0.29263282	0.30897319	0.4809236	0.44784533	0.51096094	0.61283014	0.20766508	0.33581098	0.37048396	0.40552659	0.59668649	0.41823939	0.37862825	0.3628627	0.69317216	0.38820596	0.13487487	0.25958828	0.4606821	0.68692416	0.56452871	0.44594479	0.40395773	0.34702232	0.39929699	0.37068674	0.14654855	0.30015834	0.63737311	0.49795601	0.39430334	0.45443842	0.49982798	0.31925408	0.43464759	0.33281918	0.4100484	0.40206666	0.34085714	0.30508627	0.32692685	0.16012751	0.26980231	0.64109628	0.22318765	0.32233771	0.38882606	0.29228912	0.14100612	0.33254983	0.35337679	0.46290211	0.26649415	0.20908045	0.32247489	0.3341022	0.04742342	0.53589805	0.21004686	0.48930028	0.32090255	0.36254755	0.39397098	0.23014355	0.2555944	0.33753438	0.82658931	0.64680501	0.44496493	0.34540069	0.22178456	0.22985136	0.29507701	0.34540399	0.37142748	0.47489323	-0.017741927	0.12863348	0.36231077	0.37777493	0.27076156	0.20132915	0.40757616	0.14166448	0.56847003	0.41625584	0.40452749	0.34514978	0.49855499	0.41677643	0.41463568	0.43368164	0.39772504	0.31433165	0.26625313	0.035053861	0.37994476	0.68121089	0.50229596	0.46984021	0.458184	0.21918506	0.29103703	-0.12048383	0.083985499	0.17695452	0.43002027
0.52588714	0.52432426	0.2226917	0.26928006	0.72671433	0	0.63521531	0.60008909	0.76231536	0.60336091	0.53000281	0.39918229	0.4577683	0.45997683	0.62758107	0.78398269	0.17863024	0.37748581	0.55332128	0.35092518	0.35827025	0.45294314	0.28435711	0.46963479	0.50414892	0.35520235	0.36451348	0.21903081	0.29796441	0.65847706	0.18697314	0.31797073	0.39645548	0.32482068	0.38548268	0.31742849	0.26648109	0.61034021	0.17615884	0.54220657	0.29235233	0.37109614	0.32401266	0.60702383	0.23087262	0.41751069	0.56874657	0.37495327	0.35315797	0.28144645	0.3141433	0.42804284	0.66576889	0.72871241	0.61630991	0.25788024	0.43775073	0.37087483	0.33997983	0.32312232	0.25047255	0.39491636	0.56308848	0.42355067	0.47517729	0.70347569	0.26691675	0.29023316	0.39717533	0.48788456	0.71529143	0.35825411	0.5079027	0.4000175	0.63618264	0.46244088	0.15041384	0.27823449	0.58245394	0.88020792	0.59287586	0.51006415	0.38647885	0.34335282	0.44350516	0.3655226	0.28881345	0.50516587	0.65736582	0.74814633	0.3691013	0.44192679	0.55459055	0.3372566	0.41873395	0.36637118	0.35153752	0.67679322	0.53269012	0.25965826	0.28824199	0.20999098	0.28370392	0.65208837	0.26700728	0.43657706	0.43474696	0.31952616	0.23739661	0.34193889	0.32658187	0.68855585	0.48193915	0.28298089	0.33771096	0.4105286	0.29591611	0.57843069	0.2388777	0.44276351	0.58111703	0.43014743	0.34183311	0.21299705	0.29092743	0.35405904	0.79034806	0.77797727	0.48057347	0.29148671	0.31302028	0.24943656	0.33378948	0.33942909	0.33131875	0.61991493	-0.042815359	0.22120942	0.36546684	0.59070296	0.31479222	0.16022247	0.38816323	0.33368692	0.73776362	0.50835896	0.53854434	0.35935406	0.53615113	0.49753572	0.48638243	0.42308462	0.41749142	0.49384577	0.34629993	0.050728775	0.56938332	0.62701187	0.49022025	0.56958433	0.3933571	0.28613656	0.42562597	0.072741381	0.068162993	0.22189196	0.47469638
0.46329469	0.52725819	0.43239444	0.59877002	0.59509031	0.63521531	0	0.80301904	0.52039058	0.4645337	0.56629787	0.76930796	0.57706469	0.43554798	0.63663484	0.50345749	0.51845663	0.66602704	0.45853494	0.5378573	0.4481513	0.56173113	0.27072773	0.28503936	0.17238067	0.7360624	0.57986864	0.44336334	0.56182773	0.38418707	0.015239401	-0.0099237332	0.66576778	0.46829752	0.27488207	0.69009775	0.55962252	0.44723042	0.40755998	0.29171407	0.54905355	0.2773553	0.27972639	0.69783686	0.48553262	0.6563204	0.58580135	0.68945202	0.78685204	0.31491137	0.41337581	0.59690918	0.60248743	0.47878748	0.31110337	0.5125559	0.53546595	0.55741765	0.43654893	0.47669368	0.36776684	0.17964834	0.58230713	0.55718228	0.57251232	0.83974431	0.47678444	0.54331877	0.66374391	0.1583843	0.45828586	0.51430238	0.26918983	0.62311176	0.62652565	0.5364727	0.35148776	0.60481165	0.13519203	0.63095685	0.89180235	0.74039694	0.1053458	0.077346653	0.41351921	0.8022438	0.24992298	0.44545598	0.6278063	0.37500061	0.73468946	0.80231403	0.48842451	0.51576027	0.53593243	0.54860891	0.26343748	0.35344675	0.15051306	0.73417481	0.55249219	0.3817737	0.57374089	0.50825638	0.13708312	0.086612534	0.65066072	0.52897524	0.28294191	0.73218707	0.39378086	0.42268661	0.53972259	0.31197664	0.6215898	0.33755316	-0.025521802	0.67844862	0.45596031	0.7863657	0.5107978	0.76996639	0.84990792	0.32915659	0.45122019	0.6300194	0.73448688	0.29723039	0.70704202	0.65904378	0.49822495	0.54250996	0.44945175	0.49944727	0.46531498	0.38024491	-0.19859479	0.37930396	0.51677904	0.53889401	0.52519881	0.44717643	0.68923617	-0.13200758	0.40968337	0.33794801	0.5608272	0.62043644	0.42676017	0.59386123	0.40103842	0.57785138	0.3970829	0.29682369	0.26290866	0.048460592	0.31721215	0.55086782	0.53554551	0.46876159	0.54223635	0.43968242	0.17134603	0.063544518	0.26206511	0.17085713	0.49006062
0.47807952	0.69685529	0.76020486	0.85006972	0.5393436	0.60008909	0.80301904	0	0.55486969	0.54531474	0.5684846	0.84660714	0.7086222	0.70917173	0.7388982	0.67541146	0.73751141	0.73327131	0.63772184	0.77134082	0.71309668	0.72442162	0.4653357	0.48253268	0.32463243	0.8596667	0.82080227	0.78768012	0.85433656	0.50392462	0.12169979	0.10309699	0.87382801	0.81054679	0.49927663	0.89376504	0.68590541	0.76266954	0.35168197	0.48254768	0.81014866	0.085936849	0.47817951	0.69352974	0.81069962	0.88329917	0.7495533	0.87724936	0.86077739	0.50498108	0.65330494	0.7706684	0.58700961	0.47231393	0.46168229	0.56624278	0.64259672	0.77691049	0.77321045	0.68353867	0.66920983	0.51687528	0.60580721	0.47017997	0.72909551	0.76731638	0.8043395	0.60059438	0.84072252	0.23377481	0.70924609	0.6501235	0.61661036	0.84446333	0.47541841	0.68691998	0.69934223	0.83964862	0.095916092	0.4801974	0.72789614	0.9376354	0.17849102	0.18802551	0.51033689	0.79802456	0.22728049	0.5859353	0.62902716	0.52441481	0.86576183	0.77837209	0.61613688	0.77683998	0.75058267	0.68043509	0.45170261	0.5183363	0.29680191	0.76526921	0.82028661	0.73502906	0.83744358	0.54594376	0.31451616	0.18816142	0.90031051	0.83894486	0.53806118	0.90835652	0.4973876	0.6460475	0.44793253	0.19877726	0.85570668	0.2010718	0.14821432	0.73477098	0.78146178	0.86488286	0.68080707	0.86108154	0.83595689	0.2892157	0.67864463	0.72297197	0.65436025	0.31645592	0.62876407	0.71918	0.66033208	0.74982819	0.75539528	0.63741298	0.70811225	0.54010531	-0.098088171	0.26496509	0.71357763	0.37565066	0.83167021	0.35889834	0.81526298	-0.021738031	0.55652791	0.44280716	0.83362255	0.83920304	0.22638052	0.63416721	0.19606149	0.54726491	0.40757546	0.38189864	0.44677584	-0.073760241	0.40053804	0.46361019	0.55954476	0.33298336	0.4828848	0.4469697	0.25043289	0.20563013	0.16533948	0.14226218	0.46644772
0.59415312	0.53501742	0.29363587	0.34116123	0.63576055	0.76231536	0.52039058	0.55486969	0	0.74106809	0.47698038	0.44849627	0.50788518	0.53227022	0.68431781	0.73272831	0.21883662	0.3236345	0.66971419	0.34377211	0.40816811	0.45669861	0.37939566	0.53871685	0.72453094	0.41649135	0.34261856	0.27761563	0.36224496	0.77090087	0.20794194	0.32887305	0.40167775	0.37465791	0.28394149	0.3160877	0.34552078	0.61018141	0.45534029	0.55890731	0.30594976	0.39214637	0.22611784	0.58282919	0.27716557	0.43378053	0.41185999	0.37880803	0.36875995	0.29774238	0.29267089	0.57437527	0.52045975	0.75053668	0.45175513	0.50551932	0.46321709	0.38105982	0.37305527	0.33561153	0.3379433	0.3948704	0.51178462	0.47063797	0.60700455	0.63458299	0.29641995	0.51704511	0.37745241	0.45464099	0.70359254	0.37934907	0.52964461	0.43348114	0.52817647	0.46165968	0.22929809	0.33725376	0.63721116	0.62028665	0.45101515	0.45149003	0.60487763	0.47878297	0.35864072	0.24936213	0.29689295	0.3852537	0.66001582	0.58526331	0.34474871	0.34141044	0.60812443	0.3476305	0.43466597	0.35203029	0.40752775	0.47379971	0.56718347	0.22214942	0.29497126	0.27138339	0.34437829	0.69512493	0.34238585	0.28625571	0.44991563	0.35628055	0.15635409	0.37159723	0.30960742	0.60555203	0.45916446	0.38724954	0.39973643	0.42681427	0.18808646	0.57123136	0.3104838	0.41362563	0.38394715	0.42707803	0.30036241	0.18323078	0.29847766	0.20855188	0.6643154	0.57510184	0.36992394	0.3230265	0.31831808	0.24915816	0.4273098	0.36429848	0.42498533	0.33036683	-0.019217586	0.22832925	0.4910534	0.49406054	0.3509815	0.23582148	0.40626724	0.31151928	0.76475406	0.51729441	0.48363788	0.43924545	0.53845436	0.55936491	0.43466864	0.35360672	0.33062117	0.63308545	0.22344277	0.058872941	0.5435383	0.68183982	0.47061019	0.45119784	0.31922632	0.194788	0.49183025	0.18645349	0.12822474	0.27318366	0.49667254
0.25327686	0.58962003	0.35402905	0.46966963	0.55693747	0.60336091	0.4645337	0.54531474	0.74106809	0	0.61194649	0.39128563	0.38244237	0.46053297	0.50224097	0.59766451	0.34846377	0.23190927	0.83878306	0.4882002	0.48512974	0.62019177	0.52734362	0.3133032	0.54171136	0.34371344	0.47003841	0.38876344	0.46595767	0.80260265	0.21557145	0.36624519	0.52634851	0.46714473	0.35036595	0.35793459	0.36343338	0.53686495	0.32702179	0.31739471	0.40941416	0.34657321	0.14836277	0.69691699	0.40712339	0.52303127	0.32845533	0.46885141	0.31155555	0.2941628	0.39861061	0.46104077	0.42913334	0.68704343	0.29397506	0.43852689	0.48253919	0.49502494	0.53042333	0.40551749	0.48432019	0.23461605	0.33944367	0.33998653	0.78818862	0.60236638	0.37113766	0.37080877	0.43236772	0.51373576	0.66285612	0.34263109	0.47927353	0.55926277	0.31005373	0.4723049	0.34132686	0.46611916	0.61418012	0.56794634	0.41632938	0.49942586	0.50395269	0.73569686	0.55074233	0.21312669	0.25437699	0.34421441	0.4265255	0.43854332	0.3575936	0.29819926	0.70223343	0.44249456	0.50887561	0.53174603	0.53953522	0.24967813	0.28984494	0.19330382	0.38691292	0.37918799	0.4528269	0.77434357	0.38705425	0.32309116	0.4651667	0.42723586	0.22531654	0.45194385	0.18960702	0.47533747	0.24369291	0.21283036	0.47117546	0.44609007	0.1159434	0.65543789	0.42959577	0.49442789	0.27409326	0.45309498	0.31534648	0.23526745	0.45260064	0.22180316	0.52251631	0.55688365	0.18604256	0.33304727	0.34632721	0.35280292	0.49502793	0.43861217	0.53466788	0.16484022	-0.07721373	0.20584368	0.66452992	0.47599939	0.40614015	0.19748874	0.41552418	0.37923069	0.73884651	0.31150056	0.47119977	0.50858448	0.40719039	0.62021098	0.36309421	0.40334337	0.38759964	0.70943625	0.32339638	0.020290609	0.43883454	0.56103739	0.52880009	0.34174021	0.39330904	0.12478875	0.60516926	0.19319532	-0.066885462	0.31796151	0.49128961
0.20529338	0.80683968	0.23694313	0.39111101	0.41348047	0.53000281	0.56629787	0.5684846	0.47698038	0.61194649	0	0.41422873	0.35124824	0.35324608	0.43749432	0.40824911	0.33948169	0.40064752	0.68756325	0.70370663	0.53423589	0.84249443	0.30461901	0.19115401	0.16400533	0.41443399	0.56518672	0.2751326	0.35464215	0.40162418	-0.015059772	0.15375432	0.46697299	0.3870589	0.18421054	0.42931847	0.42810787	0.39992252	0.2847118	0.093693712	0.35054273	0.61206112	0.27222819	0.87583364	0.29624495	0.53874026	0.2956824	0.5247215	0.36378127	0.27941226	0.63053154	0.39488927	0.30172144	0.3771696	0.10156475	0.43771597	0.76463903	0.67397391	0.44355288	0.54160439	0.56637084	0.12176233	0.37183254	0.37991201	0.54956183	0.66062258	0.28598363	0.31377775	0.53054826	0.19339322	0.41154287	0.36861276	0.22308233	0.52282765	0.36478657	0.72569318	0.21017416	0.37339816	0.27966654	0.50034759	0.55252661	0.54252869	0.24408565	0.30197998	0.83944918	0.37447649	0.27391977	0.37612297	0.44060466	0.3121147	0.42285567	0.45920155	0.7191402	0.6478709	0.65073594	0.78902482	0.3010721	0.20784703	0.10760349	0.41680984	0.46247969	0.22256402	0.33454266	0.46896965	0.16993163	0.087345621	0.45235095	0.39372326	0.14455932	0.52008117	0.27080749	0.39763549	0.31508412	0.13360402	0.39139424	0.74367512	0.010313968	0.89353576	0.27358745	0.54783659	0.26504733	0.55640186	0.4155198	0.38887508	0.62863759	0.40879991	0.49344107	0.3014987	0.31026537	0.54545303	0.66918615	0.62305715	0.56838612	0.65015463	0.54617069	0.22190304	-0.071114943	0.36025632	0.51265881	0.4593311	0.3203236	0.34130739	0.4603206	0.13243944	0.41696817	0.28501309	0.38513326	0.49428339	0.46975334	0.65198169	0.46253269	0.57716205	0.37521608	0.39381409	0.15661324	0.092025594	0.27129098	0.54541511	0.54767221	0.50225136	0.55475995	0.22564575	0.26037316	-0.017413514	0.11969613	0.34196956	0.60537282
0.50142274	0.52296889	0.61313144	0.74027908	0.39966247	0.39918229	0.76930796	0.84660714	0.44849627	0.39128563	0.41422873	0	0.8413634	0.7571268	0.74511859	0.59547787	0.68937915	0.78441695	0.46256146	0.65778633	0.63922077	0.57705527	0.40841946	0.59457275	0.34696435	0.90839687	0.72982286	0.60222025	0.72774467	0.3023866	0.1511405	-0.016876493	0.70610647	0.6674521	0.34929362	0.84850196	0.74881194	0.65124568	0.57157573	0.5188125	0.6606645	0.023297231	0.45412815	0.5750988	0.64956328	0.71028747	0.68498858	0.76784657	0.89582714	0.47709527	0.54673713	0.87638698	0.48073822	0.32387666	0.38329106	0.70477859	0.51832102	0.70233142	0.59611712	0.65702252	0.58527516	0.48908792	0.59628049	0.58264593	0.60279363	0.6389777	0.65257628	0.82063694	0.81248354	0.23007562	0.52330661	0.68304986	0.52356262	0.65284958	0.38810706	0.59094576	0.56041118	0.73242933	-0.069193967	0.24709864	0.71362053	0.78038554	0.096174486	-0.0078966809	0.31379205	0.864113	0.29747138	0.60363149	0.64432118	0.34699371	0.81421272	0.80511668	0.47058369	0.67329445	0.63873808	0.57679978	0.32747271	0.41583412	0.2933439	0.83458613	0.72347682	0.53179207	0.7364174	0.29858042	0.28755807	-0.0036321668	0.73833971	0.68965808	0.44875937	0.83252178	0.52457075	0.50630195	0.58744413	0.38791893	0.72621687	0.12541836	0.040990471	0.5893704	0.61324473	0.76238778	0.59665764	0.7730637	0.86400215	0.28463008	0.63155994	0.75685549	0.50891357	0.022509994	0.66715382	0.75711267	0.60989348	0.72637943	0.59756528	0.55072148	0.68357454	0.38439171	-0.14704311	0.42577124	0.581177	0.24549603	0.67830898	0.54382122	0.76790824	-0.12921245	0.3118282	0.4391459	0.67614438	0.69051762	0.20940816	0.50777743	0.22506846	0.54865531	0.3570757	0.22333998	0.30795271	-0.072054468	0.29573199	0.49082686	0.33746663	0.2679	0.50302946	0.4540047	0.08159057	0.1790832	0.25130407	0.0087802071	0.29205451
0.5093351	0.46215779	0.51610587	0.53723885	0.29979298	0.4577683	0.57706469	0.7086222	0.50788518	0.38244237	0.35124824	0.8413634	0	0.82151027	0.72926235	0.67204935	0.48762971	0.61312778	0.42406941	0.52458726	0.54865676	0.49847303	0.34238696	0.68941198	0.46655438	0.74590947	0.61294299	0.5029949	0.58562735	0.34544751	0.20248428	0.049113079	0.53555949	0.57798539	0.30689936	0.69458892	0.60920105	0.66930442	0.57645944	0.69898215	0.52161569	0.026210549	0.48199787	0.48468256	0.52582502	0.58764205	0.7095875	0.62752853	0.66459889	0.38436496	0.4491472	0.84881885	0.52272779	0.30649433	0.55906599	0.63893164	0.42054962	0.58952691	0.53732071	0.6015781	0.48293513	0.59763009	0.53432233	0.5004623	0.52915597	0.54520884	0.55855148	0.77973072	0.66518158	0.25472258	0.62548688	0.58523815	0.60401424	0.50268331	0.27406612	0.50000146	0.46616548	0.54044825	-0.049254077	0.21516597	0.53625362	0.63773192	0.1442631	-0.034959982	0.24034388	0.6511038	0.29665095	0.65859982	0.57527998	0.4542224	0.59112912	0.67008234	0.39590809	0.54630564	0.51894767	0.47937897	0.20129229	0.55117702	0.37189332	0.61758188	0.612591	0.44655658	0.58467403	0.24699697	0.27082549	0.017073211	0.62748532	0.5580552	0.35259551	0.6541613	0.42671182	0.53243119	0.59784498	0.42172976	0.56557273	0.1123558	0.055275792	0.50014141	0.4843178	0.54882221	0.70226327	0.61452323	0.60675066	0.20627498	0.51818958	0.6417755	0.41591239	0.087265152	0.50596956	0.60604122	0.4961314	0.57720049	0.55728031	0.49170289	0.59012732	0.46912246	-0.13193164	0.34584723	0.45886709	0.25799755	0.5565212	0.4715752	0.61808639	-0.05970806	0.36906211	0.40196193	0.63439264	0.54531234	0.21967582	0.45654942	0.26857131	0.44998947	0.33254816	0.22315073	0.25069049	-0.090784389	0.45247742	0.46863687	0.26276487	0.29465895	0.42976206	0.36205333	0.0086547792	0.22684062	0.16000845	0.029263673	0.21585409
0.39286328	0.56262572	0.6370087	0.61116544	0.3892153	0.45997683	0.43554798	0.70917173	0.53227022	0.46053297	0.35324608	0.7571268	0.82151027	0	0.72625188	0.82895108	0.53454409	0.49263661	0.53166736	0.6213216	0.69160445	0.55477908	0.49399556	0.69217809	0.58510801	0.67748652	0.64958756	0.59612476	0.69068985	0.433925	0.35635006	0.19308187	0.59815796	0.71520815	0.43351703	0.68633363	0.64035291	0.86378739	0.36477883	0.64728003	0.5890471	-0.0028444622	0.56945021	0.41367813	0.6215369	0.58257029	0.63105562	0.60112967	0.56197083	0.52670081	0.55030534	0.86101046	0.49250859	0.4170242	0.50192624	0.58818949	0.48504802	0.65012862	0.65820657	0.70260513	0.60971889	0.77820019	0.47721109	0.39770016	0.49404459	0.44742226	0.65054415	0.71628112	0.656732	0.40963527	0.75879624	0.57412258	0.86094695	0.57019109	0.19052184	0.61172808	0.60424656	0.62271671	0.12564814	0.1842095	0.42750186	0.64782366	0.22789729	0.1132573	0.33992254	0.555279	0.25131055	0.67161815	0.52516143	0.61642702	0.60025659	0.51707243	0.49432181	0.66059637	0.64011289	0.50096371	0.32808773	0.59771305	0.44023748	0.50823092	0.64040589	0.57481753	0.66055018	0.25213904	0.38741002	0.16467299	0.68185041	0.67954819	0.48652063	0.62619918	0.49420172	0.67409894	0.37596099	0.21463054	0.62450506	0.094327788	0.23008501	0.47044028	0.60490665	0.47041304	0.60284081	0.53805582	0.4949516	0.14139764	0.57938954	0.64103663	0.40958604	0.20662347	0.36033702	0.50372025	0.53614697	0.59742223	0.69101776	0.50725577	0.67135317	0.59228589	-0.11073026	0.2627831	0.44519697	0.11786149	0.66554364	0.34510099	0.60598445	0.213412	0.46588612	0.50548831	0.75899438	0.6082172	0.18565779	0.43984694	0.19430991	0.46328951	0.31954868	0.31803927	0.42685136	-0.15395075	0.41111164	0.5040857	0.27304085	0.26268834	0.4066308	0.28662484	0.13601545	0.22017431	0.099867447	0.069740006	0.20122427
0.81771764	0.58907564	0.41354226	0.47831431	0.67631801	0.62758107	0.63663484	0.7388982	0.68431781	0.50224097	0.43749432	0.74511859	0.72926235	0.72625188	0	0.78973122	0.3725602	0.52847509	0.61980878	0.54574811	0.5640126	0.52230507	0.42030178	0.7044664	0.73800049	0.79068185	0.64495873	0.42024253	0.52261359	0.60799629	0.065589801	0.011069081	0.51262223	0.49833403	0.33277205	0.60994126	0.6659711	0.74819578	0.54473152	0.69286484	0.45493678	0.23074431	0.40617341	0.55005082	0.42178582	0.59809748	0.59497098	0.54726286	0.63177533	0.32094744	0.45542813	0.84871331	0.70552527	0.6993093	0.62341651	0.73999796	0.51938439	0.61955172	0.51902379	0.54856752	0.53130771	0.67502045	0.58874093	0.60843614	0.60342164	0.62114601	0.4933543	0.76620948	0.63913709	0.19991878	0.68406278	0.76772106	0.60463645	0.54402014	0.6362764	0.58461593	0.35762908	0.4639964	0.17467062	0.38941281	0.51134225	0.61511673	0.35173335	0.10386371	0.35480262	0.55012388	0.22689815	0.46964153	0.85145759	0.50072765	0.56999247	0.57424155	0.57513428	0.54427403	0.59836086	0.46978398	0.37972343	0.58677634	0.59076662	0.57902751	0.61813055	0.37731757	0.49849429	0.46853523	0.28976702	0.070860009	0.60596689	0.51236668	0.20800059	0.59916248	0.57297037	0.61532175	0.51047166	0.43228293	0.52185073	0.31141416	-0.014295577	0.60573187	0.4086543	0.61231494	0.50824813	0.56026575	0.56642717	0.19123173	0.48806413	0.49354897	0.74846954	0.34393425	0.61696843	0.62354064	0.47371842	0.52628862	0.55915716	0.52737185	0.57105467	0.53072274	-0.036639363	0.27093112	0.49553097	0.29054302	0.51875719	0.41144301	0.5835836	-0.092769188	0.4740564	0.61367174	0.57630632	0.59511405	0.43114499	0.53512296	0.35186832	0.46424898	0.35224792	0.28354948	0.20181975	-0.12042012	0.4730038	0.75033105	0.47252003	0.39078804	0.38976222	0.29564257	0.15629729	0.079165955	0.11684333	0.061064328	0.39341868
0.52810592	0.56186642	0.45071805	0.46600343	0.62552007	0.78398269	0.50345749	0.67541146	0.73272831	0.59766451	0.40824911	0.59547787	0.67204935	0.82895108	0.78973122	0	0.35526155	0.40646023	0.59931179	0.45163223	0.52294963	0.46152453	0.4735197	0.71859608	0.73926934	0.52915001	0.4919535	0.42503797	0.5315571	0.64293083	0.3952306	0.30103713	0.51567403	0.56686004	0.46042293	0.46880276	0.46844164	0.86365276	0.29282642	0.72527795	0.46833515	0.2117432	0.52088132	0.48524448	0.45282425	0.50652019	0.59212337	0.47786915	0.45264153	0.44451797	0.39505473	0.70929248	0.61566896	0.71672932	0.62588067	0.44605342	0.46222293	0.50206945	0.53174352	0.52808453	0.42048977	0.75640544	0.54046106	0.45594321	0.49191529	0.55814889	0.48928596	0.55521931	0.5327927	0.53291918	0.82779611	0.5333129	0.82849622	0.53335443	0.41708339	0.54979035	0.41197342	0.47140385	0.47383946	0.52831984	0.4566767	0.57894903	0.42260813	0.29565449	0.359254	0.43194796	0.32233297	0.62586906	0.67940216	0.82569744	0.48230234	0.43276765	0.58254495	0.4711527	0.54534099	0.3975956	0.44233876	0.75052688	0.65450988	0.34523164	0.46763292	0.4208461	0.51176932	0.47103778	0.42993232	0.34593758	0.59499412	0.51479425	0.40620294	0.48054373	0.48561442	0.80226723	0.4375933	0.31969449	0.51431246	0.26394457	0.33637192	0.52073311	0.45933716	0.40320509	0.58500128	0.47325328	0.37266723	0.14481847	0.40731134	0.45932459	0.64196774	0.57891461	0.39460129	0.34523278	0.38972985	0.38675911	0.52975172	0.42226385	0.52844643	0.67787972	-0.033665678	0.24134328	0.3912399	0.31201891	0.50759963	0.24133045	0.48497443	0.37947238	0.65893624	0.64720444	0.67205682	0.52949801	0.42815419	0.50105941	0.35745705	0.45220937	0.37841939	0.50686673	0.44839083	-0.14885355	0.5515392	0.67928586	0.42043554	0.4438711	0.383324	0.27442333	0.37694742	0.17985007	0.038033267	0.16597805	0.36361431
0.18282834	0.51345273	0.74574831	0.87652195	0.10585807	0.17863024	0.51845663	0.73751141	0.21883662	0.34846377	0.33948169	0.68937915	0.48762971	0.53454409	0.3725602	0.35526155	0	0.66978939	0.4493917	0.72480806	0.69222568	0.60348299	0.53551806	0.32290387	0.042740802	0.70220865	0.7242644	0.77339831	0.7884812	0.16444381	0.2217041	0.069538166	0.78062201	0.81044558	0.41798647	0.78809299	0.57372699	0.58999704	0.15212583	0.16534689	0.8034419	-0.19643223	0.48882315	0.47749538	0.78034698	0.75703156	0.5330506	0.80060194	0.77932001	0.63065384	0.65236809	0.54144181	0.17471289	0.081388325	0.10993798	0.37331502	0.45595293	0.72014233	0.76377854	0.63698063	0.67011013	0.39289677	0.44541774	0.30304733	0.55161989	0.49149492	0.76515162	0.39118242	0.73404667	0.16058408	0.41041481	0.50146697	0.5045108	0.73339694	0.076849152	0.54282796	0.71237379	0.84836782	-0.078094386	0.12247686	0.46042458	0.79879986	0.093739691	0.18185812	0.38434677	0.65643933	0.19835361	0.51037548	0.27848058	0.27671812	0.79960897	0.59378091	0.40935349	0.71942044	0.63699399	0.58638997	0.44120265	0.30735535	0.099067719	0.67516788	0.7531798	0.72414783	0.79974649	0.25835649	0.25229046	0.07734761	0.76200593	0.79736428	0.60227915	0.81582842	0.38085528	0.45230495	0.31378774	0.093228412	0.78694596	-0.066013317	0.18675291	0.47960443	0.76909117	0.69348606	0.4803376	0.74405188	0.70953709	0.25126283	0.67165243	0.59911998	0.19916568	-0.043654552	0.34981865	0.57716847	0.59649343	0.72072772	0.68773906	0.54836843	0.67243153	0.25744005	-0.12708981	0.27357243	0.66895032	0.18408381	0.79911925	0.29930079	0.66299302	0.048541992	0.32161405	0.3113002	0.68643507	0.72941316	-0.08015848	0.41356069	-0.10083956	0.41776157	0.28370376	0.31627081	0.45427623	-0.12277267	0.094463005	0.10625386	0.35337388	0.0094763424	0.25325361	0.38530625	0.2380374	0.28553039	0.13249308	0.058824035	0.22669906
0.41667556	0.49464897	0.50539493	0.66505779	0.32054421	0.37748581	0.66602704	0.73327131	0.3236345	0.23190927	0.40064752	0.78441695	0.61312778	0.49263661	0.52847509	0.40646023	0.66978939	0	0.34596481	0.62909026	0.58854248	0.5527986	0.39586835	0.45777133	0.12062504	0.75903599	0.65857641	0.50813139	0.58799118	0.16407362	0.19899438	0.028697933	0.59024794	0.61486969	0.39495465	0.73378334	0.62295841	0.55871404	0.36232297	0.32438182	0.58602205	-0.024398063	0.45846966	0.5340871	0.53213632	0.65047466	0.63838559	0.72136967	0.83981149	0.58461057	0.5749508	0.57846665	0.28706427	0.17355637	0.26004865	0.44913872	0.4821029	0.63000812	0.55827989	0.57863585	0.55004132	0.33893728	0.6827528	0.5463612	0.46885612	0.57022324	0.54207673	0.51170065	0.69708171	0.22688052	0.37171747	0.5680648	0.37398605	0.56926194	0.3376096	0.55304884	0.42934734	0.62239339	-0.080174075	0.34165384	0.62072304	0.7090331	0.16721977	-0.0034431516	0.39877814	0.75595647	0.27962528	0.53617544	0.52297845	0.31555321	0.80146951	0.77720742	0.38298226	0.64653718	0.58471707	0.52906603	0.36545978	0.42548044	0.25114933	0.7476699	0.62098402	0.43547771	0.5834809	0.21207342	0.31972716	0.058692267	0.64557543	0.62431309	0.48577945	0.72437491	0.45927341	0.48186351	0.57951915	0.33558274	0.63298782	0.0752025	0.16324881	0.52714779	0.49237754	0.68727242	0.58379771	0.73161469	0.77331453	0.34081488	0.59669045	0.64414331	0.40642077	0.026795893	0.55492678	0.63223385	0.57551299	0.66979008	0.51714856	0.50009807	0.60053385	0.29869548	-0.0099593989	0.37056327	0.53519945	0.25686618	0.56839843	0.40660685	0.63883943	-0.064857829	0.28721687	0.47880182	0.5994697	0.58176329	0.09581614	0.32303023	0.10767061	0.48159481	0.33357112	0.16774194	0.32750116	0.049003093	0.16057186	0.29338757	0.29346325	0.24525273	0.45771093	0.54397854	0.097282827	0.17839776	0.26951932	0.018514735	0.2342487
0.32929179	0.78632017	0.47873246	0.5425277	0.5828281	0.55332128	0.45853494	0.63772184	0.66971419	0.83878306	0.68756325	0.46256146	0.42406941	0.53166736	0.61980878	0.59931179	0.4493917	0.34596481	0	0.71722385	0.69053329	0.76027299	0.62487866	0.37600072	0.54138221	0.49287403	0.69697215	0.4885959	0.5548702	0.78380473	0.1932259	0.25577507	0.56859751	0.5795526	0.37567555	0.49258603	0.52236442	0.6735802	0.33204895	0.31261589	0.52035357	0.3453498	0.27501481	0.70919021	0.48550068	0.65249545	0.34100065	0.56380711	0.4043801	0.41887862	0.66065328	0.54941049	0.47579026	0.68439695	0.29888878	0.57128948	0.69717659	0.75500216	0.68169273	0.542384	0.71028051	0.33899953	0.41280349	0.33134546	0.79793313	0.60307729	0.51113922	0.42529396	0.58056901	0.40417848	0.73199832	0.49785146	0.555727	0.61449573	0.36857494	0.68547816	0.47807276	0.52604309	0.47776424	0.475856	0.40253295	0.59132281	0.47295067	0.65010025	0.71391794	0.28754053	0.2268209	0.39501801	0.53121214	0.39681441	0.46958003	0.33780009	0.8577341	0.69060551	0.73883673	0.72412973	0.60014217	0.2884745	0.31702012	0.33962081	0.62212268	0.4725599	0.51988292	0.76348636	0.35501096	0.2296657	0.56527306	0.57302494	0.28338385	0.56088069	0.36517888	0.55483716	0.22393421	0.15225052	0.55629609	0.46803	0.06539906	0.71742781	0.50142147	0.62963579	0.29438021	0.52739747	0.40731218	0.31605695	0.62081475	0.3434517	0.59633328	0.51941321	0.2841238	0.51849605	0.59161085	0.62305039	0.70956075	0.66556885	0.69463695	0.26355587	-0.0068581449	0.21062142	0.76931575	0.4444432	0.54476544	0.25272787	0.53931441	0.29969467	0.72737334	0.41373634	0.60357019	0.60405647	0.38375224	0.5721305	0.23434031	0.41052568	0.37283018	0.61161924	0.31803297	-9.0821298e-05	0.42049884	0.56717625	0.5235927	0.2872652	0.33858044	0.14440053	0.49915023	0.17438935	0.0031189391	0.27598903	0.55271131
0.25964987	0.82035592	0.66907176	0.74216857	0.32579663	0.35092518	0.5378573	0.77134082	0.34377211	0.4882002	0.70370663	0.65778633	0.52458726	0.6213216	0.54574811	0.45163223	0.72480806	0.62909026	0.71722385	0	0.87224392	0.9083554	0.52485804	0.34180455	0.18189172	0.70833848	0.89510913	0.67973162	0.73035257	0.36199369	0.13164395	0.093580678	0.70417683	0.77004367	0.37606572	0.77474245	0.68455153	0.68784864	0.21685722	0.20636273	0.68007223	0.084012847	0.48218279	0.67685778	0.68746007	0.78315875	0.50399934	0.74162704	0.6443628	0.5888707	0.89866243	0.61518074	0.36001125	0.279158	0.206409	0.55324407	0.73462187	0.9393872	0.82534713	0.75699183	0.87323443	0.40287189	0.45391318	0.33056472	0.65624428	0.58363674	0.71419014	0.46702126	0.77627183	0.17986955	0.57740348	0.58578146	0.53558636	0.68474254	0.29710677	0.83444042	0.62919826	0.72161276	0.0042085309	0.25294825	0.48978628	0.77537566	0.15395511	0.22464703	0.7851851	0.58654782	0.12365694	0.49461059	0.42099051	0.30310784	0.7261705	0.57133406	0.6790611	0.97517285	0.87925607	0.88906901	0.42392413	0.29634889	0.12349935	0.64825469	0.83225637	0.63239377	0.69476861	0.40924188	0.26307649	0.084626317	0.73683014	0.79399595	0.44393812	0.77379246	0.45516023	0.52614993	0.25126696	0.00038236257	0.70045012	0.27567112	0.075181315	0.72680411	0.65003033	0.75943715	0.44562012	0.69244034	0.64821353	0.32179223	0.8678876	0.61884609	0.41925638	0.14403847	0.39622718	0.68824783	0.81357653	0.89857795	0.86903521	0.77488325	0.82498571	0.36135127	-0.025684898	0.24422263	0.7371042	0.27042191	0.7466544	0.29886853	0.68099851	0.027014055	0.42930842	0.37703499	0.72684023	0.71920867	0.10146528	0.52096747	0.063421579	0.47282353	0.33506688	0.2805351	0.35182844	-0.041258828	0.19473519	0.34629015	0.43053445	0.16394919	0.40288135	0.31898806	0.17869579	0.066523724	0.12921115	0.15089484	0.41831418
0.32007483	0.74690976	0.64796097	0.68890287	0.3727849	0.35827025	0.4481513	0.71309668	0.40816811	0.48512974	0.53423589	0.63922077	0.54865676	0.69160445	0.5640126	0.52294963	0.69222568	0.58854248	0.69053329	0.87224392	0	0.79781324	0.63373937	0.44807498	0.30591996	0.66642192	0.8591738	0.61850461	0.67785254	0.41112687	0.23697385	0.14292525	0.62041957	0.74780791	0.46918092	0.70744245	0.6967313	0.75469662	0.21633102	0.33179817	0.63504385	-0.059069579	0.53273903	0.57991446	0.63674507	0.69490454	0.52254126	0.66503455	0.60994115	0.65929369	0.86943088	0.65734564	0.39380333	0.31392986	0.32454008	0.56823958	0.59983741	0.85802325	0.78757184	0.75639611	0.88478575	0.51301081	0.51695224	0.35427583	0.66118479	0.52631419	0.66983017	0.51063081	0.71282567	0.29356618	0.62874624	0.56248488	0.66186708	0.58173285	0.24387044	0.76358523	0.59725361	0.6721543	0.038909255	0.24731453	0.41652578	0.71734027	0.21335418	0.27042328	0.66148827	0.50758132	0.13957991	0.53078645	0.41082303	0.35015497	0.66628413	0.52824581	0.60059663	0.88872158	0.89345516	0.77230337	0.48722061	0.35623479	0.21159839	0.54009892	0.7772554	0.57709322	0.63257541	0.40951862	0.33781664	0.19891145	0.68263252	0.74737542	0.49410749	0.65434001	0.44117831	0.54641541	0.26994762	0.06580395	0.63870994	0.11866558	0.14870906	0.61871768	0.60513164	0.67005597	0.46987646	0.59079668	0.55491399	0.28033256	0.82260983	0.57227962	0.36887973	0.17185603	0.33939503	0.60444733	0.73150257	0.7837636	0.83846322	0.71735351	0.86746394	0.40024376	0.029738857	0.21688327	0.74526033	0.22757085	0.71019133	0.26444348	0.64256875	0.10352076	0.48243143	0.42821758	0.74068153	0.63005751	0.043740368	0.38545705	0.031692051	0.42192787	0.37330738	0.35147205	0.35221921	-0.086208304	0.23194453	0.32658118	0.34598008	0.10904285	0.3336166	0.29842824	0.24776876	0.12371421	0.08363096	0.095883027	0.30735706
