0	0.37373423	0.43567615	0.58450017	0.78802913	0.74560946	0.39198609	0.5139798	0.70241268	0.57174886	0.52394773	0.65140341	0.64601455	0.65164562	0.84490196	0.75960255	0.51129669	0.3437319	0.4660471	0.44017278	0.4609909	0.45423165	0.44545152	0.64344271	0.7433803	0.52568155	0.42954312	0.52226213	0.54095515	0.63639281	0.49288914	0.46603956	0.62445468	0.60450784	0.40858463	0.56834104	0.62946676	0.72053663	0.66842849	0.69085153	0.51800712	0.43462501	0.48488427	0.53706586	0.51163172	0.46035114	0.57179066	0.25091993	0.41491732	0.17371803	0.40969106	0.44265777	0.79850206	0.76991945	0.79460512	0.36726432	0.36032448	0.34970556	0.38686889	0.46058064	0.4507889	0.56532437	0.5065391	0.1457936	0.53002062	0.51208446	0.34789099	0.24332926	0.3758262	0.50364537	0.68510459	0.63356847	0.61198341	0.54844917	0.42863534	0.2257468	0.43898718	0.54693253	0.63526174	0.69382327	0.45264215	0.52288566	0.62186961	0.41585157	0.46798941	0.57124257	0.40316409	0.52153074	0.69682694	0.76436657	0.41474832	0.3846149	0.25908395	0.41839297	0.41781793	0.47614191	0.40764254	0.73136145	0.77938604	0.40441478	0.31856286	0.45158949	0.4417623	0.57803621	0.50866123	0.2677244	0.55473718	0.50534695	0.48689519	0.4891125	0.52082339	0.69756575	0.64907643	0.059597045	0.49159578	0.40696973	0.44407486	0.50797144	0.48558593	0.41375292	0.67080892	0.46944716	0.42702118	0.28881514	0.41993123	0.21530085	0.76359946	0.59945778	0.01357643	0.20922089	0.22138286	0.28894236	0.31660436	0.21476998	0.34165644	0.28270789	0.40343647	0.29085969	0.46368221	0.56155378	0.40560241	0.13090394	0.34571888	0.33417386	0.55075894	0.59463704	0.53502524	0.61223626	0.58731705	0.46102298	0.59834773	0.33637184	0.15053819	0.37384809	0.24939803	-0.086538406	0.52662728	0.60004051	0.43064188	0.37311723	0.41761006	0.31082508	0.41140859	-0.23913841	0.38451397	0.32281755	0.59431217
0.37373423	0	0.44833832	0.44407025	0.49980807	0.44557954	0.43238809	0.43585254	0.37556026	0.51338032	0.47200625	0.32867478	0.28914713	0.3258189	0.45686193	0.46382851	0.4759635	0.25912168	0.77239516	0.45766994	0.84219466	0.52103991	0.49536136	0.42280588	0.34951517	0.40341088	0.57684837	0.45305746	0.43477676	0.4876609	0.36511898	0.51288601	0.42647428	0.43750924	0.29518011	0.33410022	0.58507275	0.50694487	0.21492321	0.31984369	0.48395221	0.81566646	0.38364833	0.56058882	0.42306053	0.44745643	0.36747623	0.3506374	0.47541845	0.48022386	0.70168772	0.52694094	0.41549561	0.52868746	0.27291165	0.6739391	0.89384956	0.75815968	0.59508221	0.57844908	0.64701779	0.27839859	0.41838324	0.31466761	0.38057314	0.49390579	0.41985703	0.36617577	0.58456223	0.45483337	0.37660684	0.59919405	0.35096116	0.35430947	0.15455461	0.92083974	0.42908511	0.31984723	0.39353734	0.35679786	0.37099218	0.44555461	0.39148934	0.46792388	0.40828381	0.34555233	0.02981878	0.35910651	0.53894038	0.38129344	0.47202766	0.31640053	0.6888287	0.51073541	0.85224021	0.51566496	0.47550821	0.35291545	0.25668876	0.45569032	0.54027098	0.49671629	0.48634384	0.47304591	0.48991667	0.11860284	0.40115341	0.2722513	0.3166306	0.43833431	0.64133799	0.40995403	0.29456087	0.18267704	0.46327261	0.82069806	0.3045283	0.53396075	0.43089088	0.47639594	0.32863914	0.44403106	0.45124739	0.60585246	0.76537075	0.46599626	0.28768161	0.3744812	0.12580558	0.58744109	0.81335596	0.70508112	0.62321736	0.5998673	0.61202295	0.17220982	0.412233	0.52430161	0.43443036	0.44054551	0.54668999	0.36999891	0.60889731	0.29937434	0.3852908	0.56948774	0.32079906	0.39020494	0.59808662	0.47881701	0.55897949	0.24650398	0.2918698	0.58737589	0.36922492	0.062776961	0.51699851	0.48334123	0.41983532	0.37113735	0.38769236	0.045526395	0.5568902	0.12826804	0.37644613	0.29589252	0.5337803
0.43567615	0.44833832	0	0.77301596	0.43449659	0.7115085	0.79730671	0.8968312	0.53344055	0.66371017	0.77705762	0.6356494	0.36241623	0.4047918	0.54837129	0.74894481	0.70784481	0.56696146	0.60635284	0.7000972	0.60847871	0.74781838	0.56291285	0.51707239	0.3146116	0.72198283	0.72729045	0.79403187	0.76262763	0.76358251	0.41943225	0.45260902	0.81105896	0.55344889	0.48328864	0.54963758	0.54498877	0.52398533	0.43345954	0.47617893	0.90200912	0.48410254	0.45511694	0.8215905	0.87146265	0.92711485	0.52494458	0.74915447	0.80470241	0.24812013	0.57276299	0.49307205	0.71746887	0.70982711	0.37420992	0.39765492	0.44899757	0.52464337	0.35150459	0.37701452	0.63950748	0.25144131	0.53830542	0.30010314	0.72109053	0.74074768	0.51964324	0.30253752	0.76121348	0.52711822	0.51212278	0.53342128	0.35739049	0.71975886	0.16682076	0.23411088	0.96203692	0.63060294	0.41381758	0.64083473	0.83653799	0.90751463	0.37688127	0.62825958	0.71830743	0.62181616	-0.0097944557	0.3750168	0.48725807	0.65668233	0.72935897	0.61367307	0.44442361	0.64359445	0.52734276	0.75900378	0.41456918	0.43182891	0.36309214	0.51032118	0.64006365	0.75816538	0.75386267	0.7621523	0.5831193	0.25528321	0.80134141	0.45307019	0.47258797	0.78964504	0.36102482	0.42285513	0.54311408	0.11003359	0.92206598	0.50497135	0.35004081	0.80236881	0.86628728	0.87986182	0.53723389	0.83278757	0.79173521	0.29690922	0.56157608	0.26946146	0.59986952	0.59151842	0.23934359	0.1712915	0.37970721	0.48306015	0.24269254	0.1482951	0.49458771	-0.011566112	0.28308164	0.36434089	0.6858934	0.73925831	0.48694336	0.11526839	0.61055277	0.36773966	0.46121342	0.33624979	0.38396404	0.79643658	0.7115389	0.75018008	0.48792655	0.59217304	0.31109631	0.51969254	0.45299344	-0.059991411	0.80819251	0.6820211	0.72136117	0.23428719	0.67888442	0.28152967	0.61799076	0.10723154	0.44665377	0.64875736	0.79601709
0.58450017	0.44407025	0.77301596	0	0.67364742	0.83122847	0.78428614	0.84350634	0.64189662	0.72881236	0.71567667	0.78154002	0.55774561	0.62150279	0.7274031	0.84602738	0.86414617	0.64466979	0.58927295	0.59819392	0.62772525	0.70280907	0.65475692	0.67406593	0.52443077	0.71527314	0.6568948	0.8787403	0.90690867	0.71442199	0.57035278	0.52341818	0.8333478	0.65526778	0.61065547	0.61842727	0.68125127	0.66361849	0.60196433	0.65329277	0.85913239	0.57764989	0.58378258	0.78581478	0.91361798	0.78309064	0.59525415	0.62429325	0.87728532	0.39523545	0.59529296	0.61396195	0.75350957	0.77774565	0.52065967	0.41211632	0.48681196	0.4957835	0.29093768	0.3870271	0.64542318	0.47972296	0.55699588	0.28382555	0.61959258	0.76739566	0.5367767	0.3498572	0.73068014	0.70531296	0.56410479	0.66380763	0.52284403	0.73410764	0.1924007	0.25754019	0.78764551	0.91237768	0.63311696	0.7827132	0.789058	0.82376609	0.50693918	0.61038731	0.61749739	0.7013744	0.18151914	0.53008621	0.68516078	0.79446811	0.79318839	0.64330547	0.39744042	0.55413213	0.55944367	0.70907716	0.5106737	0.61417801	0.58211815	0.59694182	0.53677511	0.74701397	0.76427103	0.70025745	0.66837581	0.3030312	0.80311292	0.53308297	0.57851537	0.70008304	0.43284031	0.58039517	0.68472998	0.1560683	0.84130575	0.59358768	0.50208657	0.75545534	0.85840171	0.77747952	0.67615839	0.77700133	0.81026611	0.3933744	0.62162602	0.3217258	0.65102484	0.69213762	0.15051441	0.20946929	0.37221682	0.44485107	0.16545864	0.12158732	0.53640688	0.26379019	0.36917439	0.55352853	0.57467539	0.73435883	0.51883935	0.18958163	0.59139228	0.5548678	0.51121586	0.4446552	0.49304675	0.83789782	0.75722509	0.74655407	0.46591687	0.55486107	0.25685391	0.62760572	0.52170404	-0.015107867	0.8084359	0.69565593	0.65311491	0.19852514	0.66537764	0.32599956	0.69254949	0.11271581	0.51820046	0.6445205	0.79769027
0.78802913	0.49980807	0.43449659	0.67364742	0	0.76799822	0.45966127	0.55969929	0.77529448	0.75026522	0.49542453	0.60535968	0.64584272	0.67177325	0.85234305	0.76662712	0.6062896	0.29130161	0.60486491	0.40864977	0.56846307	0.4444702	0.58650293	0.68342064	0.86627585	0.46867307	0.48820806	0.60773126	0.65177771	0.69030276	0.63013613	0.69654723	0.57253345	0.60566487	0.51287005	0.49733421	0.74514052	0.77155393	0.55553277	0.60757414	0.50684182	0.60914483	0.59656898	0.55744991	0.57064298	0.45577713	0.47567437	0.28247031	0.43561082	0.44977586	0.47826754	0.51358458	0.65880708	0.81346798	0.71523398	0.44530225	0.54721575	0.44864394	0.30702086	0.47158006	0.53030623	0.63589164	0.4523267	0.28866681	0.47013277	0.57752992	0.36354401	0.18659761	0.42410094	0.77158639	0.73302131	0.76605859	0.71296582	0.47647349	0.24709373	0.4122158	0.44405498	0.61808391	0.83942651	0.73875773	0.42499967	0.50096976	0.73846259	0.59551196	0.41638158	0.45272256	0.32000619	0.5089974	0.75026345	0.73010857	0.4757622	0.33046478	0.37375825	0.42931796	0.54632819	0.45977593	0.52603814	0.70186088	0.76298967	0.39700657	0.38632624	0.54678256	0.51947906	0.60013229	0.57628253	0.36960776	0.53940672	0.44231219	0.5225225	0.41448727	0.53714907	0.71995548	0.5321679	0.045516795	0.52439911	0.6061193	0.52595376	0.51712745	0.53099157	0.46607799	0.58773637	0.47340878	0.40331055	0.44898894	0.53669824	0.20126611	0.54355018	0.61556088	-0.091927731	0.36424621	0.3732958	0.41413197	0.26677654	0.22025122	0.43197529	0.41599507	0.49642589	0.48461687	0.42438246	0.58260771	0.49605278	0.14610723	0.46337228	0.60697218	0.62776801	0.56947465	0.51397659	0.58703022	0.64773039	0.52637803	0.53872423	0.35464869	0.19926731	0.62586878	0.30935505	-0.024814331	0.57284186	0.63362176	0.44725922	0.2968381	0.46424922	0.24784273	0.62286018	0.057009827	0.49109059	0.38741559	0.64836984
0.74560946	0.44557954	0.7115085	0.83122847	0.76799822	0	0.78166953	0.78130432	0.79369834	0.78684661	0.62392419	0.7725629	0.61977394	0.64546336	0.79386475	0.90207623	0.7124146	0.62526282	0.5643414	0.48352065	0.53046601	0.5635604	0.64733937	0.74782754	0.65307049	0.60283377	0.53687057	0.76490214	0.78270154	0.77896423	0.55028346	0.58343704	0.84302347	0.73408511	0.64352019	0.71678545	0.63240423	0.72198373	0.68850441	0.71822439	0.78627518	0.58426337	0.61413	0.68367784	0.8013655	0.72143614	0.72743584	0.56566396	0.73494542	0.3313391	0.50448674	0.49925577	0.85917366	0.87419083	0.65853994	0.31821801	0.47348194	0.39731843	0.3381328	0.34901668	0.55361709	0.45669809	0.64553025	0.23131618	0.63003921	0.78040684	0.36059855	0.16442143	0.63029522	0.75644808	0.73381817	0.65681044	0.64189401	0.74471616	0.31033885	0.30761882	0.72864308	0.76099042	0.71826433	0.93882117	0.75364162	0.78024017	0.60005529	0.61929119	0.52599122	0.67414389	0.20753118	0.54893641	0.67127385	0.84780763	0.70171487	0.6184266	0.35263354	0.44980254	0.51252162	0.57250381	0.50055659	0.65033042	0.71411181	0.45562936	0.43896634	0.66567919	0.68399511	0.73148826	0.60254416	0.35819118	0.8088411	0.65969407	0.62761296	0.70816219	0.39554415	0.69550001	0.72114297	0.15269182	0.78427181	0.58059842	0.53515037	0.66325234	0.74940049	0.710912	0.7696794	0.73680704	0.68986965	0.32860046	0.53404541	0.21129301	0.74921377	0.75925293	0.050471178	0.19001445	0.30454964	0.35017356	0.23322446	0.1146621	0.40672485	0.17841966	0.3833469	0.35662391	0.55663379	0.83808023	0.45519829	0.088142975	0.50327844	0.57705213	0.67929364	0.49214206	0.6291019	0.84352229	0.69496154	0.71701679	0.61080062	0.61565695	0.30000343	0.57731786	0.42651225	0.01688659	0.76157449	0.67466073	0.65441303	0.3647447	0.6727459	0.30093176	0.63443817	0.029829982	0.52753262	0.56997357	0.78232717
0.39198609	0.43238809	0.79730671	0.78428614	0.45966127	0.78166953	0	0.81880981	0.47737757	0.65366459	0.62099568	0.64892346	0.34162649	0.44403468	0.57051237	0.74710562	0.67767653	0.71643883	0.5414153	0.5269499	0.53071132	0.61348622	0.59960203	0.5318618	0.30750316	0.60679856	0.57344691	0.73606541	0.75007299	0.65146675	0.38782402	0.48446745	0.77740462	0.57174014	0.60818944	0.5874572	0.49452576	0.51384398	0.46259217	0.5645783	0.84022063	0.51374998	0.45153702	0.67626577	0.79834094	0.79580263	0.59953821	0.73520581	0.8304166	0.2687888	0.47825522	0.51363932	0.7317778	0.69043225	0.3726579	0.32346548	0.45601267	0.44021608	0.30834258	0.27006222	0.56977522	0.30124543	0.58888937	0.22133044	0.53581787	0.76516403	0.36031673	0.23355146	0.74573689	0.5882676	0.43558363	0.47086021	0.35620023	0.7201416	0.20421388	0.28543176	0.79383167	0.65132137	0.42499651	0.74706058	0.89016202	0.80819911	0.24513621	0.50785109	0.55133034	0.67152443	-0.06135707	0.41728143	0.52476035	0.64919152	0.73810731	0.65296029	0.42500571	0.49852868	0.51618199	0.60574023	0.413758	0.44634021	0.4029743	0.46168139	0.51237884	0.6666156	0.7165623	0.65432948	0.52888073	0.27615229	0.77512235	0.50928212	0.5702627	0.7576211	0.28158618	0.42830522	0.62222377	0.20465023	0.8333363	0.54976596	0.3553149	0.67833188	0.75770278	0.79231723	0.65301211	0.8082327	0.78387955	0.26383564	0.53083951	0.28542042	0.62334869	0.6683297	0.23235716	0.15917854	0.34953464	0.39576547	0.21445143	0.11483638	0.43194875	0.13950533	0.24860446	0.37984217	0.52370235	0.73274051	0.40942253	0.19459024	0.56306533	0.43863258	0.45378442	0.3487837	0.43510403	0.78070757	0.69903862	0.78388577	0.47889552	0.63776317	0.23614527	0.52900347	0.47042173	0.068161622	0.7734815	0.65706031	0.72149869	0.21805891	0.62896158	0.32038961	0.61874	0.15873661	0.60507846	0.72865163	0.76457623
0.5139798	0.43585254	0.8968312	0.84350634	0.55969929	0.78130432	0.81880981	0	0.59836477	0.70804525	0.75392424	0.65238752	0.38165432	0.43549837	0.63293445	0.77517106	0.76739188	0.65238621	0.64529271	0.70765879	0.65378151	0.75267794	0.61389358	0.55126107	0.41068296	0.77359625	0.78386433	0.82034648	0.82261024	0.80724614	0.50466	0.4917538	0.81050698	0.5657124	0.55373276	0.53640661	0.59718208	0.59259913	0.43211871	0.51453506	0.89512718	0.48324833	0.49083017	0.80892954	0.84024029	0.92456705	0.54976311	0.79846322	0.83772132	0.30978682	0.61910878	0.50251021	0.74306546	0.79127747	0.47128559	0.44723816	0.46432827	0.55907107	0.3269261	0.38838164	0.7170034	0.33714521	0.55553072	0.37259023	0.72843635	0.81306767	0.6112919	0.31456439	0.79295059	0.58400814	0.55998674	0.60214931	0.39653406	0.72598206	0.30852532	0.2256757	0.8886191	0.69153753	0.5374017	0.73122182	0.85044732	0.92355018	0.43766902	0.66441278	0.67790549	0.66181053	0.032900105	0.3968697	0.56739573	0.68400387	0.7495497	0.69337603	0.45893322	0.64418596	0.55484347	0.76047516	0.48813708	0.49725402	0.47072504	0.62638921	0.66659119	0.7087777	0.71041731	0.79573574	0.64585211	0.24743362	0.80635419	0.46448733	0.55863037	0.78208999	0.41298853	0.48332472	0.58745574	0.17778995	0.90950017	0.5089086	0.3989442	0.78362359	0.79126864	0.88023552	0.61324782	0.86098194	0.82480163	0.37638291	0.60559039	0.33304998	0.66321807	0.67310198	0.29377153	0.20316272	0.42118261	0.50504848	0.2383626	0.15921134	0.56897303	0.09104726	0.36551959	0.43073237	0.69353269	0.79883636	0.52537755	0.13707277	0.63800259	0.41231944	0.5157749	0.39496678	0.39690903	0.78023106	0.72400659	0.6874681	0.50594356	0.62305686	0.26651076	0.60392497	0.4101055	0.016117398	0.79603434	0.70909725	0.64155922	0.22545913	0.74759243	0.34085449	0.66232752	0.047138776	0.51152164	0.63487263	0.79073755
0.70241268	0.37556026	0.53344055	0.64189662	0.77529448	0.79369834	0.47737757	0.59836477	0	0.76127153	0.52011227	0.56656115	0.57496556	0.53312131	0.68386228	0.7275264	0.59714481	0.29974927	0.44529559	0.3920615	0.42087482	0.39608355	0.48521232	0.64340286	0.73804961	0.41411909	0.41328567	0.57165176	0.57235671	0.71796257	0.53847726	0.51088067	0.70441852	0.65278732	0.49771714	0.60061345	0.60081792	0.67792617	0.52855702	0.51470891	0.56004582	0.45858358	0.58298222	0.53607219	0.59981889	0.51516546	0.52473289	0.38156085	0.45712767	0.34867812	0.31023085	0.3628793	0.64295638	0.70554167	0.58048971	0.26492777	0.34008284	0.28424216	0.3212588	0.38454627	0.36216314	0.36455882	0.37803971	0.24823286	0.61024204	0.65327707	0.29382871	0.015321995	0.37530386	0.70913917	0.82970558	0.65892079	0.68653158	0.6106683	0.20722413	0.28252331	0.53064499	0.58378834	0.73646178	0.75602455	0.45177291	0.63797753	0.79109369	0.61093955	0.4429803	0.41969041	0.2205484	0.43699192	0.53881093	0.72063754	0.50057939	0.35597673	0.19128625	0.36834425	0.3995739	0.43105477	0.41543822	0.58363191	0.68488433	0.28778904	0.30797349	0.5462222	0.5417044	0.63296308	0.52460992	0.33273056	0.68245901	0.57842876	0.50282647	0.52221708	0.43553888	0.71328602	0.52712344	0.027511891	0.58423972	0.48275338	0.54908358	0.48497851	0.6014514	0.46502388	0.55798572	0.53211692	0.41160599	0.28873647	0.38046595	0.12473774	0.52692582	0.51489658	-0.15715245	0.16396599	0.1572601	0.25514883	0.24124524	0.094879374	0.22378675	0.17068194	0.45849152	0.36512087	0.48346583	0.70407501	0.40626156	-0.049518302	0.42031454	0.53755272	0.7148765	0.4572835	0.58282284	0.70492305	0.59606313	0.52427743	0.50579175	0.39932335	0.20455544	0.50699842	0.32791311	-0.095479139	0.59886098	0.6168572	0.48355767	0.42871518	0.52603911	0.23599558	0.48551526	-0.043591599	0.40681968	0.36148814	0.65230084
0.57174886	0.51338032	0.66371017	0.72881236	0.75026522	0.78684661	0.65366459	0.70804525	0.76127153	0	0.71530463	0.4700697	0.41137842	0.40706855	0.64758817	0.72073864	0.68341161	0.38963778	0.69149527	0.61063707	0.63031714	0.66199174	0.73641018	0.56503939	0.62683207	0.44689757	0.60393574	0.71347566	0.64265731	0.83240095	0.53757798	0.64181085	0.65238015	0.52931954	0.5005198	0.4658698	0.61149416	0.63400632	0.40452792	0.45191299	0.66416016	0.5911239	0.56131717	0.76628667	0.71382169	0.67569023	0.43331424	0.54496867	0.60401717	0.37318834	0.53756394	0.41650536	0.65378194	0.78143152	0.49822039	0.36345248	0.53062271	0.50339467	0.36533351	0.38668217	0.64919343	0.34037486	0.52040603	0.40784677	0.71954941	0.7675924	0.38475409	0.041016385	0.51249176	0.78772254	0.73873472	0.67517833	0.53299104	0.6058335	0.16756072	0.42425045	0.64378376	0.66442818	0.74656326	0.79869074	0.57827435	0.70578727	0.67089625	0.80169215	0.65485205	0.38412508	0.040627451	0.35285683	0.57926074	0.66481079	0.67455054	0.42241657	0.49337222	0.60221055	0.65289079	0.69094598	0.57689812	0.51149495	0.57342354	0.38193728	0.47775874	0.66126317	0.61356087	0.76231677	0.55894032	0.35622787	0.65734089	0.39241317	0.46963889	0.57969823	0.44457161	0.55627677	0.49363781	-0.022537828	0.71258918	0.61506229	0.48543581	0.75135878	0.69788329	0.70367684	0.48810287	0.65875264	0.54035311	0.3538248	0.61510904	0.19754236	0.52546698	0.64501428	-0.054518677	0.23942045	0.41871929	0.48485823	0.31808187	0.19637203	0.56572193	0.17094473	0.34435301	0.54765083	0.68192094	0.79405913	0.45929928	-0.032338942	0.5049466	0.58068472	0.68782487	0.4528974	0.43937994	0.6928273	0.71030326	0.66910506	0.51539042	0.498788	0.26579495	0.69341369	0.43498697	-0.028214387	0.72815236	0.68195035	0.62912841	0.34168855	0.63130239	0.31745374	0.76412016	0.21997263	0.54338907	0.54248744	0.79083155
0.52394773	0.47200625	0.77705762	0.71567667	0.49542453	0.62392419	0.62099568	0.75392424	0.52011227	0.71530463	0	0.5366286	0.44498125	0.402919	0.55681218	0.7161201	0.72582459	0.40035422	0.71560713	0.94460213	0.70862069	0.92942328	0.58557784	0.52617423	0.38423914	0.63842761	0.81776904	0.75214832	0.65507444	0.83266067	0.42059315	0.45698728	0.71569037	0.57316271	0.43857177	0.53726766	0.61835376	0.58939297	0.48443358	0.44677358	0.77477311	0.48890813	0.57839422	0.96860333	0.77263349	0.82135957	0.47341727	0.61230513	0.68268117	0.30396305	0.64241373	0.44943257	0.7067661	0.70100413	0.37849491	0.47815297	0.4515732	0.64150873	0.50750472	0.51690388	0.74865883	0.24707496	0.47489397	0.34826847	0.85579673	0.72095448	0.57991766	0.27420717	0.61694361	0.51982438	0.63082172	0.61893902	0.44002174	0.72676125	0.26606899	0.25481414	0.79933328	0.61746016	0.45306276	0.54954906	0.67223718	0.75695842	0.52313539	0.7057122	0.97424472	0.47377509	0.080561633	0.42754885	0.57872157	0.67871032	0.71420519	0.50846748	0.59966057	0.88708545	0.63257042	0.94228712	0.46314985	0.50912275	0.45939092	0.53580181	0.69497865	0.65132323	0.59035669	0.84896047	0.63469349	0.2855826	0.71400333	0.41570981	0.44311501	0.72659407	0.57884668	0.53802059	0.52925789	-0.053785064	0.78873301	0.51698453	0.46920096	0.94265953	0.73974957	0.81101978	0.49942722	0.74995891	0.66824084	0.36713339	0.65850712	0.26963345	0.60653482	0.63893383	0.13731949	0.27879069	0.44459457	0.62974169	0.40488227	0.29799009	0.63920114	0.0090556367	0.33809046	0.43769141	0.86101697	0.69947327	0.49376047	0.088350463	0.54633439	0.34617365	0.54188507	0.51210481	0.4588262	0.74623171	0.75538531	0.61900182	0.44565188	0.39208396	0.18799153	0.5432638	0.38638955	-0.18485509	0.77032704	0.74383291	0.62343454	0.21037906	0.58899131	0.28356023	0.62435013	0.04313147	0.50788439	0.52737492	0.82092465
0.65140341	0.32867478	0.6356494	0.78154002	0.60535968	0.7725629	0.64892346	0.65238752	0.56656115	0.4700697	0.5366286	0	0.81574775	0.87260338	0.75282278	0.88551765	0.61378783	0.57581273	0.43560676	0.41441385	0.43495843	0.47255078	0.46396847	0.8388543	0.54652463	0.73978797	0.48263813	0.69639332	0.82488781	0.54525948	0.57549705	0.49175332	0.80959189	0.82809099	0.5804024	0.8293327	0.68940002	0.77402756	0.86949373	0.84776633	0.75075637	0.41532173	0.70136789	0.58054814	0.74855397	0.61155938	0.73010319	0.43063847	0.71254062	0.39857491	0.44038786	0.67869413	0.77307697	0.68427399	0.55893313	0.3452622	0.33682869	0.34280629	0.35454148	0.46657098	0.45962358	0.52690945	0.5481919	0.13799807	0.45044529	0.57013318	0.41005772	0.48605719	0.61373022	0.59815774	0.55931823	0.67251162	0.74108951	0.72387697	0.18371974	0.13502245	0.68357765	0.65432644	0.47732211	0.66988171	0.7233008	0.664684	0.42517296	0.38866056	0.45240753	0.80836841	0.46772024	0.78003596	0.6962107	0.86888446	0.58513762	0.56828381	0.2782027	0.36629745	0.39549324	0.47636239	0.41656744	0.71728327	0.67561823	0.47035794	0.42153153	0.55596348	0.63192062	0.56322343	0.61552249	0.21433364	0.73220559	0.71834592	0.60997038	0.65493079	0.4801562	0.74338353	0.7427937	0.19240353	0.69348578	0.41048757	0.58683002	0.53461519	0.66313286	0.56300745	0.76456678	0.6352746	0.66091863	0.42256962	0.43787619	0.31312856	0.63296614	0.61026087	0.16716822	0.23101632	0.1985968	0.28861737	0.18831205	0.20443859	0.31336491	0.22847634	0.41719024	0.25179507	0.39898643	0.60875726	0.42570347	0.33990078	0.44786386	0.51563468	0.45169797	0.57490103	0.71464556	0.78494923	0.60356909	0.60086553	0.5972902	0.48412231	0.27060324	0.46607916	0.47982257	-0.031850834	0.68315589	0.5915594	0.55856328	0.34588057	0.53773189	0.27728114	0.51593398	-0.0055860967	0.37037518	0.48744649	0.60386297
0.64601455	0.28914713	0.36241623	0.55774561	0.64584272	0.61977394	0.34162649	0.38165432	0.57496556	0.41137842	0.44498125	0.81574775	0	0.87496364	0.64006701	0.79149632	0.45468612	0.21155239	0.32821783	0.34028536	0.30379089	0.30784634	0.36369403	0.86148255	0.6234966	0.46874544	0.34204685	0.53829116	0.62287576	0.45730045	0.57086328	0.46502371	0.58758816	0.80162113	0.41280667	0.7646734	0.64261891	0.77900376	0.91120468	0.74832975	0.45590642	0.39954257	0.79394461	0.44364736	0.54449311	0.3307056	0.58096974	0.12919021	0.37813988	0.41491563	0.27392272	0.46959996	0.5794067	0.53828015	0.52589821	0.25702337	0.29425253	0.2418427	0.37377325	0.44960589	0.25858731	0.43155034	0.43764562	0.095706383	0.31215226	0.33940022	0.30113346	0.27338748	0.32749132	0.56250151	0.64182113	0.71833189	0.8862161	0.53547017	0.067271015	0.17324814	0.44355796	0.49844087	0.46014458	0.49231989	0.38127615	0.35925742	0.50859016	0.31573341	0.38251068	0.47855628	0.62946277	0.75854461	0.55338488	0.79308353	0.39862363	0.31334049	0.18498495	0.32465072	0.30261654	0.33131706	0.36123135	0.66806882	0.65019929	0.27323875	0.32184225	0.35826153	0.39909386	0.42363374	0.53371655	0.27858407	0.53371036	0.6730548	0.48230696	0.39135998	0.50670279	0.81452233	0.54704272	-0.059206805	0.43194778	0.39480076	0.69795093	0.38371022	0.4364528	0.28113566	0.59901935	0.33415744	0.32715295	0.34650259	0.32897411	0.029850907	0.40665167	0.44319754	-0.14855275	0.2177821	0.13197943	0.23230507	0.20310158	0.19002937	0.18609802	0.12252569	0.48544463	0.1445396	0.25083718	0.41174848	0.35149384	0.10262701	0.27886042	0.53290938	0.42135902	0.55742376	0.73645992	0.61603915	0.42229307	0.41592008	0.512867	0.29329066	0.28123298	0.37466314	0.34608964	-0.04658804	0.46295732	0.46046876	0.38205377	0.36377271	0.37439446	0.22349504	0.38363532	-0.024177879	0.26787834	0.22718453	0.44823874
0.65164562	0.3258189	0.4047918	0.62150279	0.67177325	0.64546336	0.44403468	0.43549837	0.53312131	0.40706855	0.402919	0.87260338	0.87496364	0	0.78624306	0.78591894	0.49861086	0.40686796	0.3501749	0.27625878	0.34662607	0.29632439	0.41533725	0.85221751	0.68931958	0.56728848	0.31647347	0.55338779	0.65700175	0.42834461	0.54889482	0.51699942	0.61311322	0.78662472	0.50459647	0.76298807	0.71802972	0.81704445	0.8240227	0.85406686	0.5252587	0.4291278	0.71525478	0.42733178	0.57131491	0.36374004	0.66379703	0.22243285	0.47955879	0.48947445	0.29846559	0.71771562	0.63572983	0.57209408	0.60330071	0.33724076	0.30872375	0.24440089	0.34278574	0.50164904	0.30441181	0.68660554	0.40582197	0.12408925	0.26903443	0.4325167	0.25080201	0.40819065	0.41266662	0.57132246	0.55314809	0.68067373	0.82680931	0.56221018	0.13250358	0.18469054	0.45282116	0.53763998	0.50401833	0.55385719	0.48179581	0.41114458	0.41305814	0.24427817	0.32004101	0.64647495	0.62932834	0.86880059	0.71188288	0.80574061	0.45568182	0.35699639	0.18770827	0.24478143	0.35540667	0.29005469	0.37834697	0.77715048	0.72369783	0.2778867	0.25061021	0.4186864	0.45370495	0.40731694	0.54011041	0.26140125	0.55118839	0.62160773	0.53265346	0.44989838	0.49313811	0.78864448	0.6960893	0.1766766	0.4692032	0.41743189	0.58772152	0.34937985	0.47610192	0.33297162	0.7165447	0.4216425	0.39601289	0.46102774	0.33943229	0.30275812	0.46319689	0.4076526	0.031281362	0.24388827	0.096206606	0.19379223	0.19215474	0.23639409	0.17184389	0.4334437	0.41252494	0.29599282	0.20369795	0.42490281	0.32170905	0.33414117	0.32248491	0.51864173	0.40981485	0.60522298	0.70111837	0.63299901	0.51622966	0.52890461	0.55984136	0.31915933	0.2218718	0.39288597	0.3550792	-0.027077268	0.49870951	0.50601806	0.47053475	0.37883525	0.35568234	0.22555057	0.42988209	0.018291443	0.36581707	0.3879815	0.50628328
0.84490196	0.45686193	0.54837129	0.7274031	0.85234305	0.79386475	0.57051237	0.63293445	0.68386228	0.64758817	0.55681218	0.75282278	0.64006701	0.78624306	0	0.82058073	0.61199631	0.49951038	0.55917172	0.46617064	0.58559944	0.51389031	0.57970871	0.70975608	0.85381167	0.64199955	0.52911915	0.65393079	0.70148628	0.65605263	0.527357	0.60064694	0.70269611	0.65983455	0.52174302	0.60334407	0.81644483	0.79135848	0.63866442	0.72949036	0.64752386	0.51466776	0.52747346	0.6010669	0.65373068	0.54620043	0.61026244	0.3911546	0.5566559	0.35287795	0.49279373	0.74697979	0.82293705	0.82741309	0.80665068	0.57242315	0.4504081	0.4795805	0.33009603	0.56330426	0.57091952	0.80190838	0.47050492	0.24321731	0.50298193	0.64833168	0.39264024	0.43419683	0.51726748	0.59727014	0.61230437	0.7097221	0.65231921	0.61215671	0.35653388	0.28764229	0.55343717	0.62466427	0.72786048	0.74286693	0.61712491	0.63829701	0.57977902	0.43159146	0.48186627	0.64072097	0.35755136	0.61408904	0.8821918	0.79191093	0.55460565	0.42293433	0.33414669	0.46603298	0.52300637	0.51555952	0.44259171	0.82052717	0.80332226	0.46172605	0.4276482	0.63922838	0.63737599	0.61468794	0.59323451	0.30732494	0.66169738	0.49489691	0.51198457	0.54762481	0.57383852	0.6904153	0.69103397	0.20470508	0.63409608	0.50787309	0.41327998	0.55690522	0.63982331	0.52460907	0.73344516	0.59675503	0.52278175	0.43681197	0.52080499	0.43174401	0.72852894	0.59917856	0.15984049	0.40642677	0.29801048	0.42598457	0.26521945	0.2654482	0.42827941	0.53484428	0.42340115	0.50984654	0.44711262	0.63058048	0.54365241	0.36483449	0.5011779	0.40618008	0.50763816	0.66334854	0.51572956	0.70722245	0.70831491	0.63937434	0.63588564	0.36497709	0.1400127	0.5283633	0.32322367	-0.14515633	0.60514432	0.66481955	0.58844244	0.34704407	0.45095877	0.25868512	0.58986402	-0.066871238	0.48878842	0.53407691	0.69875969
0.75960255	0.46382851	0.74894481	0.84602738	0.76662712	0.90207623	0.74710562	0.77517106	0.7275264	0.72073864	0.7161201	0.88551765	0.79149632	0.78591894	0.82058073	0	0.72481005	0.53936108	0.59608103	0.60053793	0.59158306	0.63624433	0.63709105	0.85396502	0.65074296	0.71868902	0.64701951	0.80264191	0.86339501	0.77984373	0.64613538	0.61517667	0.85425989	0.82106723	0.60864411	0.80712213	0.75451576	0.82895042	0.81864994	0.80810342	0.82839431	0.57263713	0.75330004	0.75995987	0.8320499	0.73891161	0.73791908	0.53622167	0.71536666	0.42382351	0.51963684	0.60023079	0.86025955	0.86297484	0.61515282	0.42930066	0.47397485	0.46777797	0.46267934	0.51874737	0.58770744	0.51379175	0.63104144	0.2556208	0.60900262	0.71821786	0.49149151	0.34580454	0.70384069	0.75859481	0.74136077	0.79079167	0.75200384	0.78218399	0.23731254	0.28760982	0.7948509	0.72304539	0.62812829	0.82121434	0.78059417	0.75629567	0.58303919	0.59596417	0.63317547	0.73357716	0.36399432	0.69996288	0.73434291	0.95444282	0.69964554	0.59162739	0.40215314	0.5599152	0.55834234	0.64916776	0.54393439	0.75107362	0.71332543	0.53230352	0.58293259	0.66446467	0.70342358	0.74842607	0.68167927	0.38635627	0.8056836	0.68646214	0.66528349	0.75375496	0.55060712	0.79116974	0.78443126	0.083846902	0.81046109	0.57897503	0.65611244	0.72016703	0.75782905	0.70413687	0.79481995	0.74229837	0.68979003	0.41799581	0.54212343	0.22676422	0.70204223	0.75209856	0.044711887	0.27273644	0.32247503	0.42045771	0.32742702	0.2436624	0.44408669	0.18170595	0.47759415	0.38288612	0.56944278	0.76149198	0.53689599	0.18818982	0.58581412	0.62774877	0.61979428	0.60143941	0.71206119	0.86424993	0.742498	0.72541401	0.62664927	0.5430618	0.30927325	0.57160475	0.46885083	-0.029065685	0.78907976	0.74610508	0.67970029	0.3398293	0.62903376	0.31145539	0.66216393	0.055802554	0.51970042	0.57141025	0.80650497
0.51129669	0.4759635	0.70784481	0.86414617	0.6062896	0.7124146	0.67767653	0.76739188	0.59714481	0.68341161	0.72582459	0.61378783	0.45468612	0.49861086	0.61199631	0.72481005	0	0.56792164	0.65020101	0.68071446	0.66268532	0.67420254	0.61613482	0.57975369	0.45632741	0.60928939	0.70758567	0.71556404	0.72604944	0.73788809	0.56714506	0.5255091	0.75687941	0.61056182	0.62489366	0.53504879	0.64426492	0.62153302	0.44850715	0.53683007	0.73596166	0.55322416	0.60657388	0.75461684	0.76716081	0.73201659	0.5354575	0.65361466	0.79860116	0.420028	0.58035118	0.53885181	0.65493275	0.6853224	0.35868523	0.46843326	0.5126733	0.58676979	0.35581987	0.44092171	0.60011792	0.36154885	0.45249049	0.38309337	0.62585225	0.68168703	0.4530034	0.27243948	0.68995448	0.63679754	0.60077794	0.61339535	0.46315208	0.70714726	0.26180948	0.28416743	0.72128662	0.79852931	0.54962041	0.65402685	0.69169438	0.75371062	0.5368891	0.62071869	0.65813133	0.57560854	0.09346507	0.45597174	0.62383658	0.69430398	0.80623319	0.70431571	0.48493734	0.65016235	0.58833851	0.69721736	0.57215646	0.52002905	0.47352889	0.50817924	0.59644872	0.62650076	0.60151179	0.7338283	0.63486241	0.22992517	0.73832788	0.47510347	0.65147986	0.66137307	0.50918333	0.56373413	0.55671422	0.20777553	0.7497861	0.58549078	0.55809536	0.70765752	0.74098955	0.7427482	0.57937902	0.768262	0.7815788	0.42644459	0.6173816	0.33842871	0.53606001	0.58580343	0.084177029	0.30148623	0.41420122	0.56001229	0.25606154	0.20334452	0.51206064	0.19953983	0.38836929	0.59728558	0.60285805	0.6803644	0.41632606	0.13314019	0.56283554	0.50120204	0.54666063	0.45153358	0.42888373	0.76273225	0.76418029	0.59702342	0.44490485	0.4695622	0.2999557	0.69011136	0.48211553	-0.026424131	0.77045177	0.72977231	0.55055609	0.21741047	0.6430022	0.41180984	0.63328249	0.13915176	0.52302696	0.54766176	0.77176849
0.3437319	0.25912168	0.56696146	0.64466979	0.29130161	0.62526282	0.71643883	0.65238621	0.29974927	0.38963778	0.40035422	0.57581273	0.21155239	0.40686796	0.49951038	0.53936108	0.56792164	0	0.3740051	0.32712191	0.40589248	0.40816499	0.47707688	0.45107392	0.19258161	0.61431497	0.44753727	0.50574106	0.56368537	0.4814346	0.36853569	0.27288486	0.64386538	0.51198846	0.6323649	0.50927452	0.42727999	0.45210553	0.33101616	0.53448099	0.67623265	0.29070894	0.35577046	0.4475741	0.55765249	0.63433281	0.65361232	0.62454331	0.77651756	0.24479984	0.31096732	0.53075074	0.60140398	0.54988005	0.30510731	0.28881069	0.21478511	0.27247912	0.2857976	0.31209319	0.43749202	0.37346545	0.41489833	0.13794739	0.37664918	0.6144563	0.31077423	0.36404288	0.62251715	0.40008847	0.24146586	0.32026245	0.224949	0.63470331	0.2798713	0.10468914	0.55913111	0.52934093	0.28224254	0.61257455	0.75678574	0.63647372	0.099579025	0.27405833	0.32681681	0.69912778	-0.011856568	0.4167834	0.51819203	0.52463057	0.61463277	0.66056452	0.30861945	0.24106349	0.39193857	0.40997624	0.37625101	0.42447597	0.39458953	0.49192318	0.36232372	0.40997134	0.45435188	0.52802225	0.4458321	0.11294321	0.60631269	0.46268926	0.52695839	0.67762936	0.29476532	0.35614252	0.66559025	0.36896834	0.61422914	0.29779842	0.30535801	0.45203922	0.50312968	0.63402778	0.65907382	0.70955347	0.72156713	0.27946311	0.29712153	0.46750848	0.59583003	0.52731335	0.41721691	0.14113954	0.15239946	0.21555613	0.2190162	0.17750528	0.27211003	0.25081286	0.17655396	0.33944894	0.39633823	0.55730083	0.25592777	0.34155841	0.41501124	0.31058693	0.33284771	0.37267235	0.39513886	0.59049325	0.57608025	0.50427512	0.35390805	0.55785776	0.11091422	0.44267018	0.4337504	0.048268857	0.5675007	0.51324914	0.44176135	0.12461289	0.50031684	0.34057071	0.36804159	0.062944028	0.52982401	0.56841605	0.55647965
0.4660471	0.77239516	0.60635284	0.58927295	0.60486491	0.5643414	0.5414153	0.64529271	0.44529559	0.69149527	0.71560713	0.43560676	0.32821783	0.3501749	0.55917172	0.59608103	0.65020101	0.3740051	0	0.72732725	0.88229445	0.772237	0.67123774	0.4889267	0.39600601	0.62644978	0.81045239	0.59314975	0.54169423	0.78350073	0.47928781	0.6156514	0.54825787	0.51144413	0.43811002	0.43713722	0.6896028	0.6621633	0.30535054	0.37236275	0.65550218	0.62603321	0.52385085	0.78419688	0.57414841	0.71868044	0.39496956	0.53576117	0.59756648	0.48871853	0.76761605	0.55327677	0.59263884	0.74800458	0.35728533	0.65386342	0.75215921	0.81092455	0.66928872	0.68172793	0.88116245	0.29802741	0.49143289	0.46913748	0.71706032	0.634803	0.50049489	0.38983811	0.6415922	0.56746747	0.55178807	0.6837709	0.42975228	0.54474319	0.28718448	0.63511213	0.58372534	0.48643501	0.50436074	0.51599145	0.5446995	0.62471245	0.50044243	0.74615795	0.66478697	0.45493451	-0.055383486	0.41753626	0.66458715	0.53222037	0.61027834	0.46571784	0.91531084	0.72787414	0.9010794	0.76457482	0.61210086	0.45163781	0.43852995	0.57849801	0.68816006	0.55590698	0.52125349	0.79304866	0.64010701	0.21978396	0.51432261	0.30149948	0.49438656	0.6173868	0.72081081	0.50482294	0.40822034	0.083108903	0.6203983	0.64342444	0.43871611	0.78584666	0.55015701	0.77637549	0.41092554	0.66859001	0.60089447	0.66031778	0.77106115	0.50193406	0.47856335	0.67084718	0.28187332	0.5585837	0.7866286	0.76097306	0.62623996	0.61055142	0.79266968	0.079704333	0.36240983	0.55778957	0.79404758	0.64731509	0.5101283	0.36160655	0.58820397	0.43095367	0.59199956	0.65703241	0.42989403	0.5344497	0.75361931	0.52124867	0.56707013	0.41308677	0.29239378	0.71585941	0.4560606	0.040867909	0.67501542	0.65975053	0.47829246	0.26605985	0.58894604	0.23868183	0.70077217	0.17473499	0.52030207	0.38496663	0.66681588
0.44017278	0.45766994	0.7000972	0.59819392	0.40864977	0.48352065	0.5269499	0.70765879	0.3920615	0.61063707	0.94460213	0.41441385	0.34028536	0.27625878	0.46617064	0.60053793	0.68071446	0.32712191	0.72732725	0	0.72650502	0.91408063	0.50246379	0.40437325	0.28769937	0.62200998	0.8777941	0.63721023	0.56141452	0.76831396	0.38739146	0.41105727	0.60322616	0.46043713	0.33333427	0.40977989	0.5833488	0.51169023	0.36014581	0.30163201	0.69461002	0.38136352	0.51540801	0.89808757	0.63389107	0.76244568	0.35220871	0.59473497	0.60076502	0.26347645	0.66229969	0.4031562	0.60350428	0.62300175	0.26487846	0.58028086	0.44352839	0.7492177	0.50599593	0.53352027	0.76826481	0.18585263	0.40487785	0.38708111	0.7904036	0.62882203	0.64913436	0.342863	0.62179274	0.38059663	0.52472288	0.57856504	0.3292796	0.62846068	0.28393645	0.22886056	0.72587355	0.4756498	0.33206526	0.40554346	0.59010622	0.69196699	0.44897748	0.63732353	0.96021954	0.38225477	-0.014314411	0.31323989	0.497209	0.53849545	0.62660396	0.50258707	0.63198418	0.96720139	0.60887862	0.93463754	0.41367658	0.41312642	0.30626564	0.59078787	0.78313933	0.56334091	0.5052525	0.79414728	0.56403038	0.21967967	0.60921578	0.30101036	0.39223814	0.66496044	0.61663297	0.4320851	0.39743924	-0.067145196	0.71064502	0.41756848	0.41638996	0.88373337	0.61648663	0.74989118	0.37390695	0.69171825	0.62811642	0.35488344	0.6543286	0.28003258	0.5138863	0.55890524	0.17690335	0.35415652	0.52094204	0.7391885	0.44871438	0.35000588	0.69123786	-0.047695641	0.3625364	0.43364462	0.84478268	0.60213708	0.52198951	0.11790899	0.56865782	0.23972817	0.41886921	0.49218837	0.3321926	0.61599342	0.68366973	0.47509085	0.40700717	0.32274822	0.14797555	0.51160739	0.29387148	-0.15190922	0.66931751	0.6865268	0.50196716	0.13995363	0.53873209	0.25991495	0.53587885	-0.0023800035	0.46425844	0.44156352	0.72755469
0.4609909	0.84219466	0.60847871	0.62772525	0.56846307	0.53046601	0.53071132	0.65378151	0.42087482	0.63031714	0.70862069	0.43495843	0.30379089	0.34662607	0.58559944	0.59158306	0.66268532	0.40589248	0.88229445	0.72650502	0	0.78157457	0.63576507	0.45375302	0.39613813	0.61624425	0.80743857	0.59061626	0.58343204	0.67467052	0.49820286	0.55059682	0.56169959	0.44970649	0.39534461	0.35229523	0.73773484	0.57456434	0.25836969	0.32994445	0.67296667	0.69126457	0.45012857	0.78658008	0.57710806	0.66819331	0.36485946	0.54188471	0.62407671	0.49840414	0.79657712	0.64299582	0.55849524	0.69077692	0.33055877	0.77636451	0.78820447	0.88266712	0.56565179	0.68494703	0.86366403	0.37840974	0.39969724	0.48426968	0.60874444	0.62989351	0.58577003	0.50341105	0.72116586	0.51424112	0.42484659	0.67858752	0.32010678	0.52699883	0.29743769	0.68379848	0.60964113	0.47637564	0.44805087	0.45083606	0.5676138	0.64621171	0.44502187	0.60110881	0.6530553	0.45240154	-0.037558475	0.3446378	0.65827544	0.50106763	0.62914447	0.46874062	0.75062315	0.74098904	0.89569494	0.77813234	0.63122365	0.4631911	0.31960125	0.63410467	0.73762524	0.62695125	0.60316448	0.67543317	0.62712133	0.10598504	0.55558045	0.23930412	0.42745661	0.60638474	0.72673218	0.41458724	0.39580851	0.14823157	0.66218793	0.70512447	0.34346462	0.76842573	0.60368046	0.69823595	0.39085334	0.68025243	0.62518598	0.63167238	0.80788531	0.52780594	0.45400253	0.53348225	0.23615461	0.58887332	0.7971074	0.83288571	0.5726901	0.58376551	0.80067765	0.17275981	0.45506334	0.65650862	0.67340667	0.58988963	0.62683681	0.38722023	0.69779614	0.32911481	0.40231495	0.59708746	0.28527482	0.53743059	0.76864051	0.51626233	0.54187891	0.2925995	0.21610512	0.70782905	0.43277658	-0.010241296	0.65945369	0.66762443	0.47666211	0.23908919	0.5165699	0.20452114	0.70122243	0.13092544	0.46080512	0.44075801	0.68843962
0.45423165	0.52103991	0.74781838	0.70280907	0.4444702	0.5635604	0.61348622	0.75267794	0.39608355	0.66199174	0.92942328	0.47255078	0.30784634	0.29632439	0.51389031	0.63624433	0.67420254	0.40816499	0.772237	0.91408063	0.78157457	0	0.58471551	0.41465863	0.27710675	0.65347742	0.82369029	0.73805376	0.63120001	0.75086726	0.363936	0.41218248	0.62515318	0.43661092	0.35724148	0.40364327	0.5743964	0.49216083	0.37651999	0.35433049	0.76786273	0.49855853	0.45953562	0.94793299	0.74245424	0.82018923	0.38840933	0.60434157	0.70138287	0.25264365	0.77481486	0.46921236	0.67052682	0.69130766	0.33930582	0.52649011	0.54253425	0.73606012	0.47115161	0.46660124	0.86520931	0.2456638	0.4527742	0.36741785	0.80197407	0.71016574	0.60861789	0.34899924	0.65322471	0.44573899	0.45701085	0.55637417	0.26773137	0.62648573	0.26718479	0.31532904	0.75433253	0.61080951	0.38476909	0.50878054	0.64638389	0.73085909	0.39494033	0.66271862	0.89573357	0.48692948	-0.036689114	0.33067513	0.54682676	0.56652748	0.66264801	0.47159886	0.66914614	0.88040859	0.67870412	0.97318558	0.43203147	0.42224636	0.34451363	0.60242898	0.69643465	0.67069991	0.60943895	0.76710067	0.57931193	0.2272994	0.6320162	0.28836374	0.36649889	0.68013577	0.52055505	0.3815117	0.47396924	-0.037332654	0.76581456	0.5206653	0.33750015	0.95485109	0.7249383	0.827177	0.40744082	0.71983844	0.69291316	0.35892186	0.7608803	0.32796645	0.58598045	0.62931316	0.22969947	0.28472073	0.59716516	0.69384922	0.37927002	0.30181155	0.78228207	0.023212712	0.30530092	0.48668056	0.84670946	0.65528895	0.51340407	0.16571612	0.54854306	0.25650977	0.40278378	0.44362242	0.31441835	0.64605769	0.73065092	0.60074286	0.40178356	0.3922988	0.18815075	0.54734627	0.36023818	-0.1299243	0.7379989	0.67026566	0.5750342	0.10568882	0.56616163	0.24520376	0.65011897	0.066661734	0.48232598	0.52412666	0.76299812
